first,system:index,lat,lon
5.4061470003834374E-6,0,31.875,83.875
3.0214957010696568E-6,1,31.625,83.875
5.9468356041810545E-6,2,31.375,83.875
4.496580631020474E-6,3,31.125,83.875
5.636639510776947E-6,4,30.875,83.875
,5,30.625,83.875
2.4089558802546975E-6,6,30.375,83.875
1.7892150954988385E-5,7,30.125,83.875
9.18215609696151E-6,8,29.875,83.875
9.523728058478882E-6,9,29.625,83.875
7.687207327778024E-6,10,29.375,83.875
1.059871284373438E-5,11,29.125,83.875
1.4791051343399451E-5,12,28.875,83.875
1.1283563996465057E-5,13,28.625,83.875
2.9408200055985673E-5,14,28.375,83.875
3.342487837389184E-5,15,28.125,83.875
3.773369340851975E-5,16,27.875,83.875
4.3579134660831745E-5,17,27.625,83.875
,18,27.375,83.875
,19,27.125,83.875
4.682455521179587E-5,20,26.875,83.875
4.0550604001188376E-5,21,26.625,83.875
5.1367296823105284E-5,22,26.375,83.875
3.911563187119591E-5,23,26.125,83.875
3.468658405007541E-5,24,25.875,83.875
2.6864091033221687E-5,25,25.625,83.875
2.7169177348136482E-5,26,25.375,83.875
2.7691674191086113E-5,27,25.125,83.875
4.179514321681247E-5,28,24.875,83.875
4.2666673426238365E-5,29,24.625,83.875
3.827097998077335E-5,30,24.375,83.875
3.320818784946421E-5,31,24.125,83.875
4.313869775191473E-5,32,23.875,83.875
4.929844454768764E-5,33,23.625,83.875
3.912790801368766E-5,34,23.375,83.875
3.215064397245941E-5,35,23.125,83.875
3.1091211191941753E-5,36,22.875,83.875
3.2638890513701084E-5,37,22.625,83.875
3.76798164523302E-5,38,22.375,83.875
4.416284898272988E-5,39,22.125,83.875
7.799493333766677E-5,40,21.875,83.875
6.877035282582991E-5,41,21.625,83.875
3.364188848347257E-5,42,21.375,83.875
3.239337588471347E-5,43,21.125,83.875
3.7765468289782936E-5,44,20.875,83.875
3.645077608582506E-5,45,20.625,83.875
3.7756325741453195E-5,46,20.375,83.875
3.2160199981305594E-5,47,20.125,83.875
3.894182479868179E-5,48,19.875,83.875
4.1019329518615514E-5,49,19.625,83.875
3.430525488149365E-5,50,19.375,83.875
3.030037806087091E-5,51,19.125,83.875
3.502686150093804E-5,52,18.875,83.875
4.273773442139971E-5,53,18.625,83.875
4.805374230638511E-5,54,18.375,83.875
4.130799879948113E-5,55,18.125,83.875
3.7387341826579235E-5,56,17.875,83.875
3.8155957446671265E-5,57,17.625,83.875
3.757704320874849E-5,58,17.375,83.875
2.780046728194367E-5,59,17.125,83.875
2.589627758039406E-5,60,16.875,83.875
2.187112293624014E-5,61,16.625,83.875
1.9759043872364266E-5,62,16.375,83.875
1.7354154759100205E-5,63,16.125,83.875
1.5953211700963852E-5,64,15.875,83.875
1.6795455976578646E-5,65,15.625,83.875
1.7399512460944936E-5,66,15.375,83.875
1.8399123563189026E-5,67,15.125,83.875
1.958456748593792E-5,68,14.875,83.875
1.6150982174116217E-5,69,14.625,83.875
1.9840839971281898E-5,70,14.375,83.875
2.1131175323264534E-5,71,14.125,83.875
2.0827402315820624E-5,72,13.875,83.875
2.011994865953401E-5,73,13.625,83.875
2.128752676076184E-5,74,13.375,83.875
1.755595807217745E-5,75,13.125,83.875
1.772668311574688E-5,76,12.875,83.875
1.7405114986197085E-5,77,12.625,83.875
1.6724947284708707E-5,78,12.375,83.875
1.4198978272546524E-5,79,12.125,83.875
1.588955613136473E-5,80,11.875,83.875
1.8090256610868223E-5,81,11.625,83.875
1.6110567032910074E-5,82,11.375,83.875
1.550296906204554E-5,83,11.125,83.875
1.695684668648504E-5,84,10.875,83.875
1.5159434796430686E-5,85,10.625,83.875
1.413283682302582E-5,86,10.375,83.875
1.4288888152072447E-5,87,10.125,83.875
1.5545882601927705E-5,88,9.875,83.875
1.4534905169450975E-5,89,9.625,83.875
1.1971027552500194E-5,90,9.375,83.875
1.2270814759940563E-5,91,9.125,83.875
1.0699892915982416E-5,92,8.875,83.875
1.0778939080054288E-5,93,8.625,83.875
1.1293775209942817E-5,94,8.375,83.875
1.3836670529207566E-5,95,8.125,83.875
1.3303052385051039E-5,96,7.875,83.875
1.7337425557444088E-5,97,7.625,83.875
1.900419043751276E-5,98,7.375,83.875
2.023950010157717E-5,99,7.125,83.875
1.8291237930909883E-5,100,6.875,83.875
1.4738254711811483E-5,101,6.625,83.875
1.962913807731654E-5,102,6.375,83.875
,103,6.125,83.875
2.2033459379266994E-5,104,5.875,83.875
1.434198370367526E-5,105,5.625,83.875
1.54877206939645E-5,106,5.375,83.875
1.3414352125204804E-5,107,5.125,83.875
,108,4.875,83.875
,109,4.625,83.875
,110,4.375,83.875
1.028441325939891E-5,111,4.125,83.875
5.781986225837543E-6,112,3.875,83.875
6.3208707645933146E-6,113,3.625,83.875
1.171709211071468E-5,114,3.375,83.875
,115,3.125,83.875
,116,2.875,83.875
,117,2.625,83.875
,118,2.375,83.875
7.224247032872104E-6,119,2.125,83.875
1.117198298134854E-5,120,1.875,83.875
6.071755938974939E-6,121,1.625,83.875
5.391382065926774E-6,122,1.375,83.875
4.71171400692197E-6,123,1.125,83.875
7.721039201519465E-6,124,0.875,83.875
7.587628484077513E-6,125,0.625,83.875
5.598082651178739E-6,126,0.375,83.875
6.36455717858443E-6,127,0.125,83.875
4.962577588739588E-6,128,-0.125,83.875
4.77986381431161E-6,129,-0.375,83.875
6.059639801125001E-6,130,-0.625,83.875
4.6503674547835075E-6,131,-0.875,83.875
2.346670742384212E-6,132,-1.125,83.875
3.837864911715007E-6,133,-1.375,83.875
3.5421997880259097E-6,134,-1.625,83.875
4.609100363933142E-6,135,-1.875,83.875
3.991815645653036E-6,136,-2.125,83.875
2.1052872782861254E-6,137,-2.375,83.875
5.226765439411396E-6,138,-2.625,83.875
7.410184614203197E-6,139,-2.875,83.875
1.5088286805345484E-6,140,-3.125,83.875
6.997737590258948E-6,141,-3.375,83.875
7.013043213825518E-6,142,-3.625,83.875
7.110213132405276E-6,143,-3.875,83.875
7.878825059268621E-6,144,-4.125,83.875
5.863333363263657E-6,145,-4.375,83.875
8.317659114095746E-6,146,-4.625,83.875
6.093147520407936E-6,147,-4.875,83.875
6.900549248275588E-6,148,-5.125,83.875
5.681526474615107E-6,149,-5.375,83.875
7.640412900584537E-6,150,-5.625,83.875
,151,-5.875,83.875
,152,-6.125,83.875
2.2616045928462603E-6,153,-6.375,83.875
8.214424377128138E-6,154,-6.625,83.875
,155,-6.875,83.875
-1.132995285141124E-6,156,-7.125,83.875
2.8133784482166136E-6,157,-7.375,83.875
2.508031081163939E-6,158,-7.625,83.875
6.421321518467606E-6,159,-7.875,83.875
4.0092262489443655E-6,160,-8.125,83.875
8.68953814352399E-6,161,-8.375,83.875
,162,-8.625,83.875
,163,-8.875,83.875
,164,-9.125,83.875
,165,-9.375,83.875
,166,-9.625,83.875
,167,-9.875,83.875
,168,-10.125,83.875
,169,-10.375,83.875
,170,-10.625,83.875
,171,-10.875,83.875
3.6128973018623236E-6,172,-11.125,83.875
6.119233562010069E-6,173,-11.375,83.875
3.878672486475292E-6,174,-11.625,83.875
4.232798910453711E-6,175,-11.875,83.875
1.4434198868519323E-6,176,31.875,84.125
2.2287271859475997E-6,177,31.625,84.125
5.878927679532551E-6,178,31.375,84.125
9.279269320389057E-6,179,31.125,84.125
4.398316440819532E-6,180,30.875,84.125
,181,30.625,84.125
8.45050137598335E-6,182,30.375,84.125
1.2537284885870252E-7,183,30.125,84.125
8.538211385654422E-6,184,29.875,84.125
7.962013161045432E-6,185,29.625,84.125
1.1868598859397385E-5,186,29.375,84.125
1.1377916581312471E-5,187,29.125,84.125
7.258155142693265E-6,188,28.875,84.125
1.2811473838832729E-5,189,28.625,84.125
,190,28.375,84.125
3.262709111745771E-5,191,28.125,84.125
3.759355459536737E-5,192,27.875,84.125
,193,27.625,84.125
,194,27.375,84.125
,195,27.125,84.125
4.932148497191625E-5,196,26.875,84.125
3.8648900403939444E-5,197,26.625,84.125
3.725702870544278E-5,198,26.375,84.125
3.331551875507456E-5,199,26.125,84.125
3.0408556159685655E-5,200,25.875,84.125
2.477506247788344E-5,201,25.625,84.125
2.712579323389022E-5,202,25.375,84.125
3.009862913730193E-5,203,25.125,84.125
3.4374089202268944E-5,204,24.875,84.125
5.552417192591229E-5,205,24.625,84.125
4.311658511126311E-5,206,24.375,84.125
3.510068121307523E-5,207,24.125,84.125
3.0065412424481943E-5,208,23.875,84.125
5.645754692414611E-5,209,23.625,84.125
4.3653920926602586E-5,210,23.375,84.125
3.0242965107003486E-5,211,23.125,84.125
2.806529107924224E-5,212,22.875,84.125
3.2828405686374385E-5,213,22.625,84.125
2.97978080276178E-5,214,22.375,84.125
4.122629582323025E-5,215,22.125,84.125
6.111439167712559E-5,216,21.875,84.125
3.52206514482785E-5,217,21.625,84.125
3.494152674529161E-5,218,21.375,84.125
3.41187960620144E-5,219,21.125,84.125
3.279249641434846E-5,220,20.875,84.125
3.289802877675392E-5,221,20.625,84.125
3.330514723272422E-5,222,20.375,84.125
4.049298984174774E-5,223,20.125,84.125
3.650438936526174E-5,224,19.875,84.125
3.5531239289087015E-5,225,19.625,84.125
3.367172880597061E-5,226,19.375,84.125
2.00567439396275E-5,227,19.125,84.125
3.5515565607833276E-5,228,18.875,84.125
4.0476535371041455E-5,229,18.625,84.125
3.563086431344588E-5,230,18.375,84.125
3.276259294734722E-5,231,18.125,84.125
3.197854521880019E-5,232,17.875,84.125
3.213870763439604E-5,233,17.625,84.125
2.9358296912386668E-5,234,17.375,84.125
2.6540080506313272E-5,235,17.125,84.125
2.362520743144236E-5,236,16.875,84.125
2.079524866293657E-5,237,16.625,84.125
1.9925465748672048E-5,238,16.375,84.125
1.7574786431024728E-5,239,16.125,84.125
1.7067516911927017E-5,240,15.875,84.125
1.680602292610857E-5,241,15.625,84.125
1.3413401020442712E-5,242,15.375,84.125
1.702140330653872E-5,243,15.125,84.125
1.6241329661164533E-5,244,14.875,84.125
1.7476700936012872E-5,245,14.625,84.125
1.8293084138330406E-5,246,14.375,84.125
1.9049176746567303E-5,247,14.125,84.125
2.1902717213541163E-5,248,13.875,84.125
1.9259972743448657E-5,249,13.625,84.125
1.863391827250765E-5,250,13.375,84.125
1.901612731586499E-5,251,13.125,84.125
1.767515431423144E-5,252,12.875,84.125
1.9194902408967128E-5,253,12.625,84.125
1.7007427901166355E-5,254,12.375,84.125
1.886381683262251E-5,255,12.125,84.125
1.7859357319557145E-5,256,11.875,84.125
1.6551526953037084E-5,257,11.625,84.125
1.5116199143103154E-5,258,11.375,84.125
1.7270303560180382E-5,259,11.125,84.125
1.448636894660096E-5,260,10.875,84.125
1.4043373658468686E-5,261,10.625,84.125
1.2100526518216742E-5,262,10.375,84.125
1.4114399849798724E-5,263,10.125,84.125
1.4571193520398914E-5,264,9.875,84.125
1.6873236635403207E-5,265,9.625,84.125
1.5484031744820297E-5,266,9.375,84.125
1.461207316979236E-5,267,9.125,84.125
1.5485018272679714E-5,268,8.875,84.125
1.5617733965580604E-5,269,8.625,84.125
1.4974315307145578E-5,270,8.375,84.125
1.7553334527255E-5,271,8.125,84.125
1.6612250410659845E-5,272,7.875,84.125
1.5559509896039496E-5,273,7.625,84.125
1.5431349316320832E-5,274,7.375,84.125
1.5595173214169417E-5,275,7.125,84.125
1.4815152212821187E-5,276,6.875,84.125
1.6460275956935737E-5,277,6.625,84.125
1.4810597848628361E-5,278,6.375,84.125
1.2537112881086176E-5,279,6.125,84.125
2.4133395098497892E-5,280,5.875,84.125
7.696841396485205E-6,281,5.625,84.125
1.238620524831914E-5,282,5.375,84.125
1.5829075428902816E-5,283,5.125,84.125
,284,4.875,84.125
,285,4.625,84.125
,286,4.375,84.125
6.745181991985504E-6,287,4.125,84.125
1.0767050209845418E-5,288,3.875,84.125
6.897533320982155E-6,289,3.625,84.125
1.074257850111339E-5,290,3.375,84.125
,291,3.125,84.125
,292,2.875,84.125
,293,2.625,84.125
,294,2.375,84.125
4.860202989404014E-6,295,2.125,84.125
6.666623956194838E-6,296,1.875,84.125
7.3979519427218725E-6,297,1.625,84.125
9.516400698923359E-6,298,1.375,84.125
4.497321089613173E-6,299,1.125,84.125
8.281327779412012E-6,300,0.875,84.125
6.278339530935086E-6,301,0.625,84.125
3.162198558037989E-6,302,0.375,84.125
5.296370119422913E-6,303,0.125,84.125
5.303217376438643E-6,304,-0.125,84.125
1.2225320167694537E-5,305,-0.375,84.125
4.222958976900849E-6,306,-0.625,84.125
6.358184678080412E-6,307,-0.875,84.125
6.901086301859308E-6,308,-1.125,84.125
4.3091535549226925E-6,309,-1.375,84.125
4.549723958948283E-6,310,-1.625,84.125
2.770224172445768E-6,311,-1.875,84.125
5.4179824481080555E-6,312,-2.125,84.125
4.650240324805571E-6,313,-2.375,84.125
6.7436561098632005E-6,314,-2.625,84.125
5.2899224709257625E-6,315,-2.875,84.125
6.690822963205486E-6,316,-3.125,84.125
2.851598581924517E-6,317,-3.375,84.125
9.691072288887481E-6,318,-3.625,84.125
5.396159687798528E-6,319,-3.875,84.125
6.722271602833015E-6,320,-4.125,84.125
6.834482109516708E-6,321,-4.375,84.125
9.289602331387162E-6,322,-4.625,84.125
8.055871964415392E-6,323,-4.875,84.125
4.93478198324906E-6,324,-5.125,84.125
3.1700047667857415E-6,325,-5.375,84.125
-5.0407569733683854E-8,326,-5.625,84.125
3.7628645209087296E-6,327,-5.875,84.125
4.123738970592771E-6,328,-6.125,84.125
,329,-6.375,84.125
,330,-6.625,84.125
,331,-6.875,84.125
2.1500154452314807E-6,332,-7.125,84.125
6.26644987879585E-6,333,-7.375,84.125
7.12653357655007E-6,334,-7.625,84.125
2.0008583350998545E-6,335,-7.875,84.125
8.815119212594274E-6,336,-8.125,84.125
,337,-8.375,84.125
,338,-8.625,84.125
,339,-8.875,84.125
,340,-9.125,84.125
,341,-9.375,84.125
,342,-9.625,84.125
,343,-9.875,84.125
,344,-10.125,84.125
,345,-10.375,84.125
,346,-10.625,84.125
,347,-10.875,84.125
5.908231161168371E-6,348,-11.125,84.125
,349,-11.375,84.125
4.3745322832669896E-6,350,-11.625,84.125
7.999207792744919E-6,351,-11.875,84.125
2.152362021650134E-6,352,31.875,84.375
-1.6164558172274678E-6,353,31.625,84.375
1.9488762655620113E-6,354,31.375,84.375
2.378538881857174E-6,355,31.125,84.375
8.286939913946517E-7,356,30.875,84.375
4.301502984010159E-6,357,30.625,84.375
-7.146307400631739E-6,358,30.375,84.375
-3.7863507202723226E-6,359,30.125,84.375
2.9831023915934874E-6,360,29.875,84.375
5.296846866491664E-6,361,29.625,84.375
7.161100492065838E-6,362,29.375,84.375
6.782240519276877E-6,363,29.125,84.375
1.1882004118978027E-5,364,28.875,84.375
,365,28.625,84.375
,366,28.375,84.375
3.28401361062895E-5,367,28.125,84.375
4.117065236700845E-5,368,27.875,84.375
,369,27.625,84.375
4.149148660008006E-5,370,27.375,84.375
,371,27.125,84.375
4.442816986850438E-5,372,26.875,84.375
3.8864088072431244E-5,373,26.625,84.375
3.0610948526138906E-5,374,26.375,84.375
3.448359379214827E-5,375,26.125,84.375
2.981589488159675E-5,376,25.875,84.375
2.381382412685642E-5,377,25.625,84.375
2.9783176239369313E-5,378,25.375,84.375
2.8629592571504286E-5,379,25.125,84.375
2.760463544529402E-5,380,24.875,84.375
2.763879771634243E-5,381,24.625,84.375
3.523182640714131E-5,382,24.375,84.375
3.87106445363375E-5,383,24.125,84.375
3.744747863285067E-5,384,23.875,84.375
5.499822568662504E-5,385,23.625,84.375
4.42752183246549E-5,386,23.375,84.375
4.147652009225385E-5,387,23.125,84.375
2.8055729818016833E-5,388,22.875,84.375
2.8902762406351046E-5,389,22.625,84.375
3.1021525475025465E-5,390,22.375,84.375
3.62846520292537E-5,391,22.125,84.375
3.300598590999149E-5,392,21.875,84.375
3.621850668759701E-5,393,21.625,84.375
3.407786756461703E-5,394,21.375,84.375
3.411634871816072E-5,395,21.125,84.375
3.096733070782967E-5,396,20.875,84.375
3.4256416436163946E-5,397,20.625,84.375
3.643637335149743E-5,398,20.375,84.375
3.4346622206843E-5,399,20.125,84.375
4.279120364047497E-5,400,19.875,84.375
3.75232648656764E-5,401,19.625,84.375
3.3087767471751525E-5,402,19.375,84.375
2.7706741838833274E-5,403,19.125,84.375
3.423102227909961E-5,404,18.875,84.375
3.208453179837228E-5,405,18.625,84.375
3.171670771332627E-5,406,18.375,84.375
2.8167727854652278E-5,407,18.125,84.375
2.7672833270266815E-5,408,17.875,84.375
2.6077421231032027E-5,409,17.625,84.375
2.555696988898035E-5,410,17.375,84.375
2.5638391228577205E-5,411,17.125,84.375
2.3990217343655567E-5,412,16.875,84.375
,413,16.625,84.375
,414,16.375,84.375
2.0174751730821007E-5,415,16.125,84.375
2.0174751574909008E-5,416,15.875,84.375
1.5983839621548576E-5,417,15.625,84.375
1.4307095903900902E-5,418,15.375,84.375
1.4969602812629666E-5,419,15.125,84.375
1.6320359097549632E-5,420,14.875,84.375
1.89181969091197E-5,421,14.625,84.375
1.9045882107918727E-5,422,14.375,84.375
1.889900374958632E-5,423,14.125,84.375
1.7216019515982708E-5,424,13.875,84.375
2.237462967363002E-5,425,13.625,84.375
2.0887443978121088E-5,426,13.375,84.375
1.8460815323615577E-5,427,13.125,84.375
1.6931320802382916E-5,428,12.875,84.375
1.7134333533531505E-5,429,12.625,84.375
1.6458083593717354E-5,430,12.375,84.375
1.795570814557352E-5,431,12.125,84.375
1.8839525328291237E-5,432,11.875,84.375
1.501473883476955E-5,433,11.625,84.375
1.8695849640902867E-5,434,11.375,84.375
1.8558237034814825E-5,435,11.125,84.375
1.912760848767406E-5,436,10.875,84.375
1.8023756384446877E-5,437,10.625,84.375
1.3886308318534529E-5,438,10.375,84.375
1.6411574307596453E-5,439,10.125,84.375
1.4323235000131688E-5,440,9.875,84.375
1.234981421645335E-5,441,9.625,84.375
1.22681249810465E-5,442,9.375,84.375
1.3556760161485685E-5,443,9.125,84.375
1.4217394089176707E-5,444,8.875,84.375
1.4904453637160606E-5,445,8.625,84.375
1.1180447124954887E-5,446,8.375,84.375
1.6672302752402835E-5,447,8.125,84.375
1.7202705756245636E-5,448,7.875,84.375
1.7083655774099552E-5,449,7.625,84.375
1.6455483642763527E-5,450,7.375,84.375
1.4980176407559486E-5,451,7.125,84.375
1.629573967312884E-5,452,6.875,84.375
1.6059263041753682E-5,453,6.625,84.375
1.4198976300606423E-5,454,6.375,84.375
2.364907888468295E-5,455,6.125,84.375
,456,5.875,84.375
9.518982233721192E-6,457,5.625,84.375
1.1918443443462282E-5,458,5.375,84.375
1.1502077965707654E-5,459,5.125,84.375
,460,4.875,84.375
,461,4.625,84.375
,462,4.375,84.375
6.459293970177591E-6,463,4.125,84.375
7.944707805447757E-6,464,3.875,84.375
8.858141233777722E-6,465,3.625,84.375
1.3194535194442864E-5,466,3.375,84.375
,467,3.125,84.375
,468,2.875,84.375
,469,2.625,84.375
,470,2.375,84.375
4.851033778015834E-6,471,2.125,84.375
7.082406838642208E-6,472,1.875,84.375
7.126124259602908E-6,473,1.625,84.375
5.2565983495790805E-6,474,1.375,84.375
6.5348016516720155E-6,475,1.125,84.375
6.27076564411058E-6,476,0.875,84.375
6.034414791201167E-6,477,0.625,84.375
3.896868325436624E-6,478,0.375,84.375
4.636769835095443E-6,479,0.125,84.375
6.320814620983824E-6,480,-0.125,84.375
1.524522112864182E-5,481,-0.375,84.375
3.867534267083866E-6,482,-0.625,84.375
3.8116635642694313E-6,483,-0.875,84.375
-5.46414476407241E-7,484,-1.125,84.375
1.6121761527338224E-6,485,-1.375,84.375
3.384401738900776E-6,486,-1.625,84.375
5.8976442197542215E-6,487,-1.875,84.375
5.3294147465714365E-6,488,-2.125,84.375
5.264194096362927E-6,489,-2.375,84.375
4.13857097834349E-6,490,-2.625,84.375
8.388855110726221E-6,491,-2.875,84.375
6.5159973537213316E-6,492,-3.125,84.375
3.755649546195967E-6,493,-3.375,84.375
5.56097267181863E-6,494,-3.625,84.375
8.62751082145E-6,495,-3.875,84.375
7.972212317091074E-6,496,-4.125,84.375
1.0035725043517603E-5,497,-4.375,84.375
8.77671065723981E-6,498,-4.625,84.375
5.983345614250789E-6,499,-4.875,84.375
6.018966495471948E-6,500,-5.125,84.375
5.07845854574093E-6,501,-5.375,84.375
6.4367619926474755E-6,502,-5.625,84.375
3.904513843855562E-6,503,-5.875,84.375
2.7108182665780516E-6,504,-6.125,84.375
1.0083990532741907E-5,505,-6.375,84.375
,506,-6.625,84.375
,507,-6.875,84.375
5.031735762831646E-6,508,-7.125,84.375
3.698431053954069E-6,509,-7.375,84.375
6.7344271263114445E-6,510,-7.625,84.375
3.0751534358206377E-6,511,-7.875,84.375
8.205883085043005E-6,512,-8.125,84.375
,513,-8.375,84.375
,514,-8.625,84.375
,515,-8.875,84.375
,516,-9.125,84.375
,517,-9.375,84.375
,518,-9.625,84.375
,519,-9.875,84.375
,520,-10.125,84.375
,521,-10.375,84.375
,522,-10.625,84.375
,523,-10.875,84.375
7.178311866283329E-7,524,-11.125,84.375
1.1279767058521567E-5,525,-11.375,84.375
4.871859054332325E-6,526,-11.625,84.375
6.480528898606925E-6,527,-11.875,84.375
5.699036938975367E-7,528,31.875,84.625
3.412390549907568E-6,529,31.625,84.625
1.6801310101922734E-6,530,31.375,84.625
4.930606512100853E-6,531,31.125,84.625
5.323787617644877E-6,532,30.875,84.625
3.7109790287818206E-6,533,30.625,84.625
,534,30.375,84.625
-1.575522030583636E-7,535,30.125,84.625
4.505932748259183E-6,536,29.875,84.625
,537,29.625,84.625
,538,29.375,84.625
1.0393816235620045E-5,539,29.125,84.625
9.06606797224683E-6,540,28.875,84.625
1.3240162633137101E-5,541,28.625,84.625
1.3165369704321663E-5,542,28.375,84.625
3.313248857517131E-5,543,28.125,84.625
3.4021664618277105E-5,544,27.875,84.625
4.815341310995804E-5,545,27.625,84.625
4.061597835586945E-5,546,27.375,84.625
,547,27.125,84.625
4.7948649153569544E-5,548,26.875,84.625
3.8410930636191556E-5,549,26.625,84.625
3.651549784951418E-5,550,26.375,84.625
2.6167567738781462E-5,551,26.125,84.625
2.5952097101762942E-5,552,25.875,84.625
3.1770340453865474E-5,553,25.625,84.625
2.9122351330614276E-5,554,25.375,84.625
2.1499590290046154E-5,555,25.125,84.625
1.9179505484480564E-5,556,24.875,84.625
2.922727247998496E-5,557,24.625,84.625
2.9914414586732358E-5,558,24.375,84.625
3.84919317837096E-5,559,24.125,84.625
3.3260190942937036E-5,560,23.875,84.625
4.1336542344789126E-5,561,23.625,84.625
3.2240788030921356E-5,562,23.375,84.625
3.093365133021216E-5,563,23.125,84.625
3.164864022463028E-5,564,22.875,84.625
3.1262363725568375E-5,565,22.625,84.625
4.026652458845937E-5,566,22.375,84.625
3.3859404299450197E-5,567,22.125,84.625
2.8883014204922064E-5,568,21.875,84.625
3.750688923774598E-5,569,21.625,84.625
4.092287757521575E-5,570,21.375,84.625
4.693689257549231E-5,571,21.125,84.625
4.433517146762681E-5,572,20.875,84.625
4.676244412037714E-5,573,20.625,84.625
3.651825023182458E-5,574,20.375,84.625
3.5132797461229235E-5,575,20.125,84.625
3.889372859130615E-5,576,19.875,84.625
3.9901329453195915E-5,577,19.625,84.625
3.7058476433666326E-5,578,19.375,84.625
3.198250114715695E-5,579,19.125,84.625
2.805038759258972E-5,580,18.875,84.625
2.675532165868753E-5,581,18.625,84.625
2.4551604345601092E-5,582,18.375,84.625
2.7210189504295592E-5,583,18.125,84.625
2.2799898148235848E-5,584,17.875,84.625
2.271615947784948E-5,585,17.625,84.625
2.538441378670252E-5,586,17.375,84.625
2.1183477432194033E-5,587,17.125,84.625
2.0841926043194417E-5,588,16.875,84.625
,589,16.625,84.625
,590,16.375,84.625
,591,16.125,84.625
,592,15.875,84.625
,593,15.625,84.625
,594,15.375,84.625
,595,15.125,84.625
,596,14.875,84.625
1.77932196274216E-5,597,14.625,84.625
1.827231142073219E-5,598,14.375,84.625
1.6157481442269275E-5,599,14.125,84.625
1.908060567527365E-5,600,13.875,84.625
1.917745605679811E-5,601,13.625,84.625
1.672484261073332E-5,602,13.375,84.625
1.9709114437867498E-5,603,13.125,84.625
1.5961788768144084E-5,604,12.875,84.625
1.8917255382419346E-5,605,12.625,84.625
1.8744484589095368E-5,606,12.375,84.625
1.744416310298276E-5,607,12.125,84.625
1.5665141686368025E-5,608,11.875,84.625
1.5279299947322358E-5,609,11.625,84.625
1.3718613019568828E-5,610,11.375,84.625
1.7167989224258602E-5,611,11.125,84.625
1.821078555893397E-5,612,10.875,84.625
1.337152847317018E-5,613,10.625,84.625
1.133249434368827E-5,614,10.375,84.625
1.4973996145681503E-5,615,10.125,84.625
1.3169647110657802E-5,616,9.875,84.625
1.2648009646508769E-5,617,9.625,84.625
1.2300984711017175E-5,618,9.375,84.625
1.3455766644092418E-5,619,9.125,84.625
1.3386770535702432E-5,620,8.875,84.625
1.2574386632752591E-5,621,8.625,84.625
1.2198317587000685E-5,622,8.375,84.625
1.5235658340001706E-5,623,8.125,84.625
1.4056109886806791E-5,624,7.875,84.625
1.3664831600099915E-5,625,7.625,84.625
1.623494973985404E-5,626,7.375,84.625
1.3769706800399478E-5,627,7.125,84.625
1.5348993926334624E-5,628,6.875,84.625
1.3784729616252984E-5,629,6.625,84.625
1.9458212609244835E-5,630,6.375,84.625
1.7020487912053028E-5,631,6.125,84.625
1.644682424593401E-5,632,5.875,84.625
1.8310624988423572E-5,633,5.625,84.625
5.074802607442835E-6,634,5.375,84.625
1.0146401653846836E-5,635,5.125,84.625
1.6206006400310935E-5,636,4.875,84.625
,637,4.625,84.625
,638,4.375,84.625
,639,4.125,84.625
,640,3.875,84.625
1.0971110873787633E-5,641,3.625,84.625
1.0971110906020086E-5,642,3.375,84.625
3.939434506809912E-6,643,3.125,84.625
6.54038005049367E-6,644,2.875,84.625
,645,2.625,84.625
,646,2.375,84.625
5.617590727217259E-6,647,2.125,84.625
9.568955500869226E-6,648,1.875,84.625
4.159601612091669E-6,649,1.625,84.625
3.825249887587711E-6,650,1.375,84.625
8.91417206402999E-6,651,1.125,84.625
5.323982746775576E-6,652,0.875,84.625
7.557697633830508E-6,653,0.625,84.625
2.7553426998074423E-6,654,0.375,84.625
4.605461618883777E-6,655,0.125,84.625
5.953424695290046E-6,656,-0.125,84.625
,657,-0.375,84.625
,658,-0.625,84.625
2.71714655318198E-6,659,-0.875,84.625
8.50395808134674E-6,660,-1.125,84.625
1.069980647948926E-6,661,-1.375,84.625
6.022526019334445E-6,662,-1.625,84.625
5.760055107518952E-6,663,-1.875,84.625
4.089891908944633E-6,664,-2.125,84.625
4.446602542714596E-6,665,-2.375,84.625
3.3439387769382897E-6,666,-2.625,84.625
5.310681184369691E-6,667,-2.875,84.625
4.4060049971449875E-6,668,-3.125,84.625
6.812423780522104E-6,669,-3.375,84.625
6.608155435263498E-6,670,-3.625,84.625
6.97745712095464E-6,671,-3.875,84.625
9.593474662889378E-6,672,-4.125,84.625
1.019274580815723E-5,673,-4.375,84.625
8.0336964564705E-6,674,-4.625,84.625
5.611006000480188E-6,675,-4.875,84.625
5.506595472596031E-6,676,-5.125,84.625
2.5118329658953264E-6,677,-5.375,84.625
4.130664303755312E-6,678,-5.625,84.625
1.7884864652173061E-6,679,-5.875,84.625
8.706124775344105E-7,680,-6.125,84.625
3.296475617780379E-6,681,-6.375,84.625
,682,-6.625,84.625
,683,-6.875,84.625
4.973902623370585E-6,684,-7.125,84.625
1.3282351021869939E-6,685,-7.375,84.625
6.897324846214678E-6,686,-7.625,84.625
4.999000139878331E-6,687,-7.875,84.625
,688,-8.125,84.625
,689,-8.375,84.625
,690,-8.625,84.625
,691,-8.875,84.625
,692,-9.125,84.625
,693,-9.375,84.625
,694,-9.625,84.625
,695,-9.875,84.625
,696,-10.125,84.625
,697,-10.375,84.625
,698,-10.625,84.625
6.09421723022925E-6,699,-10.875,84.625
-8.191706854968433E-7,700,-11.125,84.625
6.7202544874944974E-6,701,-11.375,84.625
6.987115181124367E-6,702,-11.625,84.625
6.746780402730157E-6,703,-11.875,84.625
9.884469491757927E-7,704,31.875,84.875
1.2276920531285243E-6,705,31.625,84.875
2.9511489989359397E-6,706,31.375,84.875
1.1630660486096376E-6,707,31.125,84.875
4.019954081410303E-6,708,30.875,84.875
1.2093341202656722E-6,709,30.625,84.875
-2.1829358886783568E-7,710,30.375,84.875
-8.140376683384867E-8,711,30.125,84.875
7.363469589405695E-6,712,29.875,84.875
2.800585086635684E-6,713,29.625,84.875
2.8632082224088627E-6,714,29.375,84.875
6.590133254221698E-6,715,29.125,84.875
6.905133609386701E-6,716,28.875,84.875
1.2232691314630669E-5,717,28.625,84.875
1.4580481953770007E-5,718,28.375,84.875
3.2274455095752956E-5,719,28.125,84.875
4.306207409585749E-5,720,27.875,84.875
4.812639640419978E-5,721,27.625,84.875
4.003458282952331E-5,722,27.375,84.875
2.998832670210007E-5,723,27.125,84.875
4.594577074099836E-5,724,26.875,84.875
3.685336161775873E-5,725,26.625,84.875
3.772107792152799E-5,726,26.375,84.875
2.6305235061837782E-5,727,26.125,84.875
2.7028801537999482E-5,728,25.875,84.875
3.374532376541002E-5,729,25.625,84.875
2.9118448489426743E-5,730,25.375,84.875
1.5121009263064545E-5,731,25.125,84.875
2.100645728574586E-5,732,24.875,84.875
2.014414396765153E-5,733,24.625,84.875
3.16713805664938E-5,734,24.375,84.875
3.830637622111658E-5,735,24.125,84.875
3.070598404534899E-5,736,23.875,84.875
4.074816273825479E-5,737,23.625,84.875
3.3352228654600566E-5,738,23.375,84.875
3.5722032565806207E-5,739,23.125,84.875
2.884864887513793E-5,740,22.875,84.875
2.8728104409143156E-5,741,22.625,84.875
4.390173091754151E-5,742,22.375,84.875
4.428464384138947E-5,743,22.125,84.875
3.141341710816175E-5,744,21.875,84.875
4.016946134183316E-5,745,21.625,84.875
5.44149571317208E-5,746,21.375,84.875
1.0481587731329678E-4,747,21.125,84.875
7.721255485730022E-5,748,20.875,84.875
5.2252333335892106E-5,749,20.625,84.875
4.050864913477238E-5,750,20.375,84.875
3.806757026460721E-5,751,20.125,84.875
4.145695920842788E-5,752,19.875,84.875
4.0434716894982545E-5,753,19.625,84.875
3.336285031995442E-5,754,19.375,84.875
3.107766078406844E-5,755,19.125,84.875
2.775813650654407E-5,756,18.875,84.875
2.5275894725190067E-5,757,18.625,84.875
2.3040847251024133E-5,758,18.375,84.875
2.0774321724705675E-5,759,18.125,84.875
1.9643564210271343E-5,760,17.875,84.875
2.1455140735148406E-5,761,17.625,84.875
1.8530839279102397E-5,762,17.375,84.875
2.129629296897557E-5,763,17.125,84.875
1.8981618965055046E-5,764,16.875,84.875
,765,16.625,84.875
,766,16.375,84.875
,767,16.125,84.875
,768,15.875,84.875
,769,15.625,84.875
,770,15.375,84.875
,771,15.125,84.875
,772,14.875,84.875
,773,14.625,84.875
2.1692941620923752E-5,774,14.375,84.875
2.1007598876188743E-5,775,14.125,84.875
1.7977666974692297E-5,776,13.875,84.875
1.966563246368704E-5,777,13.625,84.875
2.1546271304774033E-5,778,13.375,84.875
2.0047991315573895E-5,779,13.125,84.875
2.0364713825020882E-5,780,12.875,84.875
1.8256802469823443E-5,781,12.625,84.875
1.722249444522109E-5,782,12.375,84.875
1.1684086304042584E-5,783,12.125,84.875
1.4951626505709814E-5,784,11.875,84.875
1.2422515874751199E-5,785,11.625,84.875
1.583308355687801E-5,786,11.375,84.875
1.7492886668063022E-5,787,11.125,84.875
1.70397063812919E-5,788,10.875,84.875
1.2361823101881435E-5,789,10.625,84.875
1.5703574831872073E-5,790,10.375,84.875
1.6765761677221918E-5,791,10.125,84.875
1.538231046545422E-5,792,9.875,84.875
1.152602262554253E-5,793,9.625,84.875
1.1399834041175083E-5,794,9.375,84.875
1.2360401929353156E-5,795,9.125,84.875
1.1932983931087971E-5,796,8.875,84.875
1.2336181919973108E-5,797,8.625,84.875
1.4442643743988976E-5,798,8.375,84.875
1.4669445973205158E-5,799,8.125,84.875
1.3909247647029128E-5,800,7.875,84.875
1.324070953549105E-5,801,7.625,84.875
1.4679761640514483E-5,802,7.375,84.875
1.2256398212482297E-5,803,7.125,84.875
1.2150581411722814E-5,804,6.875,84.875
1.327932411179868E-5,805,6.625,84.875
1.3774061214268958E-5,806,6.375,84.875
9.28679478089587E-6,807,6.125,84.875
1.3071871464741635E-5,808,5.875,84.875
2.0121687698760608E-5,809,5.625,84.875
9.257301560070504E-6,810,5.375,84.875
1.3425326487308474E-5,811,5.125,84.875
8.930574020847735E-6,812,4.875,84.875
,813,4.625,84.875
,814,4.375,84.875
,815,4.125,84.875
-2.7240136875428523E-6,816,3.875,84.875
7.513325413253791E-6,817,3.625,84.875
6.982663766776651E-6,818,3.375,84.875
3.114117717702659E-6,819,3.125,84.875
7.76096599912058E-6,820,2.875,84.875
2.987675525185074E-6,821,2.625,84.875
8.685176523591704E-6,822,2.375,84.875
7.312545080315901E-6,823,2.125,84.875
8.602551445017022E-6,824,1.875,84.875
3.696683904274192E-6,825,1.625,84.875
1.046852941610781E-5,826,1.375,84.875
5.370183797551009E-6,827,1.125,84.875
3.998427114718234E-6,828,0.875,84.875
8.494663716119386E-6,829,0.625,84.875
6.106316482676451E-6,830,0.375,84.875
4.60706810269812E-6,831,0.125,84.875
5.01658371672592E-6,832,-0.125,84.875
,833,-0.375,84.875
,834,-0.625,84.875
3.076400945948836E-7,835,-0.875,84.875
6.8850316235887245E-6,836,-1.125,84.875
1.4842813034677479E-6,837,-1.375,84.875
1.5755808026725853E-6,838,-1.625,84.875
5.082023023710028E-6,839,-1.875,84.875
6.916265506499115E-6,840,-2.125,84.875
6.606028106489626E-6,841,-2.375,84.875
6.0690831358218045E-6,842,-2.625,84.875
4.058891146853963E-6,843,-2.875,84.875
8.269926465243078E-6,844,-3.125,84.875
8.896385383245875E-6,845,-3.375,84.875
4.634976394883598E-6,846,-3.625,84.875
6.763683558133273E-6,847,-3.875,84.875
7.51446471826531E-6,848,-4.125,84.875
7.828612255672492E-6,849,-4.375,84.875
6.1513012281073586E-6,850,-4.625,84.875
6.9066435184235205E-6,851,-4.875,84.875
3.876477199848544E-6,852,-5.125,84.875
6.709975154651268E-6,853,-5.375,84.875
1.4591025693840708E-6,854,-5.625,84.875
1.304829411532081E-7,855,-5.875,84.875
,856,-6.125,84.875
5.129079244293126E-6,857,-6.375,84.875
,858,-6.625,84.875
5.149506114807445E-6,859,-6.875,84.875
6.754118676354737E-6,860,-7.125,84.875
2.5068271897522683E-6,861,-7.375,84.875
7.153902146157927E-6,862,-7.625,84.875
4.134819319986755E-6,863,-7.875,84.875
1.7514772248165932E-6,864,-8.125,84.875
1.157434640924601E-5,865,-8.375,84.875
,866,-8.625,84.875
,867,-8.875,84.875
,868,-9.125,84.875
,869,-9.375,84.875
,870,-9.625,84.875
,871,-9.875,84.875
,872,-10.125,84.875
,873,-10.375,84.875
,874,-10.625,84.875
4.570942186416024E-6,875,-10.875,84.875
2.155689799339986E-6,876,-11.125,84.875
5.750333700804776E-6,877,-11.375,84.875
8.961545529578218E-6,878,-11.625,84.875
7.4596708238865806E-6,879,-11.875,84.875
3.0768114387222575E-6,880,31.875,85.125
-1.8881727034499945E-6,881,31.625,85.125
-1.3164110847930193E-6,882,31.375,85.125
2.695496543445658E-6,883,31.125,85.125
-6.94768588430332E-7,884,30.875,85.125
-2.0959997021675528E-6,885,30.625,85.125
2.6179524045094953E-6,886,30.375,85.125
-1.489452126348046E-6,887,30.125,85.125
8.767705635766277E-6,888,29.875,85.125
1.241020377087789E-5,889,29.625,85.125
,890,29.375,85.125
,891,29.125,85.125
,892,28.875,85.125
,893,28.625,85.125
1.2019182443457771E-5,894,28.375,85.125
1.7585721502530842E-5,895,28.125,85.125
,896,27.875,85.125
,897,27.625,85.125
4.1532242897195245E-5,898,27.375,85.125
4.153224222165836E-5,899,27.125,85.125
3.667310195323424E-5,900,26.875,85.125
3.487635448359124E-5,901,26.625,85.125
2.8419082385298236E-5,902,26.375,85.125
2.591433593986787E-5,903,26.125,85.125
3.434766863835402E-5,904,25.875,85.125
3.2148040314504594E-5,905,25.625,85.125
2.586359493376674E-5,906,25.375,85.125
1.7569864140795457E-5,907,25.125,85.125
2.060612945517334E-5,908,24.875,85.125
2.365408965846185E-5,909,24.625,85.125
3.960318630841358E-5,910,24.375,85.125
3.615630534295735E-5,911,24.125,85.125
4.676262915146342E-5,912,23.875,85.125
5.574264800500746E-5,913,23.625,85.125
3.6449116154665214E-5,914,23.375,85.125
3.776847468926092E-5,915,23.125,85.125
4.380370788518158E-5,916,22.875,85.125
3.962631860215665E-5,917,22.625,85.125
4.7981820167427294E-5,918,22.375,85.125
3.876989680307254E-5,919,22.125,85.125
3.4465602376196554E-5,920,21.875,85.125
3.676586920677496E-5,921,21.625,85.125
4.389122360063555E-5,922,21.375,85.125
9.759782176815981E-5,923,21.125,85.125
1.2573070951308682E-4,924,20.875,85.125
8.282415941542916E-5,925,20.625,85.125
4.625361273088198E-5,926,20.375,85.125
4.001568181705957E-5,927,20.125,85.125
3.410956684956785E-5,928,19.875,85.125
3.1045561709261784E-5,929,19.625,85.125
2.5104243918902528E-5,930,19.375,85.125
2.5770879721932202E-5,931,19.125,85.125
2.2178260665297378E-5,932,18.875,85.125
2.394652582406255E-5,933,18.625,85.125
1.9728449034139E-5,934,18.375,85.125
1.9125590456249785E-5,935,18.125,85.125
1.5559585500447606E-5,936,17.875,85.125
1.9057831545822614E-5,937,17.625,85.125
1.654478104357054E-5,938,17.375,85.125
2.0306495786495962E-5,939,17.125,85.125
,940,16.875,85.125
2.087028531612017E-5,941,16.625,85.125
1.8309830674041055E-5,942,16.375,85.125
,943,16.125,85.125
,944,15.875,85.125
,945,15.625,85.125
,946,15.375,85.125
,947,15.125,85.125
,948,14.875,85.125
,949,14.625,85.125
,950,14.375,85.125
2.3627203360386516E-5,951,14.125,85.125
1.9040709546679313E-5,952,13.875,85.125
2.1737824917081464E-5,953,13.625,85.125
2.1330744275449706E-5,954,13.375,85.125
1.9619634059520775E-5,955,13.125,85.125
2.1698933805752495E-5,956,12.875,85.125
1.825031757696684E-5,957,12.625,85.125
1.918737857298293E-5,958,12.375,85.125
1.5104228450748329E-5,959,12.125,85.125
1.583606138586682E-5,960,11.875,85.125
1.6205563281138216E-5,961,11.625,85.125
1.4237466313329526E-5,962,11.375,85.125
1.4516971059714941E-5,963,11.125,85.125
1.082291584355703E-5,964,10.875,85.125
1.5995933291931634E-5,965,10.625,85.125
1.4648482888628677E-5,966,10.375,85.125
1.3905925463274637E-5,967,10.125,85.125
1.1237934464306825E-5,968,9.875,85.125
1.210467936452593E-5,969,9.625,85.125
1.3414006206768098E-5,970,9.375,85.125
1.2385398081802583E-5,971,9.125,85.125
1.1662927010101154E-5,972,8.875,85.125
9.801932293396813E-6,973,8.625,85.125
1.347873864457134E-5,974,8.375,85.125
1.4341254415808313E-5,975,8.125,85.125
1.3777004928628481E-5,976,7.875,85.125
1.4925404190179085E-5,977,7.625,85.125
1.6042786595055597E-5,978,7.375,85.125
1.3355084361885489E-5,979,7.125,85.125
1.3412526703951824E-5,980,6.875,85.125
1.4115779620773075E-5,981,6.625,85.125
1.5602543420156188E-5,982,6.375,85.125
1.4754885758404259E-5,983,6.125,85.125
1.4378026279013117E-5,984,5.875,85.125
1.1800311932913743E-5,985,5.625,85.125
7.0035098648251525E-6,986,5.375,85.125
1.1297528958027116E-5,987,5.125,85.125
1.0076201410305424E-5,988,4.875,85.125
1.3967759448368576E-5,989,4.625,85.125
2.8154665733129195E-6,990,4.375,85.125
,991,4.125,85.125
-2.859434954629372E-6,992,3.875,85.125
9.216745914577048E-6,993,3.625,85.125
4.770800886856055E-6,994,3.375,85.125
4.2077434292327946E-6,995,3.125,85.125
5.866118104179721E-6,996,2.875,85.125
6.733781665347215E-6,997,2.625,85.125
4.680194435564379E-6,998,2.375,85.125
4.438141836526582E-6,999,2.125,85.125
4.8413196575058965E-6,1000,1.875,85.125
5.095604953904777E-6,1001,1.625,85.125
8.46232878592242E-6,1002,1.375,85.125
6.090696862843569E-6,1003,1.125,85.125
-9.325604454722145E-7,1004,0.875,85.125
4.291293041306832E-6,1005,0.625,85.125
5.83732852418677E-6,1006,0.375,85.125
5.630361895772106E-6,1007,0.125,85.125
,1008,-0.125,85.125
,1009,-0.375,85.125
,1010,-0.625,85.125
4.913339468527425E-6,1011,-0.875,85.125
5.152438874799104E-6,1012,-1.125,85.125
7.670357877649457E-7,1013,-1.375,85.125
4.126823171380034E-6,1014,-1.625,85.125
6.810769447860361E-6,1015,-1.875,85.125
3.5288106359698757E-6,1016,-2.125,85.125
5.442132792046684E-6,1017,-2.375,85.125
4.751591903524982E-6,1018,-2.625,85.125
6.447682552291928E-6,1019,-2.875,85.125
3.5225437701963875E-6,1020,-3.125,85.125
5.2687640809570265E-6,1021,-3.375,85.125
6.626383390868684E-6,1022,-3.625,85.125
4.885526155433183E-6,1023,-3.875,85.125
6.8276542345718375E-6,1024,-4.125,85.125
8.058281154463073E-6,1025,-4.375,85.125
5.8104141737443064E-6,1026,-4.625,85.125
4.892114600639646E-6,1027,-4.875,85.125
7.109749294949269E-6,1028,-5.125,85.125
,1029,-5.375,85.125
,1030,-5.625,85.125
,1031,-5.875,85.125
,1032,-6.125,85.125
,1033,-6.375,85.125
,1034,-6.625,85.125
1.7890817151133927E-6,1035,-6.875,85.125
5.749774434787584E-7,1036,-7.125,85.125
3.564730517655753E-6,1037,-7.375,85.125
6.190874742074529E-6,1038,-7.625,85.125
7.368540717955071E-6,1039,-7.875,85.125
7.743779349549802E-6,1040,-8.125,85.125
1.1553526136445718E-5,1041,-8.375,85.125
,1042,-8.625,85.125
,1043,-8.875,85.125
,1044,-9.125,85.125
,1045,-9.375,85.125
,1046,-9.625,85.125
,1047,-9.875,85.125
,1048,-10.125,85.125
-2.118429682624342E-8,1049,-10.375,85.125
5.511505294768553E-6,1050,-10.625,85.125
2.676941886504872E-6,1051,-10.875,85.125
5.569107195514084E-6,1052,-11.125,85.125
5.999885142856751E-6,1053,-11.375,85.125
7.0611525984454034E-6,1054,-11.625,85.125
6.8456005877172885E-6,1055,-11.875,85.125
-1.905102240732291E-6,1056,31.875,85.375
1.239904520989229E-6,1057,31.625,85.375
-2.7946868483796082E-6,1058,31.375,85.375
-1.0397044083390244E-6,1059,31.125,85.375
4.0777518222101735E-6,1060,30.875,85.375
-5.00250479958185E-6,1061,30.625,85.375
-8.423045462504104E-7,1062,30.375,85.375
5.729461079896114E-7,1063,30.125,85.375
7.891558314694469E-6,1064,29.875,85.375
-4.079237998638181E-6,1065,29.625,85.375
,1066,29.375,85.375
,1067,29.125,85.375
,1068,28.875,85.375
,1069,28.625,85.375
,1070,28.375,85.375
1.3534293708386143E-5,1071,28.125,85.375
,1072,27.875,85.375
,1073,27.625,85.375
3.310688074900012E-5,1074,27.375,85.375
3.3512216567524466E-5,1075,27.125,85.375
3.512155321810413E-5,1076,26.875,85.375
3.282709591164001E-5,1077,26.625,85.375
3.0461393321893835E-5,1078,26.375,85.375
2.8168328292420337E-5,1079,26.125,85.375
3.74330966072441E-5,1080,25.875,85.375
3.403818996198277E-5,1081,25.625,85.375
2.2983463168271365E-5,1082,25.375,85.375
2.3213716846296884E-5,1083,25.125,85.375
1.9217392821278753E-5,1084,24.875,85.375
2.750068756933276E-5,1085,24.625,85.375
5.0709921858884115E-5,1086,24.375,85.375
3.799038947684783E-5,1087,24.125,85.375
8.386013417620087E-5,1088,23.875,85.375
6.671660044026058E-5,1089,23.625,85.375
4.593494577822723E-5,1090,23.375,85.375
4.373568842644923E-5,1091,23.125,85.375
4.1131821337487195E-5,1092,22.875,85.375
4.194625718739248E-5,1093,22.625,85.375
3.979961990791748E-5,1094,22.375,85.375
5.413682925244469E-5,1095,22.125,85.375
4.815669347108762E-5,1096,21.875,85.375
3.837823935763972E-5,1097,21.625,85.375
4.372061291150688E-5,1098,21.375,85.375
5.3943945511799E-5,1099,21.125,85.375
1.0035666080010447E-4,1100,20.875,85.375
6.378945584616422E-5,1101,20.625,85.375
4.921257673377295E-5,1102,20.375,85.375
3.979406045497964E-5,1103,20.125,85.375
3.492805728843159E-5,1104,19.875,85.375
2.860902847661369E-5,1105,19.625,85.375
1.9497050076648662E-5,1106,19.375,85.375
2.1302136815348598E-5,1107,19.125,85.375
2.1382411927335666E-5,1108,18.875,85.375
2.1601320960682388E-5,1109,18.625,85.375
1.5168928307521994E-5,1110,18.375,85.375
2.0756593906813342E-5,1111,18.125,85.375
1.8886951900282256E-5,1112,17.875,85.375
1.790055816374318E-5,1113,17.625,85.375
1.6871164351680314E-5,1114,17.375,85.375
,1115,17.125,85.375
,1116,16.875,85.375
1.920692717661225E-5,1117,16.625,85.375
1.87932539659156E-5,1118,16.375,85.375
,1119,16.125,85.375
,1120,15.875,85.375
,1121,15.625,85.375
,1122,15.375,85.375
,1123,15.125,85.375
,1124,14.875,85.375
,1125,14.625,85.375
,1126,14.375,85.375
2.0603895647354915E-5,1127,14.125,85.375
1.8141677769925803E-5,1128,13.875,85.375
2.161378621103574E-5,1129,13.625,85.375
1.9285887218031182E-5,1130,13.375,85.375
1.6386197488487036E-5,1131,13.125,85.375
1.7764858704869124E-5,1132,12.875,85.375
1.8695376450039144E-5,1133,12.625,85.375
1.9387681458439437E-5,1134,12.375,85.375
1.845745380731925E-5,1135,12.125,85.375
1.8802211409413478E-5,1136,11.875,85.375
1.544534594545489E-5,1137,11.625,85.375
1.4011217621094266E-5,1138,11.375,85.375
1.4999294657962995E-5,1139,11.125,85.375
8.235287669021533E-6,1140,10.875,85.375
,1141,10.625,85.375
1.1099406917468125E-5,1142,10.375,85.375
1.5631536983482955E-5,1143,10.125,85.375
1.2194586549118326E-5,1144,9.875,85.375
1.0515263129460468E-5,1145,9.625,85.375
8.567338661931395E-6,1146,9.375,85.375
1.0828215560566577E-5,1147,9.125,85.375
1.0029337850106686E-5,1148,8.875,85.375
1.254325194607715E-5,1149,8.625,85.375
1.3939342519773696E-5,1150,8.375,85.375
1.3358265928533903E-5,1151,8.125,85.375
1.5794013896870513E-5,1152,7.875,85.375
1.6966647550216133E-5,1153,7.625,85.375
1.0230032699702037E-5,1154,7.375,85.375
1.313612431050545E-5,1155,7.125,85.375
1.1595295426460813E-5,1156,6.875,85.375
1.4040863388758682E-5,1157,6.625,85.375
1.479986203704685E-5,1158,6.375,85.375
1.4494703268535535E-5,1159,6.125,85.375
1.392560674329285E-5,1160,5.875,85.375
1.2902436896994713E-5,1161,5.625,85.375
1.3538554342372125E-5,1162,5.375,85.375
5.627714321998557E-6,1163,5.125,85.375
1.0619437281417264E-5,1164,4.875,85.375
9.544584862420657E-6,1165,4.625,85.375
6.988000026185007E-6,1166,4.375,85.375
5.592697400445856E-6,1167,4.125,85.375
1.7556016460090177E-5,1168,3.875,85.375
3.7405926329596576E-6,1169,3.625,85.375
9.90647825422647E-6,1170,3.375,85.375
1.3702940728811627E-5,1171,3.125,85.375
8.926692896902066E-6,1172,2.875,85.375
8.24451509111078E-6,1173,2.625,85.375
8.518329615285994E-6,1174,2.375,85.375
4.379093911408217E-6,1175,2.125,85.375
6.3160529711386595E-6,1176,1.875,85.375
8.63361569448462E-6,1177,1.625,85.375
6.921495605959468E-6,1178,1.375,85.375
4.8020427063168814E-6,1179,1.125,85.375
,1180,0.875,85.375
4.383589330148672E-6,1181,0.625,85.375
6.502446173682555E-6,1182,0.375,85.375
4.271678838543134E-6,1183,0.125,85.375
7.876587607145625E-6,1184,-0.125,85.375
4.19168404255623E-6,1185,-0.375,85.375
,1186,-0.625,85.375
3.887686208765692E-6,1187,-0.875,85.375
2.2043840460136452E-6,1188,-1.125,85.375
-3.0126519603015825E-6,1189,-1.375,85.375
5.731390755706012E-6,1190,-1.625,85.375
4.432348972230245E-6,1191,-1.875,85.375
6.5283074507826055E-6,1192,-2.125,85.375
4.725886592046861E-6,1193,-2.375,85.375
3.49827539852292E-6,1194,-2.625,85.375
8.929230124120975E-6,1195,-2.875,85.375
6.122060451972429E-6,1196,-3.125,85.375
4.947231192321341E-6,1197,-3.375,85.375
7.71163209321891E-6,1198,-3.625,85.375
7.5882869974153265E-6,1199,-3.875,85.375
7.710347618852129E-6,1200,-4.125,85.375
4.946943958744795E-6,1201,-4.375,85.375
4.551066317074827E-6,1202,-4.625,85.375
6.461931791617114E-6,1203,-4.875,85.375
7.822531312513055E-6,1204,-5.125,85.375
,1205,-5.375,85.375
,1206,-5.625,85.375
,1207,-5.875,85.375
,1208,-6.125,85.375
,1209,-6.375,85.375
,1210,-6.625,85.375
-1.6078477282175037E-6,1211,-6.875,85.375
4.748517048938038E-6,1212,-7.125,85.375
2.6011784143903268E-6,1213,-7.375,85.375
6.5343115156251855E-6,1214,-7.625,85.375
1.166643136114698E-5,1215,-7.875,85.375
6.831023988655855E-6,1216,-8.125,85.375
4.1092516011186505E-6,1217,-8.375,85.375
,1218,-8.625,85.375
,1219,-8.875,85.375
,1220,-9.125,85.375
,1221,-9.375,85.375
,1222,-9.625,85.375
,1223,-9.875,85.375
,1224,-10.125,85.375
5.6331917600257255E-6,1225,-10.375,85.375
8.373527115067616E-6,1226,-10.625,85.375
1.768838682573505E-6,1227,-10.875,85.375
3.4685482295288067E-6,1228,-11.125,85.375
7.271495371445008E-6,1229,-11.375,85.375
4.319280735401111E-6,1230,-11.625,85.375
6.951981369095554E-6,1231,-11.875,85.375
-5.21313843957499E-7,1232,31.875,85.625
1.0131910096212915E-6,1233,31.625,85.625
-2.1742658701129287E-6,1234,31.375,85.625
-8.565120057072418E-7,1235,31.125,85.625
1.2649941599951598E-6,1236,30.875,85.625
-4.948680117246919E-7,1237,30.625,85.625
-1.8764393833541205E-6,1238,30.375,85.625
3.2576853553988226E-6,1239,30.125,85.625
,1240,29.875,85.625
,1241,29.625,85.625
,1242,29.375,85.625
,1243,29.125,85.625
,1244,28.875,85.625
2.6831145462497343E-6,1245,28.625,85.625
,1246,28.375,85.625
,1247,28.125,85.625
,1248,27.875,85.625
,1249,27.625,85.625
,1250,27.375,85.625
,1251,27.125,85.625
3.404504147832638E-5,1252,26.875,85.625
3.579394544700307E-5,1253,26.625,85.625
4.908351765122983E-5,1254,26.375,85.625
3.661721216032818E-5,1255,26.125,85.625
3.422693409149594E-5,1256,25.875,85.625
2.9271661748599106E-5,1257,25.625,85.625
2.641174655541102E-5,1258,25.375,85.625
2.524727834443301E-5,1259,25.125,85.625
2.5278344994264643E-5,1260,24.875,85.625
3.140160949256759E-5,1261,24.625,85.625
8.570258998997925E-5,1262,24.375,85.625
1.0488883280917778E-4,1263,24.125,85.625
5.325271176146382E-5,1264,23.875,85.625
5.780579594192536E-5,1265,23.625,85.625
5.4718108765242845E-5,1266,23.375,85.625
4.242884307856363E-5,1267,23.125,85.625
4.306272627145157E-5,1268,22.875,85.625
3.179844194623641E-5,1269,22.625,85.625
4.720711196560228E-5,1270,22.375,85.625
3.774884027626169E-5,1271,22.125,85.625
3.984141132277747E-5,1272,21.875,85.625
3.606246338348121E-5,1273,21.625,85.625
3.6298022229092635E-5,1274,21.375,85.625
3.8866018420752964E-5,1275,21.125,85.625
3.598514267572451E-5,1276,20.875,85.625
5.1746780974999184E-5,1277,20.625,85.625
4.976804074772292E-5,1278,20.375,85.625
3.953671483817052E-5,1279,20.125,85.625
2.9232981238702366E-5,1280,19.875,85.625
2.637293172144166E-5,1281,19.625,85.625
1.955266676424601E-5,1282,19.375,85.625
2.0179538980452498E-5,1283,19.125,85.625
1.9455581249489406E-5,1284,18.875,85.625
2.2085336301004303E-5,1285,18.625,85.625
2.0602678012250083E-5,1286,18.375,85.625
1.7101927882591062E-5,1287,18.125,85.625
1.7712964844045516E-5,1288,17.875,85.625
1.6859863041981226E-5,1289,17.625,85.625
1.7114266880925846E-5,1290,17.375,85.625
1.7207322463432028E-5,1291,17.125,85.625
1.6662994309023985E-5,1292,16.875,85.625
1.7736220768004393E-5,1293,16.625,85.625
1.6362301354829413E-5,1294,16.375,85.625
1.7347397777482545E-5,1295,16.125,85.625
1.711364722716045E-5,1296,15.875,85.625
,1297,15.625,85.625
,1298,15.375,85.625
,1299,15.125,85.625
,1300,14.875,85.625
,1301,14.625,85.625
,1302,14.375,85.625
,1303,14.125,85.625
2.126040620575194E-5,1304,13.875,85.625
2.116986044000187E-5,1305,13.625,85.625
1.9472407800387557E-5,1306,13.375,85.625
1.9232993979601574E-5,1307,13.125,85.625
1.834503515130491E-5,1308,12.875,85.625
1.361266594357963E-5,1309,12.625,85.625
1.3720967956323782E-5,1310,12.375,85.625
1.2370664504655631E-5,1311,12.125,85.625
1.3928064410221712E-5,1312,11.875,85.625
1.3923306181546036E-5,1313,11.625,85.625
1.5737053372837832E-5,1314,11.375,85.625
1.2935311068356595E-5,1315,11.125,85.625
1.106025486166024E-5,1316,10.875,85.625
1.2182847505702264E-5,1317,10.625,85.625
9.585998289007871E-6,1318,10.375,85.625
1.2208454788534254E-5,1319,10.125,85.625
9.802462887950775E-6,1320,9.875,85.625
1.257205211181468E-5,1321,9.625,85.625
8.4435811566828E-6,1322,9.375,85.625
,1323,9.125,85.625
1.5031744318096887E-5,1324,8.875,85.625
1.5294234125567162E-5,1325,8.625,85.625
9.253139763382096E-6,1326,8.375,85.625
1.4748781418918047E-5,1327,8.125,85.625
9.608794177830087E-6,1328,7.875,85.625
1.3342543062997583E-5,1329,7.625,85.625
1.6733079990621227E-5,1330,7.375,85.625
1.1481865238702548E-5,1331,7.125,85.625
1.1346459381785424E-5,1332,6.875,85.625
1.1189018778809334E-5,1333,6.625,85.625
1.4881235604174464E-5,1334,6.375,85.625
1.8578595798418086E-5,1335,6.125,85.625
1.5472770054693913E-5,1336,5.875,85.625
1.3344452780596722E-5,1337,5.625,85.625
9.867522262098992E-6,1338,5.375,85.625
1.4436820591376703E-5,1339,5.125,85.625
,1340,4.875,85.625
8.442039030114325E-6,1341,4.625,85.625
5.810625119917167E-6,1342,4.375,85.625
8.552565422581193E-6,1343,4.125,85.625
6.061578477512782E-6,1344,3.875,85.625
8.653068824900972E-6,1345,3.625,85.625
6.599584286058863E-6,1346,3.375,85.625
9.96388941517914E-6,1347,3.125,85.625
8.935918307999153E-6,1348,2.875,85.625
7.637931310408666E-6,1349,2.625,85.625
2.3240621000786013E-6,1350,2.375,85.625
6.777030695448141E-6,1351,2.125,85.625
8.651889381878139E-6,1352,1.875,85.625
9.0847796586553E-6,1353,1.625,85.625
6.188735144418097E-6,1354,1.375,85.625
9.833744400757543E-6,1355,1.125,85.625
,1356,0.875,85.625
2.6766349382700754E-6,1357,0.625,85.625
5.271745615261411E-6,1358,0.375,85.625
3.309450171098141E-6,1359,0.125,85.625
4.8151383793841585E-6,1360,-0.125,85.625
3.106401549379581E-6,1361,-0.375,85.625
,1362,-0.625,85.625
,1363,-0.875,85.625
,1364,-1.125,85.625
4.7992957661464105E-6,1365,-1.375,85.625
4.227219326758436E-6,1366,-1.625,85.625
5.757335826051126E-6,1367,-1.875,85.625
5.700425430239252E-6,1368,-2.125,85.625
6.528526502361262E-6,1369,-2.375,85.625
5.083677535985837E-6,1370,-2.625,85.625
8.165391845976711E-6,1371,-2.875,85.625
6.993738846466177E-6,1372,-3.125,85.625
6.697257223957266E-6,1373,-3.375,85.625
8.218825113660805E-6,1374,-3.625,85.625
4.4096696872324785E-6,1375,-3.875,85.625
6.35854519139861E-6,1376,-4.125,85.625
4.404084878191826E-6,1377,-4.375,85.625
3.3340017382186123E-6,1378,-4.625,85.625
3.536427435795486E-6,1379,-4.875,85.625
3.7544025368448716E-6,1380,-5.125,85.625
,1381,-5.375,85.625
,1382,-5.625,85.625
-1.6691898404167416E-7,1383,-5.875,85.625
,1384,-6.125,85.625
,1385,-6.375,85.625
,1386,-6.625,85.625
,1387,-6.875,85.625
3.0559488103836666E-6,1388,-7.125,85.625
3.6600261936334097E-6,1389,-7.375,85.625
5.6536559691492155E-6,1390,-7.625,85.625
1.664530219147073E-5,1391,-7.875,85.625
,1392,-8.125,85.625
,1393,-8.375,85.625
,1394,-8.625,85.625
,1395,-8.875,85.625
,1396,-9.125,85.625
,1397,-9.375,85.625
,1398,-9.625,85.625
3.2288283995351373E-6,1399,-9.875,85.625
3.228872699738333E-6,1400,-10.125,85.625
9.955869354940628E-6,1401,-10.375,85.625
6.974084015791825E-6,1402,-10.625,85.625
2.8801908230747213E-6,1403,-10.875,85.625
4.845111810382131E-6,1404,-11.125,85.625
5.997679723070402E-6,1405,-11.375,85.625
7.843721096127023E-6,1406,-11.625,85.625
1.215406582131764E-5,1407,-11.875,85.625
1.152816507755283E-6,1408,31.875,85.875
-1.7056695423105641E-7,1409,31.625,85.875
-1.8019510358242493E-6,1410,31.375,85.875
-2.552381323153556E-7,1411,31.125,85.875
-2.7088033872866795E-6,1412,30.875,85.875
-3.7691240598694554E-6,1413,30.625,85.875
,1414,30.375,85.875
-2.033357514052252E-6,1415,30.125,85.875
,1416,29.875,85.875
,1417,29.625,85.875
,1418,29.375,85.875
,1419,29.125,85.875
,1420,28.875,85.875
2.8423546545041194E-6,1421,28.625,85.875
1.2955466434781378E-5,1422,28.375,85.875
1.2955466441992338E-5,1423,28.125,85.875
,1424,27.875,85.875
,1425,27.625,85.875
,1426,27.375,85.875
3.259300513722954E-5,1427,27.125,85.875
3.29389232105379E-5,1428,26.875,85.875
4.044041992854512E-5,1429,26.625,85.875
5.573673414470394E-5,1430,26.375,85.875
3.4250513019276595E-5,1431,26.125,85.875
3.2967909824310934E-5,1432,25.875,85.875
4.813904049893454E-5,1433,25.625,85.875
3.015488629697187E-5,1434,25.375,85.875
2.3399418314002883E-5,1435,25.125,85.875
2.8933045166075533E-5,1436,24.875,85.875
3.9394375663015746E-5,1437,24.625,85.875
4.048208786465492E-5,1438,24.375,85.875
3.0345086292768797E-5,1439,24.125,85.875
7.268909316137451E-5,1440,23.875,85.875
1.226012961955688E-4,1441,23.625,85.875
3.642382076272434E-5,1442,23.375,85.875
4.4586436291281047E-5,1443,23.125,85.875
7.898715329363677E-5,1444,22.875,85.875
4.6914057035414096E-5,1445,22.625,85.875
3.303979092655004E-5,1446,22.375,85.875
3.7301149306765716E-5,1447,22.125,85.875
3.9015431854573835E-5,1448,21.875,85.875
3.6239596320161785E-5,1449,21.625,85.875
3.347681049576655E-5,1450,21.375,85.875
5.141795477932613E-5,1451,21.125,85.875
8.022430830867987E-5,1452,20.875,85.875
5.483186563782549E-5,1453,20.625,85.875
4.4345504838085835E-5,1454,20.375,85.875
3.475727281147359E-5,1455,20.125,85.875
2.2916409934375005E-5,1456,19.875,85.875
1.8839144636494652E-5,1457,19.625,85.875
1.7102519077762188E-5,1458,19.375,85.875
2.003577872492085E-5,1459,19.125,85.875
1.7509764882910533E-5,1460,18.875,85.875
2.2932599772226564E-5,1461,18.625,85.875
1.8374835785111E-5,1462,18.375,85.875
1.900796279809751E-5,1463,18.125,85.875
1.816455339840385E-5,1464,17.875,85.875
2.073853459488822E-5,1465,17.625,85.875
1.6709494898912275E-5,1466,17.375,85.875
1.8957869805746988E-5,1467,17.125,85.875
1.9697877546748146E-5,1468,16.875,85.875
1.706536507179208E-5,1469,16.625,85.875
2.0370313519625263E-5,1470,16.375,85.875
2.0605581806974587E-5,1471,16.125,85.875
1.9361615501445486E-5,1472,15.875,85.875
1.7793617198287213E-5,1473,15.625,85.875
,1474,15.375,85.875
,1475,15.125,85.875
,1476,14.875,85.875
,1477,14.625,85.875
,1478,14.375,85.875
1.7630110866424913E-5,1479,14.125,85.875
1.7078633385561564E-5,1480,13.875,85.875
1.9476505440997735E-5,1481,13.625,85.875
1.9970930633541408E-5,1482,13.375,85.875
1.815090928387938E-5,1483,13.125,85.875
2.2581350287756774E-5,1484,12.875,85.875
1.790068022919399E-5,1485,12.625,85.875
1.4249306049352609E-5,1486,12.375,85.875
1.2701197461132166E-5,1487,12.125,85.875
1.3027226550487987E-5,1488,11.875,85.875
1.727316820673947E-5,1489,11.625,85.875
1.4078611539391683E-5,1490,11.375,85.875
1.3751202259793337E-5,1491,11.125,85.875
1.2661875905518456E-5,1492,10.875,85.875
1.2018373707303678E-5,1493,10.625,85.875
1.27630795990526E-5,1494,10.375,85.875
1.4623565787440535E-5,1495,10.125,85.875
1.1669587207255554E-5,1496,9.875,85.875
1.3139382116368746E-5,1497,9.625,85.875
1.1161342118607226E-5,1498,9.375,85.875
1.4740228606458021E-5,1499,9.125,85.875
9.869967547291941E-6,1500,8.875,85.875
,1501,8.625,85.875
,1502,8.375,85.875
1.0426206050811572E-5,1503,8.125,85.875
1.469695009024837E-5,1504,7.875,85.875
1.5046397865989408E-5,1505,7.625,85.875
1.2720652633752755E-5,1506,7.375,85.875
1.2856462992027042E-5,1507,7.125,85.875
1.4551310424081499E-5,1508,6.875,85.875
1.1752956404500903E-5,1509,6.625,85.875
1.8698658487852444E-5,1510,6.375,85.875
1.601324687620472E-5,1511,6.125,85.875
1.3731455629898996E-5,1512,5.875,85.875
1.6379532668938374E-5,1513,5.625,85.875
7.669182907132302E-6,1514,5.375,85.875
1.2517645623890786E-5,1515,5.125,85.875
,1516,4.875,85.875
1.3086800700646182E-5,1517,4.625,85.875
,1518,4.375,85.875
5.773583613178878E-6,1519,4.125,85.875
7.726099320397642E-6,1520,3.875,85.875
8.04299850747731E-6,1521,3.625,85.875
8.121380240987377E-6,1522,3.375,85.875
1.4908196551389776E-5,1523,3.125,85.875
7.280989461014587E-6,1524,2.875,85.875
5.8956311680372495E-6,1525,2.625,85.875
5.7851837653862855E-6,1526,2.375,85.875
4.984047534193608E-6,1527,2.125,85.875
8.98457843333785E-6,1528,1.875,85.875
4.130104762230833E-6,1529,1.625,85.875
8.31615118987382E-6,1530,1.375,85.875
7.122264751557951E-6,1531,1.125,85.875
5.502970812292428E-6,1532,0.875,85.875
5.667015119448719E-6,1533,0.625,85.875
6.511972138927312E-6,1534,0.375,85.875
5.285168062345122E-6,1535,0.125,85.875
4.062853501900279E-6,1536,-0.125,85.875
7.71449776177664E-6,1537,-0.375,85.875
,1538,-0.625,85.875
,1539,-0.875,85.875
,1540,-1.125,85.875
7.533875942232506E-6,1541,-1.375,85.875
1.42546217615008E-6,1542,-1.625,85.875
5.7366070828136365E-6,1543,-1.875,85.875
5.40387780626815E-6,1544,-2.125,85.875
8.847908740598747E-6,1545,-2.375,85.875
6.709573308566573E-6,1546,-2.625,85.875
6.716591372728321E-6,1547,-2.875,85.875
8.390664263291995E-6,1548,-3.125,85.875
4.652721994578706E-6,1549,-3.375,85.875
8.070493620852092E-6,1550,-3.625,85.875
5.472476327661337E-6,1551,-3.875,85.875
6.1446612884809885E-6,1552,-4.125,85.875
8.207371278552325E-6,1553,-4.375,85.875
6.591086611216686E-6,1554,-4.625,85.875
3.814796071722074E-6,1555,-4.875,85.875
4.9641867540753544E-6,1556,-5.125,85.875
,1557,-5.375,85.875
,1558,-5.625,85.875
-1.6691897965742776E-7,1559,-5.875,85.875
1.5396852431432123E-6,1560,-6.125,85.875
,1561,-6.375,85.875
,1562,-6.625,85.875
,1563,-6.875,85.875
2.8054633075096817E-7,1564,-7.125,85.875
2.1464940885409566E-6,1565,-7.375,85.875
4.927591646638759E-6,1566,-7.625,85.875
1.2022685680341678E-5,1567,-7.875,85.875
,1568,-8.125,85.875
,1569,-8.375,85.875
,1570,-8.625,85.875
,1571,-8.875,85.875
,1572,-9.125,85.875
,1573,-9.375,85.875
,1574,-9.625,85.875
,1575,-9.875,85.875
3.7849499772295704E-6,1576,-10.125,85.875
6.760515428943685E-6,1577,-10.375,85.875
9.37418309484233E-6,1578,-10.625,85.875
6.155227335800297E-6,1579,-10.875,85.875
9.428468552996929E-6,1580,-11.125,85.875
5.8130145335700305E-6,1581,-11.375,85.875
7.506914050907755E-6,1582,-11.625,85.875
6.741472547089263E-6,1583,-11.875,85.875
8.971608734277302E-7,1584,31.875,86.125
1.1599001146931689E-6,1585,31.625,86.125
-5.9801649416489066E-6,1586,31.375,86.125
2.982078751795537E-6,1587,31.125,86.125
-2.284984516069746E-6,1588,30.875,86.125
-3.4267951830935505E-6,1589,30.625,86.125
,1590,30.375,86.125
,1591,30.125,86.125
,1592,29.875,86.125
,1593,29.625,86.125
,1594,29.375,86.125
,1595,29.125,86.125
,1596,28.875,86.125
,1597,28.625,86.125
,1598,28.375,86.125
,1599,28.125,86.125
,1600,27.875,86.125
,1601,27.625,86.125
,1602,27.375,86.125
5.007314004557459E-5,1603,27.125,86.125
3.419583227571781E-5,1604,26.875,86.125
4.281283673680289E-5,1605,26.625,86.125
4.88769961005663E-5,1606,26.375,86.125
3.527881229183488E-5,1607,26.125,86.125
3.945696534534573E-5,1608,25.875,86.125
4.650061774261901E-5,1609,25.625,86.125
5.234381855260483E-5,1610,25.375,86.125
2.8814472800273513E-5,1611,25.125,86.125
3.0445805365639908E-5,1612,24.875,86.125
3.564870085082394E-5,1613,24.625,86.125
3.621377244424105E-5,1614,24.375,86.125
2.5726100143444106E-5,1615,24.125,86.125
9.602065763796166E-5,1616,23.875,86.125
1.1359493153396925E-4,1617,23.625,86.125
4.208321935033331E-5,1618,23.375,86.125
4.740472728014736E-5,1619,23.125,86.125
1.2887935798120762E-4,1620,22.875,86.125
1.1805188040915098E-4,1621,22.625,86.125
3.749725028077565E-5,1622,22.375,86.125
3.1846353133001844E-5,1623,22.125,86.125
3.075644443946154E-5,1624,21.875,86.125
3.6568911960785425E-5,1625,21.625,86.125
4.0448401692170984E-5,1626,21.375,86.125
4.353553626149947E-5,1627,21.125,86.125
9.741479326696332E-5,1628,20.875,86.125
4.6537182682519663E-5,1629,20.625,86.125
4.212349824491059E-5,1630,20.375,86.125
3.976650394801645E-5,1631,20.125,86.125
2.4133288477051838E-5,1632,19.875,86.125
1.979976831740452E-5,1633,19.625,86.125
2.0209697313551416E-5,1634,19.375,86.125
1.9469834011931243E-5,1635,19.125,86.125
1.5812953703892498E-5,1636,18.875,86.125
2.017785313390554E-5,1637,18.625,86.125
1.9672832783388023E-5,1638,18.375,86.125
2.0267306119254773E-5,1639,18.125,86.125
1.9249018056082476E-5,1640,17.875,86.125
1.9428772788161677E-5,1641,17.625,86.125
1.8656905379175815E-5,1642,17.375,86.125
1.749740523116078E-5,1643,17.125,86.125
1.6595091914402826E-5,1644,16.875,86.125
1.803013275214302E-5,1645,16.625,86.125
1.8700067654235557E-5,1646,16.375,86.125
1.7795539215270773E-5,1647,16.125,86.125
1.8533698819595832E-5,1648,15.875,86.125
1.7615925452828334E-5,1649,15.625,86.125
,1650,15.375,86.125
,1651,15.125,86.125
2.1149483382630164E-5,1652,14.875,86.125
,1653,14.625,86.125
,1654,14.375,86.125
,1655,14.125,86.125
,1656,13.875,86.125
,1657,13.625,86.125
,1658,13.375,86.125
1.764546688908497E-5,1659,13.125,86.125
,1660,12.875,86.125
2.0613011698702568E-5,1661,12.625,86.125
1.6429784687579848E-5,1662,12.375,86.125
1.4915661527136543E-5,1663,12.125,86.125
1.295028291187509E-5,1664,11.875,86.125
1.3758974563637987E-5,1665,11.625,86.125
1.5787156116763868E-5,1666,11.375,86.125
1.2331905553556555E-5,1667,11.125,86.125
1.2106354431563343E-5,1668,10.875,86.125
1.3213897314847148E-5,1669,10.625,86.125
1.12251175895931E-5,1670,10.375,86.125
1.1567118616493314E-5,1671,10.125,86.125
1.1951621817788838E-5,1672,9.875,86.125
1.2501857371020525E-5,1673,9.625,86.125
1.0947397966880655E-5,1674,9.375,86.125
1.1774148524318032E-5,1675,9.125,86.125
1.3715749294696946E-5,1676,8.875,86.125
1.370369817203143E-5,1677,8.625,86.125
1.154672926628879E-5,1678,8.375,86.125
,1679,8.125,86.125
1.159252402169201E-5,1680,7.875,86.125
8.32579202025769E-6,1681,7.625,86.125
,1682,7.375,86.125
,1683,7.125,86.125
,1684,6.875,86.125
1.4777582010884288E-5,1685,6.625,86.125
2.245467025928341E-5,1686,6.375,86.125
1.3686757908346491E-5,1687,6.125,86.125
1.9999312031302848E-5,1688,5.875,86.125
1.364384933159748E-5,1689,5.625,86.125
1.2113308716537706E-5,1690,5.375,86.125
1.5159383852130284E-5,1691,5.125,86.125
,1692,4.875,86.125
,1693,4.625,86.125
2.3155430697857725E-6,1694,4.375,86.125
5.3694862681260865E-6,1695,4.125,86.125
,1696,3.875,86.125
1.24161072936504E-5,1697,3.625,86.125
9.078312643454181E-6,1698,3.375,86.125
,1699,3.125,86.125
1.0386344343107763E-6,1700,2.875,86.125
4.81653294223954E-6,1701,2.625,86.125
4.709199118699782E-6,1702,2.375,86.125
4.773081073166101E-6,1703,2.125,86.125
9.67303925631316E-6,1704,1.875,86.125
7.986939458710384E-6,1705,1.625,86.125
4.235090242096355E-6,1706,1.375,86.125
6.786747563802571E-6,1707,1.125,86.125
-6.824464822820701E-6,1708,0.875,86.125
5.427146719711729E-6,1709,0.625,86.125
6.676067662273422E-6,1710,0.375,86.125
2.6586795358546537E-6,1711,0.125,86.125
5.541652320159677E-6,1712,-0.125,86.125
6.881605037120757E-6,1713,-0.375,86.125
6.3996047368300244E-6,1714,-0.625,86.125
3.1944220576925783E-6,1715,-0.875,86.125
3.2460952533368314E-7,1716,-1.125,86.125
-3.1524548388103985E-6,1717,-1.375,86.125
3.2996296368245913E-6,1718,-1.625,86.125
5.769694771053654E-6,1719,-1.875,86.125
8.502942117305087E-6,1720,-2.125,86.125
4.119303727538348E-6,1721,-2.375,86.125
6.356948930890489E-6,1722,-2.625,86.125
2.017604449708211E-6,1723,-2.875,86.125
3.187597309003389E-6,1724,-3.125,86.125
8.452608244006588E-6,1725,-3.375,86.125
4.0118014690617915E-6,1726,-3.625,86.125
6.8518107735147176E-6,1727,-3.875,86.125
8.320525015562886E-6,1728,-4.125,86.125
5.8718622695512125E-6,1729,-4.375,86.125
6.557175094157829E-6,1730,-4.625,86.125
6.799403232873755E-7,1731,-4.875,86.125
9.55057962995801E-6,1732,-5.125,86.125
-1.9982105824045665E-6,1733,-5.375,86.125
-2.6547627142691236E-6,1734,-5.625,86.125
1.479421218089417E-6,1735,-5.875,86.125
2.4718412963560817E-6,1736,-6.125,86.125
3.9702945287942447E-7,1737,-6.375,86.125
,1738,-6.625,86.125
,1739,-6.875,86.125
4.358580762203452E-6,1740,-7.125,86.125
1.3822590946333356E-6,1741,-7.375,86.125
4.202680704961741E-6,1742,-7.625,86.125
9.780675844051452E-6,1743,-7.875,86.125
,1744,-8.125,86.125
,1745,-8.375,86.125
,1746,-8.625,86.125
,1747,-8.875,86.125
,1748,-9.125,86.125
,1749,-9.375,86.125
,1750,-9.625,86.125
,1751,-9.875,86.125
-5.734514468877489E-6,1752,-10.125,86.125
5.255596016445566E-6,1753,-10.375,86.125
8.879757854457437E-6,1754,-10.625,86.125
6.779516144802779E-6,1755,-10.875,86.125
5.219771411494176E-6,1756,-11.125,86.125
5.588033610975204E-6,1757,-11.375,86.125
7.2514975921749645E-6,1758,-11.625,86.125
6.929666317184352E-6,1759,-11.875,86.125
-2.0121506982313953E-7,1760,31.875,86.375
3.0803592514937816E-7,1761,31.625,86.375
-2.986562425765149E-6,1762,31.375,86.375
-1.0833959096008536E-6,1763,31.125,86.375
-1.0521034534812462E-6,1764,30.875,86.375
-9.057933280240433E-6,1765,30.625,86.375
-5.886583611440466E-6,1766,30.375,86.375
-3.5858859338685277E-7,1767,30.125,86.375
,1768,29.875,86.375
,1769,29.625,86.375
,1770,29.375,86.375
,1771,29.125,86.375
,1772,28.875,86.375
5.908827881932544E-6,1773,28.625,86.375
,1774,28.375,86.375
,1775,28.125,86.375
,1776,27.875,86.375
7.217223821605379E-6,1777,27.625,86.375
,1778,27.375,86.375
,1779,27.125,86.375
4.236633816786807E-5,1780,26.875,86.375
4.126880603200913E-5,1781,26.625,86.375
3.402600295957811E-5,1782,26.375,86.375
3.758273170761894E-5,1783,26.125,86.375
3.5343198348310246E-5,1784,25.875,86.375
4.0796780778072404E-5,1785,25.625,86.375
4.8820183904787635E-5,1786,25.375,86.375
3.6355931593836686E-5,1787,25.125,86.375
2.6976071881603264E-5,1788,24.875,86.375
2.447340876407965E-5,1789,24.625,86.375
2.593889344850142E-5,1790,24.375,86.375
3.310677531122437E-5,1791,24.125,86.375
6.814671236304203E-5,1792,23.875,86.375
1.2701886602536842E-4,1793,23.625,86.375
1.2545916662714588E-4,1794,23.375,86.375
1.1905575634904648E-4,1795,23.125,86.375
5.595132510146768E-5,1796,22.875,86.375
4.58384231009773E-5,1797,22.625,86.375
2.5799833481828143E-5,1798,22.375,86.375
3.158244197714873E-5,1799,22.125,86.375
3.740458390121329E-5,1800,21.875,86.375
3.4090493530573106E-5,1801,21.625,86.375
3.9484684619780805E-5,1802,21.375,86.375
4.8968549811672626E-5,1803,21.125,86.375
4.422918893614051E-5,1804,20.875,86.375
3.486643572692568E-5,1805,20.625,86.375
3.912236689341098E-5,1806,20.375,86.375
2.783200111173798E-5,1807,20.125,86.375
2.4550344229404367E-5,1808,19.875,86.375
2.0858393115790997E-5,1809,19.625,86.375
,1810,19.375,86.375
1.8245510106302822E-5,1811,19.125,86.375
2.0293183340707464E-5,1812,18.875,86.375
1.793348279644139E-5,1813,18.625,86.375
2.2188634785553432E-5,1814,18.375,86.375
1.86769468873268E-5,1815,18.125,86.375
2.1963261204694687E-5,1816,17.875,86.375
1.936947585594154E-5,1817,17.625,86.375
1.792093629961423E-5,1818,17.375,86.375
2.154716694895179E-5,1819,17.125,86.375
1.8272497301729663E-5,1820,16.875,86.375
1.7159331721906298E-5,1821,16.625,86.375
1.733170089742473E-5,1822,16.375,86.375
2.113475498465561E-5,1823,16.125,86.375
1.9020195062402724E-5,1824,15.875,86.375
1.9562115081074268E-5,1825,15.625,86.375
1.802548535447486E-5,1826,15.375,86.375
,1827,15.125,86.375
2.492852946037012E-5,1828,14.875,86.375
,1829,14.625,86.375
,1830,14.375,86.375
,1831,14.125,86.375
,1832,13.875,86.375
,1833,13.625,86.375
,1834,13.375,86.375
,1835,13.125,86.375
,1836,12.875,86.375
,1837,12.625,86.375
1.7989891193903843E-5,1838,12.375,86.375
1.673603421522986E-5,1839,12.125,86.375
1.4063284864822517E-5,1840,11.875,86.375
1.26723234469207E-5,1841,11.625,86.375
1.3896946963985422E-5,1842,11.375,86.375
8.426917568705077E-6,1843,11.125,86.375
1.3250334804771845E-5,1844,10.875,86.375
1.4690228601411257E-5,1845,10.625,86.375
1.5029505531433443E-5,1846,10.375,86.375
1.2564708840826968E-5,1847,10.125,86.375
1.4616841440809552E-5,1848,9.875,86.375
1.5724411939356677E-5,1849,9.625,86.375
1.2659117096851279E-5,1850,9.375,86.375
1.3426704362933517E-5,1851,9.125,86.375
1.0690960638113621E-5,1852,8.875,86.375
1.636856312019413E-5,1853,8.625,86.375
1.843565567939801E-5,1854,8.375,86.375
,1855,8.125,86.375
1.1266209773120424E-5,1856,7.875,86.375
9.770755634964329E-6,1857,7.625,86.375
1.2212032519383592E-5,1858,7.375,86.375
1.2910372577399491E-5,1859,7.125,86.375
,1860,6.875,86.375
,1861,6.625,86.375
,1862,6.375,86.375
,1863,6.125,86.375
,1864,5.875,86.375
,1865,5.625,86.375
,1866,5.375,86.375
2.2894056866487384E-5,1867,5.125,86.375
5.867940192091168E-6,1868,4.875,86.375
-1.3170511175046635E-7,1869,4.625,86.375
5.75173733530524E-6,1870,4.375,86.375
8.611946862584639E-6,1871,4.125,86.375
1.225367728153679E-5,1872,3.875,86.375
,1873,3.625,86.375
,1874,3.375,86.375
8.242278663447455E-7,1875,3.125,86.375
5.494519088628535E-6,1876,2.875,86.375
8.073380997790987E-6,1877,2.625,86.375
,1878,2.375,86.375
6.3080765240567366E-6,1879,2.125,86.375
5.219522692830089E-6,1880,1.875,86.375
6.040410014218322E-6,1881,1.625,86.375
4.671684106969436E-6,1882,1.375,86.375
6.3017473633283355E-6,1883,1.125,86.375
,1884,0.875,86.375
4.287623613793514E-6,1885,0.625,86.375
3.811981094880723E-6,1886,0.375,86.375
2.8172542202613483E-6,1887,0.125,86.375
6.597282408609543E-6,1888,-0.125,86.375
7.032594436660459E-6,1889,-0.375,86.375
5.5190190038475645E-6,1890,-0.625,86.375
6.456793174910962E-6,1891,-0.875,86.375
5.052740160741348E-6,1892,-1.125,86.375
4.502173829487886E-6,1893,-1.375,86.375
1.6533350141597643E-6,1894,-1.625,86.375
,1895,-1.875,86.375
2.4165702177705807E-6,1896,-2.125,86.375
1.9330316109366076E-6,1897,-2.375,86.375
,1898,-2.625,86.375
7.812277109524374E-6,1899,-2.875,86.375
7.638693968143632E-6,1900,-3.125,86.375
1.0337926862476507E-5,1901,-3.375,86.375
8.088551775851578E-6,1902,-3.625,86.375
5.307217877589878E-6,1903,-3.875,86.375
5.972533163791552E-6,1904,-4.125,86.375
7.741072891467394E-6,1905,-4.375,86.375
6.581174440866606E-6,1906,-4.625,86.375
4.324163664431892E-6,1907,-4.875,86.375
2.635317366120832E-6,1908,-5.125,86.375
2.8587401393976446E-6,1909,-5.375,86.375
-1.5610412921851462E-6,1910,-5.625,86.375
1.1105042365162392E-6,1911,-5.875,86.375
1.5391634552069087E-6,1912,-6.125,86.375
4.8611041204881015E-6,1913,-6.375,86.375
,1914,-6.625,86.375
,1915,-6.875,86.375
,1916,-7.125,86.375
,1917,-7.375,86.375
5.071082718480004E-6,1918,-7.625,86.375
4.050325728747435E-6,1919,-7.875,86.375
,1920,-8.125,86.375
,1921,-8.375,86.375
,1922,-8.625,86.375
,1923,-8.875,86.375
,1924,-9.125,86.375
,1925,-9.375,86.375
,1926,-9.625,86.375
,1927,-9.875,86.375
4.43509871744854E-6,1928,-10.125,86.375
6.754008069567677E-6,1929,-10.375,86.375
3.833961738459908E-6,1930,-10.625,86.375
,1931,-10.875,86.375
3.934903607835245E-6,1932,-11.125,86.375
6.172125043767822E-6,1933,-11.375,86.375
6.899624615812942E-6,1934,-11.625,86.375
6.327285832178646E-6,1935,-11.875,86.375
-1.3601650221502413E-6,1936,31.875,86.625
1.2587525191309366E-6,1937,31.625,86.625
6.5972840067881745E-6,1938,31.375,86.625
1.307950152550442E-6,1939,31.125,86.625
-6.0607201875646685E-6,1940,30.875,86.625
,1941,30.625,86.625
,1942,30.375,86.625
-1.3514641045162091E-6,1943,30.125,86.625
,1944,29.875,86.625
,1945,29.625,86.625
,1946,29.375,86.625
,1947,29.125,86.625
,1948,28.875,86.625
,1949,28.625,86.625
5.435650135614195E-6,1950,28.375,86.625
5.435650098819138E-6,1951,28.125,86.625
,1952,27.875,86.625
8.502034180987724E-6,1953,27.625,86.625
,1954,27.375,86.625
,1955,27.125,86.625
5.123458143675997E-5,1956,26.875,86.625
4.072840609989852E-5,1957,26.625,86.625
3.5900975975050856E-5,1958,26.375,86.625
2.3993062778894942E-5,1959,26.125,86.625
2.3987398179001214E-5,1960,25.875,86.625
3.2481268140629596E-5,1961,25.625,86.625
3.27472663315846E-5,1962,25.375,86.625
3.11549324244466E-5,1963,25.125,86.625
2.9534441789810815E-5,1964,24.875,86.625
2.4364417114241278E-5,1965,24.625,86.625
2.3621273539377635E-5,1966,24.375,86.625
2.6692590276235586E-5,1967,24.125,86.625
1.1592456644789298E-4,1968,23.875,86.625
1.950100691049515E-4,1969,23.625,86.625
5.964293540208494E-5,1970,23.375,86.625
5.0182059800782234E-5,1971,23.125,86.625
4.019408515723777E-5,1972,22.875,86.625
3.8986075281302604E-5,1973,22.625,86.625
4.0763684210875114E-5,1974,22.375,86.625
3.4051108988468935E-5,1975,22.125,86.625
3.703293777462897E-5,1976,21.875,86.625
2.787301451271141E-5,1977,21.625,86.625
3.076022451580929E-5,1978,21.375,86.625
3.5035604115741744E-5,1979,21.125,86.625
2.9950080034721034E-5,1980,20.875,86.625
3.48039433525496E-5,1981,20.625,86.625
4.2680072465642277E-5,1982,20.375,86.625
4.133096002285514E-5,1983,20.125,86.625
2.1800216441890237E-5,1984,19.875,86.625
2.045109776261246E-5,1985,19.625,86.625
2.3507793146714986E-5,1986,19.375,86.625
1.896093755982853E-5,1987,19.125,86.625
2.1965970321397254E-5,1988,18.875,86.625
1.9572865674085514E-5,1989,18.625,86.625
1.9505707628474497E-5,1990,18.375,86.625
1.9189946650798456E-5,1991,18.125,86.625
2.0550346969405486E-5,1992,17.875,86.625
1.9108473085631244E-5,1993,17.625,86.625
1.995931705266954E-5,1994,17.375,86.625
1.9582761108417823E-5,1995,17.125,86.625
1.8256350261741E-5,1996,16.875,86.625
2.1450159586738372E-5,1997,16.625,86.625
1.9981665808197533E-5,1998,16.375,86.625
1.934719848272884E-5,1999,16.125,86.625
1.70389239376031E-5,2000,15.875,86.625
1.946320004044227E-5,2001,15.625,86.625
1.9502460775200375E-5,2002,15.375,86.625
2.2826775126725648E-5,2003,15.125,86.625
1.928532178662079E-5,2004,14.875,86.625
1.853810870429102E-5,2005,14.625,86.625
1.7500373154255862E-5,2006,14.375,86.625
,2007,14.125,86.625
,2008,13.875,86.625
2.1199286473284735E-5,2009,13.625,86.625
,2010,13.375,86.625
,2011,13.125,86.625
,2012,12.875,86.625
,2013,12.625,86.625
1.0292477611896368E-5,2014,12.375,86.625
1.5164926387656665E-5,2015,12.125,86.625
1.6126164361776465E-5,2016,11.875,86.625
1.243581138302586E-5,2017,11.625,86.625
1.1035852717913563E-5,2018,11.375,86.625
8.723534749901865E-6,2019,11.125,86.625
1.1982373132858858E-5,2020,10.875,86.625
1.1467692559020034E-5,2021,10.625,86.625
1.3560048157335208E-5,2022,10.375,86.625
1.37810924215299E-5,2023,10.125,86.625
1.2254978135410285E-5,2024,9.875,86.625
1.2027718863443319E-5,2025,9.625,86.625
1.0208442544697222E-5,2026,9.375,86.625
1.2399114670830427E-5,2027,9.125,86.625
1.3154382177756039E-5,2028,8.875,86.625
1.1044346607152588E-5,2029,8.625,86.625
1.4379648807165236E-5,2030,8.375,86.625
1.1346518604730609E-5,2031,8.125,86.625
1.488781766937021E-5,2032,7.875,86.625
1.3359536948961975E-5,2033,7.625,86.625
1.3286421568447898E-5,2034,7.375,86.625
9.398030344846724E-6,2035,7.125,86.625
1.0211199404742146E-5,2036,6.875,86.625
9.37998671452933E-6,2037,6.625,86.625
1.1973303186607395E-5,2038,6.375,86.625
2.6243344562116008E-6,2039,6.125,86.625
,2040,5.875,86.625
,2041,5.625,86.625
,2042,5.375,86.625
,2043,5.125,86.625
,2044,4.875,86.625
,2045,4.625,86.625
5.967872962351626E-6,2046,4.375,86.625
9.062688606217939E-6,2047,4.125,86.625
3.285262245516996E-6,2048,3.875,86.625
4.894237444156155E-6,2049,3.625,86.625
4.894237468859125E-6,2050,3.375,86.625
4.449387019775276E-6,2051,3.125,86.625
6.2959507324550066E-6,2052,2.875,86.625
7.229966379348957E-6,2053,2.625,86.625
5.6359761434552585E-6,2054,2.375,86.625
2.4989813352540822E-6,2055,2.125,86.625
2.815450002798825E-6,2056,1.875,86.625
4.289744608285597E-6,2057,1.625,86.625
6.05902689559915E-6,2058,1.375,86.625
2.729664744046324E-6,2059,1.125,86.625
,2060,0.875,86.625
,2061,0.625,86.625
4.322744408472149E-6,2062,0.375,86.625
2.8711824535208794E-6,2063,0.125,86.625
6.917028592034996E-6,2064,-0.125,86.625
5.573644542850854E-6,2065,-0.375,86.625
6.027208388355808E-6,2066,-0.625,86.625
5.711694629272006E-6,2067,-0.875,86.625
5.640610683298236E-6,2068,-1.125,86.625
7.660160333304695E-6,2069,-1.375,86.625
1.0727663428812001E-5,2070,-1.625,86.625
8.26170162371735E-6,2071,-1.875,86.625
,2072,-2.125,86.625
,2073,-2.375,86.625
1.0076638530194637E-5,2074,-2.625,86.625
1.101491915405696E-5,2075,-2.875,86.625
4.15760424523716E-6,2076,-3.125,86.625
5.991920496040335E-6,2077,-3.375,86.625
6.59493396762131E-6,2078,-3.625,86.625
6.732854126494065E-6,2079,-3.875,86.625
3.476996078837666E-6,2080,-4.125,86.625
7.132058231000814E-6,2081,-4.375,86.625
3.741700626946836E-6,2082,-4.625,86.625
,2083,-4.875,86.625
1.657859076489314E-7,2084,-5.125,86.625
4.029645263749008E-6,2085,-5.375,86.625
2.0814567897716743E-6,2086,-5.625,86.625
5.832273841732821E-6,2087,-5.875,86.625
1.3453451840982582E-6,2088,-6.125,86.625
4.661390997283382E-6,2089,-6.375,86.625
,2090,-6.625,86.625
,2091,-6.875,86.625
,2092,-7.125,86.625
,2093,-7.375,86.625
,2094,-7.625,86.625
,2095,-7.875,86.625
,2096,-8.125,86.625
,2097,-8.375,86.625
,2098,-8.625,86.625
,2099,-8.875,86.625
,2100,-9.125,86.625
,2101,-9.375,86.625
,2102,-9.625,86.625
,2103,-9.875,86.625
,2104,-10.125,86.625
1.471403904397191E-5,2105,-10.375,86.625
,2106,-10.625,86.625
,2107,-10.875,86.625
8.912473419034291E-6,2108,-11.125,86.625
4.398397417816473E-6,2109,-11.375,86.625
6.764552354677864E-6,2110,-11.625,86.625
7.605407834017927E-6,2111,-11.875,86.625
5.780481640297496E-8,2112,31.875,86.875
-1.0468084939567882E-6,2113,31.625,86.875
-1.4860041403343646E-6,2114,31.375,86.875
-3.6827619177810227E-8,2115,31.125,86.875
,2116,30.875,86.875
-4.2230076138611916E-6,2117,30.625,86.875
,2118,30.375,86.875
,2119,30.125,86.875
,2120,29.875,86.875
,2121,29.625,86.875
,2122,29.375,86.875
3.2819671230847854E-6,2123,29.125,86.875
,2124,28.875,86.875
7.292970586983581E-6,2125,28.625,86.875
,2126,28.375,86.875
3.4754776534894548E-6,2127,28.125,86.875
,2128,27.875,86.875
6.8898169948034354E-6,2129,27.625,86.875
1.6311292912581577E-5,2130,27.375,86.875
3.956065714445884E-5,2131,27.125,86.875
3.7287184155258063E-5,2132,26.875,86.875
3.31672000229165E-5,2133,26.625,86.875
3.0288568560628396E-5,2134,26.375,86.875
3.113888904341884E-5,2135,26.125,86.875
2.8672779867632748E-5,2136,25.875,86.875
2.6537338450276052E-5,2137,25.625,86.875
3.037439865165819E-5,2138,25.375,86.875
3.244190621596629E-5,2139,25.125,86.875
3.364477030492507E-5,2140,24.875,86.875
2.6984633067068705E-5,2141,24.625,86.875
2.8389861998859924E-5,2142,24.375,86.875
4.7360812555568106E-5,2143,24.125,86.875
1.0965379766326336E-4,2144,23.875,86.875
1.4263520124485748E-4,2145,23.625,86.875
5.247500619388617E-5,2146,23.375,86.875
4.4325653304301173E-5,2147,23.125,86.875
3.962269337223291E-5,2148,22.875,86.875
3.7145835298839846E-5,2149,22.625,86.875
3.908087787414054E-5,2150,22.375,86.875
3.9191841744288086E-5,2151,22.125,86.875
3.416948816604292E-5,2152,21.875,86.875
3.42777406985631E-5,2153,21.625,86.875
2.8994540273303323E-5,2154,21.375,86.875
2.5350977636041647E-5,2155,21.125,86.875
2.56719793324376E-5,2156,20.875,86.875
2.2356546607343255E-5,2157,20.625,86.875
2.1657296298475463E-5,2158,20.375,86.875
2.3264677537098108E-5,2159,20.125,86.875
2.148059560390635E-5,2160,19.875,86.875
2.1061758092002798E-5,2161,19.625,86.875
1.995488697611734E-5,2162,19.375,86.875
1.9626097026053063E-5,2163,19.125,86.875
1.9213046334339523E-5,2164,18.875,86.875
1.8249870942809528E-5,2165,18.625,86.875
2.032094607737681E-5,2166,18.375,86.875
2.1399516500861296E-5,2167,18.125,86.875
2.0858077317657582E-5,2168,17.875,86.875
1.9521575124529084E-5,2169,17.625,86.875
2.0529525984660137E-5,2170,17.375,86.875
1.9510187192064127E-5,2171,17.125,86.875
1.828119544628525E-5,2172,16.875,86.875
1.9235490163933003E-5,2173,16.625,86.875
2.0034604382029654E-5,2174,16.375,86.875
2.1367530258472673E-5,2175,16.125,86.875
2.0595340218681625E-5,2176,15.875,86.875
2.181051276083261E-5,2177,15.625,86.875
2.1310330001079923E-5,2178,15.375,86.875
2.0226400663835747E-5,2179,15.125,86.875
1.838282891773271E-5,2180,14.875,86.875
2.081401019131461E-5,2181,14.625,86.875
2.2762142126335142E-5,2182,14.375,86.875
,2183,14.125,86.875
,2184,13.875,86.875
,2185,13.625,86.875
,2186,13.375,86.875
,2187,13.125,86.875
,2188,12.875,86.875
,2189,12.625,86.875
1.2934931437444523E-5,2190,12.375,86.875
1.5141300545867925E-5,2191,12.125,86.875
1.3013034652128347E-5,2192,11.875,86.875
1.3622369344352084E-5,2193,11.625,86.875
1.1129154719933842E-5,2194,11.375,86.875
1.235967742868078E-5,2195,11.125,86.875
1.3390877162584232E-5,2196,10.875,86.875
1.3132305771647311E-5,2197,10.625,86.875
1.2659934986052416E-5,2198,10.375,86.875
1.2927404782227602E-5,2199,10.125,86.875
1.4917560422388614E-5,2200,9.875,86.875
1.3472105776795301E-5,2201,9.625,86.875
1.0077242153240077E-5,2202,9.375,86.875
1.141908555725795E-5,2203,9.125,86.875
1.26870611766454E-5,2204,8.875,86.875
1.1412064426844997E-5,2205,8.625,86.875
1.5596669704342635E-5,2206,8.375,86.875
1.5270616747916336E-5,2207,8.125,86.875
1.1819878280857765E-5,2208,7.875,86.875
1.0138290789720115E-5,2209,7.625,86.875
1.3081760276924506E-5,2210,7.375,86.875
1.397524572322621E-5,2211,7.125,86.875
1.2085182557641063E-5,2212,6.875,86.875
1.533442552320685E-5,2213,6.625,86.875
1.2466244870187277E-5,2214,6.375,86.875
1.26843802947387E-5,2215,6.125,86.875
,2216,5.875,86.875
,2217,5.625,86.875
2.10800462128175E-5,2218,5.375,86.875
,2219,5.125,86.875
,2220,4.875,86.875
,2221,4.625,86.875
,2222,4.375,86.875
,2223,4.125,86.875
,2224,3.875,86.875
,2225,3.625,86.875
,2226,3.375,86.875
,2227,3.125,86.875
6.3886959819316186E-6,2228,2.875,86.875
1.4981325152913813E-5,2229,2.625,86.875
4.874183915516233E-6,2230,2.375,86.875
4.370637435130589E-6,2231,2.125,86.875
4.569300478885718E-6,2232,1.875,86.875
6.401822654198842E-6,2233,1.625,86.875
5.320961000457057E-6,2234,1.375,86.875
-4.1490975050654957E-7,2235,1.125,86.875
6.382718315890876E-6,2236,0.875,86.875
5.251550985654593E-6,2237,0.625,86.875
1.7097210268878495E-6,2238,0.375,86.875
3.927765935417657E-6,2239,0.125,86.875
7.356887934897571E-6,2240,-0.125,86.875
5.66919077630229E-6,2241,-0.375,86.875
4.641008944678731E-6,2242,-0.625,86.875
6.438130777335704E-6,2243,-0.875,86.875
7.066663056967814E-6,2244,-1.125,86.875
3.355428196705214E-6,2245,-1.375,86.875
6.24948720363442E-6,2246,-1.625,86.875
8.156400137192472E-6,2247,-1.875,86.875
,2248,-2.125,86.875
3.2266577262356697E-6,2249,-2.375,86.875
9.079220663795835E-6,2250,-2.625,86.875
6.365314364648271E-6,2251,-2.875,86.875
1.2847267550018025E-5,2252,-3.125,86.875
-1.0009562679811203E-7,2253,-3.375,86.875
7.424212548081931E-6,2254,-3.625,86.875
4.412819696515135E-6,2255,-3.875,86.875
6.270681997606409E-6,2256,-4.125,86.875
4.020319078333699E-6,2257,-4.375,86.875
5.982713863204412E-6,2258,-4.625,86.875
,2259,-4.875,86.875
-3.432943669802006E-6,2260,-5.125,86.875
2.5531971917767996E-6,2261,-5.375,86.875
2.415033613788254E-6,2262,-5.625,86.875
2.973217784375553E-6,2263,-5.875,86.875
1.9021646791625728E-6,2264,-6.125,86.875
7.702938525570408E-6,2265,-6.375,86.875
,2266,-6.625,86.875
,2267,-6.875,86.875
,2268,-7.125,86.875
,2269,-7.375,86.875
,2270,-7.625,86.875
,2271,-7.875,86.875
,2272,-8.125,86.875
,2273,-8.375,86.875
,2274,-8.625,86.875
,2275,-8.875,86.875
,2276,-9.125,86.875
,2277,-9.375,86.875
,2278,-9.625,86.875
,2279,-9.875,86.875
,2280,-10.125,86.875
,2281,-10.375,86.875
,2282,-10.625,86.875
-2.944958313347046E-6,2283,-10.875,86.875
6.0737795200651305E-6,2284,-11.125,86.875
4.4522997924906496E-6,2285,-11.375,86.875
5.089675896763013E-6,2286,-11.625,86.875
4.185266079348582E-6,2287,-11.875,86.875
-1.3968032366707756E-6,2288,31.875,87.125
-5.996282156746717E-7,2289,31.625,87.125
-2.8287528259517527E-6,2290,31.375,87.125
-7.574987534059225E-6,2291,31.125,87.125
-5.894162089237829E-6,2292,30.875,87.125
-6.116597365372065E-6,2293,30.625,87.125
,2294,30.375,87.125
,2295,30.125,87.125
,2296,29.875,87.125
,2297,29.625,87.125
,2298,29.375,87.125
,2299,29.125,87.125
,2300,28.875,87.125
,2301,28.625,87.125
,2302,28.375,87.125
4.986488428706715E-6,2303,28.125,87.125
,2304,27.875,87.125
1.9786530140093398E-5,2305,27.625,87.125
1.0870098766927475E-5,2306,27.375,87.125
3.51696170291938E-5,2307,27.125,87.125
3.371597121943945E-5,2308,26.875,87.125
2.986179473270513E-5,2309,26.625,87.125
2.73214884511431E-5,2310,26.375,87.125
2.771085849193904E-5,2311,26.125,87.125
2.4986616663898955E-5,2312,25.875,87.125
2.8567286577375823E-5,2313,25.625,87.125
2.8503637304126015E-5,2314,25.375,87.125
3.181951412285307E-5,2315,25.125,87.125
3.579368911645283E-5,2316,24.875,87.125
2.883004971253338E-5,2317,24.625,87.125
3.126658664093447E-5,2318,24.375,87.125
5.765678287990523E-5,2319,24.125,87.125
1.7354112111195208E-4,2320,23.875,87.125
4.1262314812094166E-4,2321,23.625,87.125
5.7264573165757016E-5,2322,23.375,87.125
4.80270518244563E-5,2323,23.125,87.125
1.8893437823895326E-5,2324,22.875,87.125
3.275077003086315E-5,2325,22.625,87.125
4.3137311424417826E-5,2326,22.375,87.125
3.683927828441212E-5,2327,22.125,87.125
3.276121617276977E-5,2328,21.875,87.125
3.227068064784636E-5,2329,21.625,87.125
2.368633017843294E-5,2330,21.375,87.125
2.2046024391737896E-5,2331,21.125,87.125
2.5473057786198086E-5,2332,20.875,87.125
2.218848580884439E-5,2333,20.625,87.125
2.183179263687363E-5,2334,20.375,87.125
2.022803106817181E-5,2335,20.125,87.125
2.134432006343602E-5,2336,19.875,87.125
2.0397343709079544E-5,2337,19.625,87.125
2.1029355605364313E-5,2338,19.375,87.125
2.0952879868963304E-5,2339,19.125,87.125
1.749481304063242E-5,2340,18.875,87.125
2.114324495984907E-5,2341,18.625,87.125
2.0051786503219887E-5,2342,18.375,87.125
2.031396273958695E-5,2343,18.125,87.125
2.093975674576487E-5,2344,17.875,87.125
1.9022508132896096E-5,2345,17.625,87.125
1.9326617802909604E-5,2346,17.375,87.125
1.8852233821464993E-5,2347,17.125,87.125
1.9443186170032434E-5,2348,16.875,87.125
1.9270598649511118E-5,2349,16.625,87.125
1.8683053715524373E-5,2350,16.375,87.125
1.8865694909422292E-5,2351,16.125,87.125
2.0587188101536772E-5,2352,15.875,87.125
2.082761292097643E-5,2353,15.625,87.125
2.1711912726925208E-5,2354,15.375,87.125
2.0233874134243235E-5,2355,15.125,87.125
1.9865774602077596E-5,2356,14.875,87.125
2.110472950519916E-5,2357,14.625,87.125
2.0327290686807846E-5,2358,14.375,87.125
1.8493586031527153E-5,2359,14.125,87.125
,2360,13.875,87.125
,2361,13.625,87.125
1.860918551720375E-5,2362,13.375,87.125
,2363,13.125,87.125
,2364,12.875,87.125
,2365,12.625,87.125
1.547856243854074E-5,2366,12.375,87.125
1.5289593994329118E-5,2367,12.125,87.125
1.3721475098167382E-5,2368,11.875,87.125
1.589532718578357E-5,2369,11.625,87.125
1.2355255694929811E-5,2370,11.375,87.125
1.1897086420269944E-5,2371,11.125,87.125
1.3641223140186325E-5,2372,10.875,87.125
1.3110639006086363E-5,2373,10.625,87.125
1.0809963413081308E-5,2374,10.375,87.125
1.2164398438589306E-5,2375,10.125,87.125
1.4907513452007014E-5,2376,9.875,87.125
1.8957011406486058E-5,2377,9.625,87.125
1.3710850429066865E-5,2378,9.375,87.125
1.3458389143043966E-5,2379,9.125,87.125
1.2117763753614785E-5,2380,8.875,87.125
1.2364894221710426E-5,2381,8.625,87.125
1.0297967784114706E-5,2382,8.375,87.125
1.0912504841580529E-5,2383,8.125,87.125
8.675125442353507E-6,2384,7.875,87.125
1.0381010060585753E-5,2385,7.625,87.125
1.1028907107503197E-5,2386,7.375,87.125
1.3775867463617847E-5,2387,7.125,87.125
1.089641034697368E-5,2388,6.875,87.125
1.1263874179164646E-5,2389,6.625,87.125
1.27493874206696E-5,2390,6.375,87.125
1.7111365157816358E-5,2391,6.125,87.125
2.5743314661882336E-5,2392,5.875,87.125
1.8977933243495454E-5,2393,5.625,87.125
1.864742516922721E-5,2394,5.375,87.125
1.196350697649396E-5,2395,5.125,87.125
1.2164956129896117E-5,2396,4.875,87.125
1.299094196652E-5,2397,4.625,87.125
1.1163256383478354E-5,2398,4.375,87.125
1.2505705266179334E-5,2399,4.125,87.125
1.084315711025631E-5,2400,3.875,87.125
,2401,3.625,87.125
,2402,3.375,87.125
,2403,3.125,87.125
,2404,2.875,87.125
,2405,2.625,87.125
,2406,2.375,87.125
4.712738318239873E-8,2407,2.125,87.125
5.578086632360058E-6,2408,1.875,87.125
1.0365549373115276E-5,2409,1.625,87.125
5.619205455106686E-7,2410,1.375,87.125
4.851228248050008E-6,2411,1.125,87.125
5.188919693177309E-6,2412,0.875,87.125
1.4818515437498292E-6,2413,0.625,87.125
,2414,0.375,87.125
3.57980765494382E-6,2415,0.125,87.125
7.441102957068999E-6,2416,-0.125,87.125
5.521942100932386E-6,2417,-0.375,87.125
6.04502977540675E-6,2418,-0.625,87.125
1.0805225829700967E-5,2419,-0.875,87.125
9.609031958727173E-6,2420,-1.125,87.125
1.232944261979019E-6,2421,-1.375,87.125
4.818870674081953E-6,2422,-1.625,87.125
,2423,-1.875,87.125
,2424,-2.125,87.125
2.478614337372788E-6,2425,-2.375,87.125
5.9177545790149256E-6,2426,-2.625,87.125
9.54877030492613E-6,2427,-2.875,87.125
1.1291392660437737E-5,2428,-3.125,87.125
9.263780068511364E-7,2429,-3.375,87.125
5.952035029485644E-6,2430,-3.625,87.125
8.09543247771848E-6,2431,-3.875,87.125
6.474373145981752E-6,2432,-4.125,87.125
7.408634970858945E-6,2433,-4.375,87.125
3.8307572420418285E-6,2434,-4.625,87.125
4.0435064090546524E-6,2435,-4.875,87.125
4.793401115211881E-7,2436,-5.125,87.125
1.0798649331313045E-6,2437,-5.375,87.125
3.843110274081902E-6,2438,-5.625,87.125
3.2206194893334455E-6,2439,-5.875,87.125
2.9799467624081713E-6,2440,-6.125,87.125
2.961675429276194E-6,2441,-6.375,87.125
,2442,-6.625,87.125
,2443,-6.875,87.125
,2444,-7.125,87.125
,2445,-7.375,87.125
,2446,-7.625,87.125
,2447,-7.875,87.125
,2448,-8.125,87.125
,2449,-8.375,87.125
,2450,-8.625,87.125
,2451,-8.875,87.125
,2452,-9.125,87.125
,2453,-9.375,87.125
,2454,-9.625,87.125
,2455,-9.875,87.125
,2456,-10.125,87.125
,2457,-10.375,87.125
,2458,-10.625,87.125
6.25582206539229E-6,2459,-10.875,87.125
2.2124292197288134E-6,2460,-11.125,87.125
4.206601004663376E-6,2461,-11.375,87.125
8.129743403182703E-6,2462,-11.625,87.125
6.599394721228374E-6,2463,-11.875,87.125
7.457089544410702E-7,2464,31.875,87.375
-2.167923106043848E-6,2465,31.625,87.375
-3.2284455082134843E-6,2466,31.375,87.375
,2467,31.125,87.375
-2.31456171115483E-6,2468,30.875,87.375
7.828277998657596E-6,2469,30.625,87.375
,2470,30.375,87.375
,2471,30.125,87.375
,2472,29.875,87.375
,2473,29.625,87.375
,2474,29.375,87.375
,2475,29.125,87.375
,2476,28.875,87.375
,2477,28.625,87.375
,2478,28.375,87.375
1.0457024253090603E-5,2479,28.125,87.375
1.3733502238632097E-5,2480,27.875,87.375
1.8008978838587114E-5,2481,27.625,87.375
1.813883037546784E-5,2482,27.375,87.375
2.5657015172814047E-5,2483,27.125,87.375
2.9535980599010355E-5,2484,26.875,87.375
2.498554002679196E-5,2485,26.625,87.375
2.1213795068059937E-5,2486,26.375,87.375
2.5741432053175215E-5,2487,26.125,87.375
2.4573793004694435E-5,2488,25.875,87.375
2.9091120306723296E-5,2489,25.625,87.375
2.7533118526173226E-5,2490,25.375,87.375
1.76591290482476E-4,2491,25.125,87.375
4.9900348578155815E-5,2492,24.875,87.375
3.377313689954858E-5,2493,24.625,87.375
3.896612143340934E-5,2494,24.375,87.375
2.809930218919247E-4,2495,24.125,87.375
7.516348475657464E-5,2496,23.875,87.375
5.826244155850423E-5,2497,23.625,87.375
3.77106198233957E-5,2498,23.375,87.375
4.980696941678923E-5,2499,23.125,87.375
5.1343405748317804E-5,2500,22.875,87.375
4.230522776686779E-5,2501,22.625,87.375
2.9615458553841207E-5,2502,22.375,87.375
2.4539122215675575E-5,2503,22.125,87.375
2.2656553928583142E-5,2504,21.875,87.375
2.087945857421534E-5,2505,21.625,87.375
2.2260117066780667E-5,2506,21.375,87.375
2.017992163671702E-5,2507,21.125,87.375
2.029262408739349E-5,2508,20.875,87.375
2.002698822005259E-5,2509,20.625,87.375
1.831790537988577E-5,2510,20.375,87.375
1.677305965662397E-5,2511,20.125,87.375
2.2374236634841814E-5,2512,19.875,87.375
2.0806415593579763E-5,2513,19.625,87.375
1.9022902137000755E-5,2514,19.375,87.375
1.7564565207330866E-5,2515,19.125,87.375
1.8599189086145036E-5,2516,18.875,87.375
1.829225333904395E-5,2517,18.625,87.375
1.699301225344096E-5,2518,18.375,87.375
1.741588272559983E-5,2519,18.125,87.375
1.842548495407374E-5,2520,17.875,87.375
1.9197124528601507E-5,2521,17.625,87.375
1.900230569019873E-5,2522,17.375,87.375
2.0948166217676372E-5,2523,17.125,87.375
1.9482050821393532E-5,2524,16.875,87.375
1.9813195409817987E-5,2525,16.625,87.375
2.208642919710964E-5,2526,16.375,87.375
1.8616344408982E-5,2527,16.125,87.375
1.832327190104271E-5,2528,15.875,87.375
1.8188457167432694E-5,2529,15.625,87.375
2.1402364814855902E-5,2530,15.375,87.375
2.4266041465365132E-5,2531,15.125,87.375
1.734365686286109E-5,2532,14.875,87.375
2.0194610907719045E-5,2533,14.625,87.375
1.8287147013311453E-5,2534,14.375,87.375
2.1603379603216255E-5,2535,14.125,87.375
2.0221796169662694E-5,2536,13.875,87.375
2.1361568063574825E-5,2537,13.625,87.375
1.819286350715141E-5,2538,13.375,87.375
2.105058522514661E-5,2539,13.125,87.375
1.587619529456619E-5,2540,12.875,87.375
1.4374810161387858E-5,2541,12.625,87.375
1.4786527288043639E-5,2542,12.375,87.375
1.4962908323283915E-5,2543,12.125,87.375
1.550037272074655E-5,2544,11.875,87.375
1.22440645353158E-5,2545,11.625,87.375
1.3333912860479577E-5,2546,11.375,87.375
1.3252176476495365E-5,2547,11.125,87.375
1.3656709836725473E-5,2548,10.875,87.375
1.54501208459938E-5,2549,10.625,87.375
1.35437428663998E-5,2550,10.375,87.375
1.3850733609906388E-5,2551,10.125,87.375
1.2024395664666848E-5,2552,9.875,87.375
1.3521228688630443E-5,2553,9.625,87.375
1.3020633799593709E-5,2554,9.375,87.375
1.2738697804229315E-5,2555,9.125,87.375
1.196363177690771E-5,2556,8.875,87.375
1.128516696172927E-5,2557,8.625,87.375
1.1554066004664878E-5,2558,8.375,87.375
1.1527518975215761E-5,2559,8.125,87.375
1.1047460788499604E-5,2560,7.875,87.375
9.008062033782717E-6,2561,7.625,87.375
9.401450374351947E-6,2562,7.375,87.375
1.0321386202909423E-5,2563,7.125,87.375
1.1049159891059897E-5,2564,6.875,87.375
1.2406704128430151E-5,2565,6.625,87.375
1.1773125966748135E-5,2566,6.375,87.375
1.488740709833385E-5,2567,6.125,87.375
1.6389173903974163E-5,2568,5.875,87.375
1.937285911309571E-5,2569,5.625,87.375
1.363753313252524E-5,2570,5.375,87.375
1.2721409726445235E-5,2571,5.125,87.375
1.0902650967084141E-5,2572,4.875,87.375
1.1116514396836453E-5,2573,4.625,87.375
1.2540082704230736E-5,2574,4.375,87.375
1.07139893300678E-5,2575,4.125,87.375
1.2111209463780844E-5,2576,3.875,87.375
8.67765620628789E-6,2577,3.625,87.375
1.4720091343843477E-5,2578,3.375,87.375
,2579,3.125,87.375
1.152463489509434E-5,2580,2.875,87.375
1.0035087767828664E-5,2581,2.625,87.375
,2582,2.375,87.375
,2583,2.125,87.375
,2584,1.875,87.375
,2585,1.625,87.375
,2586,1.375,87.375
,2587,1.125,87.375
,2588,0.875,87.375
3.947944606736116E-6,2589,0.625,87.375
3.5261235268133918E-6,2590,0.375,87.375
,2591,0.125,87.375
6.447208012409786E-6,2592,-0.125,87.375
4.612346258514355E-6,2593,-0.375,87.375
5.194909491099065E-6,2594,-0.625,87.375
6.9126339501796026E-6,2595,-0.875,87.375
7.420241132439338E-6,2596,-1.125,87.375
7.475641949107222E-6,2597,-1.375,87.375
8.144519657734819E-6,2598,-1.625,87.375
5.2887757829416445E-6,2599,-1.875,87.375
2.6771043735845864E-6,2600,-2.125,87.375
5.127254028955796E-6,2601,-2.375,87.375
2.491225082473539E-6,2602,-2.625,87.375
7.2316056789472335E-6,2603,-2.875,87.375
2.1816254062501844E-6,2604,-3.125,87.375
8.042521110123871E-7,2605,-3.375,87.375
8.783940944950935E-6,2606,-3.625,87.375
1.0214185145737882E-5,2607,-3.875,87.375
5.556159381497466E-7,2608,-4.125,87.375
4.511304362061855E-6,2609,-4.375,87.375
2.331649734066252E-6,2610,-4.625,87.375
-5.758626324686194E-6,2611,-4.875,87.375
1.2545232801706028E-7,2612,-5.125,87.375
1.4357075544153582E-6,2613,-5.375,87.375
2.4684937049585954E-6,2614,-5.625,87.375
-8.218912363667724E-7,2615,-5.875,87.375
2.3086771811480022E-6,2616,-6.125,87.375
3.293727840715893E-6,2617,-6.375,87.375
,2618,-6.625,87.375
,2619,-6.875,87.375
,2620,-7.125,87.375
,2621,-7.375,87.375
,2622,-7.625,87.375
,2623,-7.875,87.375
,2624,-8.125,87.375
,2625,-8.375,87.375
,2626,-8.625,87.375
,2627,-8.875,87.375
,2628,-9.125,87.375
,2629,-9.375,87.375
,2630,-9.625,87.375
,2631,-9.875,87.375
,2632,-10.125,87.375
,2633,-10.375,87.375
-8.478831360216382E-6,2634,-10.625,87.375
5.921543444559867E-6,2635,-10.875,87.375
4.712575730610411E-6,2636,-11.125,87.375
6.578059654544672E-6,2637,-11.375,87.375
4.5936242064123105E-6,2638,-11.625,87.375
7.345693778547665E-6,2639,-11.875,87.375
-3.901356113746523E-6,2640,31.875,87.625
-2.6083642970852546E-6,2641,31.625,87.625
1.3835883664852486E-6,2642,31.375,87.625
,2643,31.125,87.625
-5.364898518850683E-6,2644,30.875,87.625
,2645,30.625,87.625
,2646,30.375,87.625
,2647,30.125,87.625
,2648,29.875,87.625
,2649,29.625,87.625
,2650,29.375,87.625
,2651,29.125,87.625
,2652,28.875,87.625
,2653,28.625,87.625
,2654,28.375,87.625
8.448737264920974E-6,2655,28.125,87.625
1.0184746724930334E-5,2656,27.875,87.625
7.2854273188864335E-6,2657,27.625,87.625
2.0102459762833966E-5,2658,27.375,87.625
2.6703233776660456E-5,2659,27.125,87.625
3.302099496772444E-5,2660,26.875,87.625
2.4409485447758353E-5,2661,26.625,87.625
2.43168981845129E-5,2662,26.375,87.625
2.721789390980599E-5,2663,26.125,87.625
2.5068332891772803E-5,2664,25.875,87.625
2.5725078313141855E-5,2665,25.625,87.625
3.085384418386777E-5,2666,25.375,87.625
2.0438290476676647E-4,2667,25.125,87.625
7.32717018514925E-5,2668,24.875,87.625
3.630609345107875E-5,2669,24.625,87.625
5.744590076473134E-5,2670,24.375,87.625
1.364491659577573E-4,2671,24.125,87.625
4.874587969013686E-5,2672,23.875,87.625
4.6461850882270195E-5,2673,23.625,87.625
4.024260355237945E-5,2674,23.375,87.625
4.60046901059918E-5,2675,23.125,87.625
4.661266635244059E-5,2676,22.875,87.625
3.0331986897359378E-5,2677,22.625,87.625
2.6649337573812062E-5,2678,22.375,87.625
2.4837784544810945E-5,2679,22.125,87.625
2.3826527952469725E-5,2680,21.875,87.625
2.163447754727584E-5,2681,21.625,87.625
2.3617536192539233E-5,2682,21.375,87.625
1.9528117137877987E-5,2683,21.125,87.625
2.048626225098203E-5,2684,20.875,87.625
2.132879248202259E-5,2685,20.625,87.625
1.769484867763753E-5,2686,20.375,87.625
1.729555135697113E-5,2687,20.125,87.625
2.0837580272885058E-5,2688,19.875,87.625
1.8848716998412465E-5,2689,19.625,87.625
1.931592963065416E-5,2690,19.375,87.625
1.6995970574760955E-5,2691,19.125,87.625
1.8352840315767995E-5,2692,18.875,87.625
1.6294205865529536E-5,2693,18.625,87.625
1.907435438284347E-5,2694,18.375,87.625
2.1224913937889136E-5,2695,18.125,87.625
1.9695872936337395E-5,2696,17.875,87.625
1.7763251524726363E-5,2697,17.625,87.625
1.8884878160442615E-5,2698,17.375,87.625
2.0900773407667177E-5,2699,17.125,87.625
2.146320043912097E-5,2700,16.875,87.625
1.8177938797952465E-5,2701,16.625,87.625
2.0969514769402518E-5,2702,16.375,87.625
1.8702703711416323E-5,2703,16.125,87.625
2.043323672144951E-5,2704,15.875,87.625
2.01102027420089E-5,2705,15.625,87.625
2.082688315627923E-5,2706,15.375,87.625
2.0283219028658412E-5,2707,15.125,87.625
2.0053324416461484E-5,2708,14.875,87.625
2.1516469193771487E-5,2709,14.625,87.625
1.9800073707277908E-5,2710,14.375,87.625
2.018287248371406E-5,2711,14.125,87.625
1.7816629074780298E-5,2712,13.875,87.625
1.6208916525040207E-5,2713,13.625,87.625
1.811048786734118E-5,2714,13.375,87.625
1.935591059673549E-5,2715,13.125,87.625
1.5991314519382923E-5,2716,12.875,87.625
1.570574852584815E-5,2717,12.625,87.625
1.3695802705474633E-5,2718,12.375,87.625
1.7063117635125808E-5,2719,12.125,87.625
1.5077771983140417E-5,2720,11.875,87.625
1.419941168971652E-5,2721,11.625,87.625
1.3411973149731257E-5,2722,11.375,87.625
1.5694788673913207E-5,2723,11.125,87.625
1.4417633463541177E-5,2724,10.875,87.625
1.5225962485252025E-5,2725,10.625,87.625
1.2799282033931402E-5,2726,10.375,87.625
1.3473102569485657E-5,2727,10.125,87.625
1.1799167597808017E-5,2728,9.875,87.625
1.3990993438327315E-5,2729,9.625,87.625
1.072818761084127E-5,2730,9.375,87.625
1.1886003315472597E-5,2731,9.125,87.625
1.2702547918887161E-5,2732,8.875,87.625
1.1225408216463896E-5,2733,8.625,87.625
1.0043661021696639E-5,2734,8.375,87.625
9.467468665725284E-6,2735,8.125,87.625
8.608131101235492E-6,2736,7.875,87.625
1.2237367243530968E-5,2737,7.625,87.625
1.218020211370243E-5,2738,7.375,87.625
8.752234638111665E-6,2739,7.125,87.625
1.2873498493641195E-5,2740,6.875,87.625
8.85915108679229E-6,2741,6.625,87.625
1.0553361856091849E-5,2742,6.375,87.625
1.6848154962833715E-5,2743,6.125,87.625
2.1102311489303672E-5,2744,5.875,87.625
1.5129606293601631E-5,2745,5.625,87.625
1.5341100289754055E-5,2746,5.375,87.625
1.6502115657708934E-5,2747,5.125,87.625
1.337674833711396E-5,2748,4.875,87.625
1.3628235814285054E-5,2749,4.625,87.625
8.912980522918107E-6,2750,4.375,87.625
1.2637411764886778E-5,2751,4.125,87.625
1.2783137611373828E-5,2752,3.875,87.625
1.1689680080323827E-5,2753,3.625,87.625
8.587947018950954E-6,2754,3.375,87.625
9.13355133645787E-6,2755,3.125,87.625
1.1462089465918745E-5,2756,2.875,87.625
1.3491079851605683E-5,2757,2.625,87.625
,2758,2.375,87.625
4.732144289440319E-6,2759,2.125,87.625
-2.3107499857990148E-6,2760,1.875,87.625
,2761,1.625,87.625
,2762,1.375,87.625
,2763,1.125,87.625
,2764,0.875,87.625
,2765,0.625,87.625
,2766,0.375,87.625
,2767,0.125,87.625
7.784732045420828E-6,2768,-0.125,87.625
3.2329674531353345E-6,2769,-0.375,87.625
7.293601928247975E-6,2770,-0.625,87.625
8.784791756459165E-6,2771,-0.875,87.625
3.7489204522833083E-6,2772,-1.125,87.625
8.802114570496875E-6,2773,-1.375,87.625
9.20276537325767E-6,2774,-1.625,87.625
6.658828552487881E-6,2775,-1.875,87.625
-2.093673791210972E-6,2776,-2.125,87.625
4.360740357207326E-6,2777,-2.375,87.625
6.548280971430819E-6,2778,-2.625,87.625
1.2860022673685446E-5,2779,-2.875,87.625
-1.503262082047385E-6,2780,-3.125,87.625
5.56455329473004E-6,2781,-3.375,87.625
8.752764739869471E-6,2782,-3.625,87.625
7.712109519114264E-6,2783,-3.875,87.625
2.2195571657609056E-6,2784,-4.125,87.625
5.129793488231471E-6,2785,-4.375,87.625
3.1758119556784857E-6,2786,-4.625,87.625
6.394456595301519E-6,2787,-4.875,87.625
-1.1705360967912596E-6,2788,-5.125,87.625
-6.480356816876873E-8,2789,-5.375,87.625
7.447297326011119E-6,2790,-5.625,87.625
,2791,-5.875,87.625
-1.571781482138437E-6,2792,-6.125,87.625
6.428608453243495E-6,2793,-6.375,87.625
,2794,-6.625,87.625
-3.6928568717811797E-7,2795,-6.875,87.625
3.2561703408362157E-6,2796,-7.125,87.625
,2797,-7.375,87.625
,2798,-7.625,87.625
,2799,-7.875,87.625
,2800,-8.125,87.625
,2801,-8.375,87.625
,2802,-8.625,87.625
,2803,-8.875,87.625
,2804,-9.125,87.625
,2805,-9.375,87.625
,2806,-9.625,87.625
,2807,-9.875,87.625
,2808,-10.125,87.625
-1.9471513078246457E-6,2809,-10.375,87.625
-1.3790227823754083E-6,2810,-10.625,87.625
5.197593492343387E-6,2811,-10.875,87.625
6.755239610275086E-6,2812,-11.125,87.625
5.722059454923316E-6,2813,-11.375,87.625
6.682349810358644E-6,2814,-11.625,87.625
6.012043662384892E-6,2815,-11.875,87.625
-1.0205180111163898E-6,2816,31.875,87.875
-2.808429737140032E-6,2817,31.625,87.875
-1.9030179659455824E-6,2818,31.375,87.875
-4.9685851032709015E-6,2819,31.125,87.875
-3.1045410027432853E-7,2820,30.875,87.875
-1.6204992792757376E-5,2821,30.625,87.875
,2822,30.375,87.875
,2823,30.125,87.875
,2824,29.875,87.875
,2825,29.625,87.875
,2826,29.375,87.875
7.137622494726757E-6,2827,29.125,87.875
2.7669166381994053E-6,2828,28.875,87.875
9.057671167301986E-6,2829,28.625,87.875
6.562961683954827E-6,2830,28.375,87.875
,2831,28.125,87.875
6.395806295834957E-6,2832,27.875,87.875
,2833,27.625,87.875
1.6605927376545424E-5,2834,27.375,87.875
1.960652026970087E-5,2835,27.125,87.875
2.7020310071872697E-5,2836,26.875,87.875
2.5227279887302697E-5,2837,26.625,87.875
2.9238260962691222E-5,2838,26.375,87.875
2.5948750077641365E-5,2839,26.125,87.875
2.3607217768132597E-5,2840,25.875,87.875
2.7275445602139225E-5,2841,25.625,87.875
3.2216011277178496E-5,2842,25.375,87.875
9.149088157627081E-5,2843,25.125,87.875
1.1367681590716202E-4,2844,24.875,87.875
1.1614357927915083E-4,2845,24.625,87.875
8.356613286561135E-5,2846,24.375,87.875
4.930345839412214E-5,2847,24.125,87.875
4.253018065042738E-5,2848,23.875,87.875
3.845852905272757E-5,2849,23.625,87.875
5.0205408490065874E-5,2850,23.375,87.875
5.651286013083547E-5,2851,23.125,87.875
6.463035607416258E-5,2852,22.875,87.875
7.40861673895477E-5,2853,22.625,87.875
5.7763502323915396E-5,2854,22.375,87.875
3.932929970395709E-5,2855,22.125,87.875
2.939904062989019E-5,2856,21.875,87.875
2.4544550356752143E-5,2857,21.625,87.875
2.1724834331205755E-5,2858,21.375,87.875
2.0932901528132985E-5,2859,21.125,87.875
1.8226231203365075E-5,2860,20.875,87.875
1.8858176659068164E-5,2861,20.625,87.875
1.9774881402421458E-5,2862,20.375,87.875
2.049557878034662E-5,2863,20.125,87.875
2.1412663337434177E-5,2864,19.875,87.875
1.8948803864891836E-5,2865,19.625,87.875
1.8333695161650248E-5,2866,19.375,87.875
2.008693817609E-5,2867,19.125,87.875
1.7460039983539787E-5,2868,18.875,87.875
1.7855143890600655E-5,2869,18.625,87.875
1.717418855625552E-5,2870,18.375,87.875
2.0131335814865903E-5,2871,18.125,87.875
1.899449538367233E-5,2872,17.875,87.875
1.74765568158301E-5,2873,17.625,87.875
1.9225376615844562E-5,2874,17.375,87.875
1.9433777063708662E-5,2875,17.125,87.875
1.975472533078965E-5,2876,16.875,87.875
1.8397151747079038E-5,2877,16.625,87.875
1.910401004418616E-5,2878,16.375,87.875
2.1336095201295744E-5,2879,16.125,87.875
1.921768798993617E-5,2880,15.875,87.875
1.8189179862035765E-5,2881,15.625,87.875
1.937756658952004E-5,2882,15.375,87.875
2.024736137498016E-5,2883,15.125,87.875
1.9853830564793727E-5,2884,14.875,87.875
1.9323783610537154E-5,2885,14.625,87.875
1.7308401527365387E-5,2886,14.375,87.875
2.016220200805585E-5,2887,14.125,87.875
1.799779064392686E-5,2888,13.875,87.875
2.0846855378289646E-5,2889,13.625,87.875
1.9515733057412297E-5,2890,13.375,87.875
1.407904115936501E-5,2891,13.125,87.875
1.8573982744842325E-5,2892,12.875,87.875
1.4742780048912452E-5,2893,12.625,87.875
1.430106849955016E-5,2894,12.375,87.875
1.573491477336715E-5,2895,12.125,87.875
1.389412218720753E-5,2896,11.875,87.875
1.5659522193400192E-5,2897,11.625,87.875
1.3714782510350302E-5,2898,11.375,87.875
1.4130321462728675E-5,2899,11.125,87.875
1.4598086734825946E-5,2900,10.875,87.875
1.4930633162697276E-5,2901,10.625,87.875
1.2751609079924235E-5,2902,10.375,87.875
1.3365491374640678E-5,2903,10.125,87.875
1.4793848355470306E-5,2904,9.875,87.875
1.2635908201296029E-5,2905,9.625,87.875
1.3048897521516308E-5,2906,9.375,87.875
1.1632170653792257E-5,2907,9.125,87.875
9.658329874955808E-6,2908,8.875,87.875
1.1578797723628555E-5,2909,8.625,87.875
1.0292821974174127E-5,2910,8.375,87.875
1.118637735848611E-5,2911,8.125,87.875
1.0348489014055349E-5,2912,7.875,87.875
1.1384619159442341E-5,2913,7.625,87.875
9.834644701908805E-6,2914,7.375,87.875
1.2217917668028955E-5,2915,7.125,87.875
1.676946415260068E-5,2916,6.875,87.875
1.232929381006637E-5,2917,6.625,87.875
1.2364212884997401E-5,2918,6.375,87.875
1.990771670534258E-5,2919,6.125,87.875
2.0586341966660124E-5,2920,5.875,87.875
8.820689669706014E-6,2921,5.625,87.875
1.0631849796931781E-5,2922,5.375,87.875
1.52807143073039E-5,2923,5.125,87.875
1.6260404348421387E-5,2924,4.875,87.875
1.1624208140596104E-5,2925,4.625,87.875
1.29793137880598E-5,2926,4.375,87.875
9.465319310996364E-6,2927,4.125,87.875
1.3603248912134309E-5,2928,3.875,87.875
1.3057924320944607E-5,2929,3.625,87.875
7.281178371780918E-6,2930,3.375,87.875
9.293619842955672E-6,2931,3.125,87.875
8.778398212236116E-6,2932,2.875,87.875
9.667348767826784E-6,2933,2.625,87.875
,2934,2.375,87.875
6.573370221701638E-6,2935,2.125,87.875
8.494811429074098E-6,2936,1.875,87.875
1.050395102312455E-5,2937,1.625,87.875
,2938,1.375,87.875
,2939,1.125,87.875
-4.395979370129234E-6,2940,0.875,87.875
,2941,0.625,87.875
,2942,0.375,87.875
,2943,0.125,87.875
,2944,-0.125,87.875
,2945,-0.375,87.875
,2946,-0.625,87.875
,2947,-0.875,87.875
,2948,-1.125,87.875
1.1099589416639172E-5,2949,-1.375,87.875
7.729728246917629E-6,2950,-1.625,87.875
8.1234217204808E-6,2951,-1.875,87.875
3.942784497394896E-6,2952,-2.125,87.875
2.884130927056942E-6,2953,-2.375,87.875
9.302368375899922E-6,2954,-2.625,87.875
-7.669852279426596E-7,2955,-2.875,87.875
5.6024853071622935E-6,2956,-3.125,87.875
1.0417991972791078E-5,2957,-3.375,87.875
7.351351738659323E-6,2958,-3.625,87.875
2.778673323026399E-6,2959,-3.875,87.875
5.784978246608311E-6,2960,-4.125,87.875
3.82939751555434E-6,2961,-4.375,87.875
2.6291793095548993E-6,2962,-4.625,87.875
-1.1610738720977943E-6,2963,-4.875,87.875
2.6354878963416585E-6,2964,-5.125,87.875
4.070637013007955E-6,2965,-5.375,87.875
4.573669032065422E-6,2966,-5.625,87.875
-3.2769080328072874E-6,2967,-5.875,87.875
3.765050319969531E-6,2968,-6.125,87.875
3.2007037212013698E-6,2969,-6.375,87.875
,2970,-6.625,87.875
-5.09753439828828E-7,2971,-6.875,87.875
1.3819181795727658E-6,2972,-7.125,87.875
-6.335057007964947E-7,2973,-7.375,87.875
,2974,-7.625,87.875
,2975,-7.875,87.875
,2976,-8.125,87.875
,2977,-8.375,87.875
,2978,-8.625,87.875
,2979,-8.875,87.875
,2980,-9.125,87.875
,2981,-9.375,87.875
,2982,-9.625,87.875
,2983,-9.875,87.875
,2984,-10.125,87.875
4.0396425825491805E-6,2985,-10.375,87.875
4.1846871218303E-6,2986,-10.625,87.875
5.038188889417968E-6,2987,-10.875,87.875
5.719971794319403E-6,2988,-11.125,87.875
6.533792780621552E-6,2989,-11.375,87.875
6.671759110771461E-6,2990,-11.625,87.875
6.2264664386927646E-6,2991,-11.875,87.875
-5.488853685806447E-6,2992,31.875,88.125
-3.1663486901099333E-6,2993,31.625,88.125
-3.3820785718187356E-7,2994,31.375,88.125
-3.824296486080195E-6,2995,31.125,88.125
-4.9379233602708555E-6,2996,30.875,88.125
1.7696571727432257E-6,2997,30.625,88.125
,2998,30.375,88.125
,2999,30.125,88.125
,3000,29.875,88.125
,3001,29.625,88.125
,3002,29.375,88.125
-7.690276260333518E-7,3003,29.125,88.125
,3004,28.875,88.125
,3005,28.625,88.125
5.4468146982706396E-6,3006,28.375,88.125
,3007,28.125,88.125
5.368323374412956E-6,3008,27.875,88.125
7.184153711292548E-6,3009,27.625,88.125
1.532507341308831E-5,3010,27.375,88.125
2.362267596437408E-5,3011,27.125,88.125
2.3121157050693516E-5,3012,26.875,88.125
2.436894004430618E-5,3013,26.625,88.125
3.3735593343234024E-5,3014,26.375,88.125
2.7690312923218686E-5,3015,26.125,88.125
2.8428497727134193E-5,3016,25.875,88.125
3.072308159501432E-5,3017,25.625,88.125
4.938203861147451E-5,3018,25.375,88.125
4.7106636239881004E-5,3019,25.125,88.125
5.689823189139759E-5,3020,24.875,88.125
1.808165523430069E-4,3021,24.625,88.125
1.8897022994526812E-4,3022,24.375,88.125
5.070898300942019E-5,3023,24.125,88.125
5.702662999130984E-5,3024,23.875,88.125
4.402770938125249E-5,3025,23.625,88.125
4.940707198483781E-5,3026,23.375,88.125
5.925571867521582E-5,3027,23.125,88.125
1.0061608485483319E-4,3028,22.875,88.125
8.245238531682424E-5,3029,22.625,88.125
4.5335597817471455E-5,3030,22.375,88.125
2.9519749934243458E-5,3031,22.125,88.125
2.8191927859309786E-5,3032,21.875,88.125
1.9791848909013598E-5,3033,21.625,88.125
2.1534357718916497E-5,3034,21.375,88.125
2.0992130044821745E-5,3035,21.125,88.125
2.0541480017249546E-5,3036,20.875,88.125
1.8022791431020594E-5,3037,20.625,88.125
1.5273662881938638E-5,3038,20.375,88.125
1.8066541200006606E-5,3039,20.125,88.125
1.8594184493053083E-5,3040,19.875,88.125
2.0059637171354428E-5,3041,19.625,88.125
1.7767449826168397E-5,3042,19.375,88.125
1.7950033935570983E-5,3043,19.125,88.125
1.807171931795312E-5,3044,18.875,88.125
1.8831920431482574E-5,3045,18.625,88.125
1.751994638508111E-5,3046,18.375,88.125
1.9146411404889776E-5,3047,18.125,88.125
1.980316915327173E-5,3048,17.875,88.125
1.8089987183664044E-5,3049,17.625,88.125
2.0676101772106415E-5,3050,17.375,88.125
1.9520263853762572E-5,3051,17.125,88.125
1.9676821621409518E-5,3052,16.875,88.125
1.9662241452973198E-5,3053,16.625,88.125
1.793653656832973E-5,3054,16.375,88.125
2.0103928616092686E-5,3055,16.125,88.125
1.8590439016670358E-5,3056,15.875,88.125
1.6905020441231612E-5,3057,15.625,88.125
1.6282501135092588E-5,3058,15.375,88.125
1.703444786917128E-5,3059,15.125,88.125
1.8190773376619588E-5,3060,14.875,88.125
1.721861125086564E-5,3061,14.625,88.125
1.6662573921134945E-5,3062,14.375,88.125
1.6591458157958015E-5,3063,14.125,88.125
2.093682525915599E-5,3064,13.875,88.125
1.8836468901175582E-5,3065,13.625,88.125
1.8998167170427142E-5,3066,13.375,88.125
1.3123592437706838E-5,3067,13.125,88.125
,3068,12.875,88.125
1.3743420634559692E-5,3069,12.625,88.125
1.5158049149384449E-5,3070,12.375,88.125
1.6059892949537134E-5,3071,12.125,88.125
1.4071920139481145E-5,3072,11.875,88.125
1.5659743390376844E-5,3073,11.625,88.125
1.3516570475601475E-5,3074,11.375,88.125
1.4269065102859449E-5,3075,11.125,88.125
1.5176649742962077E-5,3076,10.875,88.125
1.3914471242983372E-5,3077,10.625,88.125
1.4314115991890035E-5,3078,10.375,88.125
1.2359755318539862E-5,3079,10.125,88.125
1.4421364272012316E-5,3080,9.875,88.125
9.2901959770656E-6,3081,9.625,88.125
9.187331557916947E-6,3082,9.375,88.125
1.2308339382704983E-5,3083,9.125,88.125
1.0349257983655777E-5,3084,8.875,88.125
1.0290299328039341E-5,3085,8.625,88.125
1.1493674015684018E-5,3086,8.375,88.125
1.0689749563947898E-5,3087,8.125,88.125
1.0358181528822706E-5,3088,7.875,88.125
8.503750778783465E-6,3089,7.625,88.125
9.62417084488933E-6,3090,7.375,88.125
1.059582358919057E-5,3091,7.125,88.125
1.1710335492231452E-5,3092,6.875,88.125
1.2062930459342855E-5,3093,6.625,88.125
1.2152317559955516E-5,3094,6.375,88.125
1.3966286811229675E-5,3095,6.125,88.125
1.8284842947026216E-5,3096,5.875,88.125
1.9062703021144868E-5,3097,5.625,88.125
1.300221575374926E-5,3098,5.375,88.125
1.4471795086079361E-5,3099,5.125,88.125
1.338845470436049E-5,3100,4.875,88.125
1.0372833625211834E-5,3101,4.625,88.125
1.5343558941108436E-5,3102,4.375,88.125
1.4263394938453164E-5,3103,4.125,88.125
8.518819981159599E-6,3104,3.875,88.125
1.4759689188080807E-5,3105,3.625,88.125
7.210249004397481E-6,3106,3.375,88.125
1.3000312062479658E-5,3107,3.125,88.125
9.241845715110671E-6,3108,2.875,88.125
1.3046005457160785E-5,3109,2.625,88.125
,3110,2.375,88.125
1.774940213503764E-5,3111,2.125,88.125
1.0614993595958648E-5,3112,1.875,88.125
1.4027179150448546E-5,3113,1.625,88.125
,3114,1.375,88.125
7.98598997236362E-6,3115,1.125,88.125
3.179321472912584E-6,3116,0.875,88.125
7.176632341314434E-6,3117,0.625,88.125
,3118,0.375,88.125
,3119,0.125,88.125
8.55848221050031E-6,3120,-0.125,88.125
,3121,-0.375,88.125
,3122,-0.625,88.125
,3123,-0.875,88.125
,3124,-1.125,88.125
,3125,-1.375,88.125
,3126,-1.625,88.125
,3127,-1.875,88.125
-9.360016695544814E-6,3128,-2.125,88.125
6.478768543816244E-6,3129,-2.375,88.125
7.96307643703561E-6,3130,-2.625,88.125
4.9794277773890825E-6,3131,-2.875,88.125
,3132,-3.125,88.125
,3133,-3.375,88.125
2.7906525105187646E-6,3134,-3.625,88.125
2.2788073104211322E-6,3135,-3.875,88.125
7.640801972290984E-6,3136,-4.125,88.125
1.8407911822645923E-6,3137,-4.375,88.125
3.544402059452135E-6,3138,-4.625,88.125
7.694048751517188E-6,3139,-4.875,88.125
3.240005804239355E-6,3140,-5.125,88.125
-5.916680688626175E-7,3141,-5.375,88.125
3.4080328582374667E-6,3142,-5.625,88.125
3.568810781059981E-6,3143,-5.875,88.125
-1.1603611773578789E-6,3144,-6.125,88.125
1.4440681582753352E-6,3145,-6.375,88.125
,3146,-6.625,88.125
5.860745688820708E-6,3147,-6.875,88.125
-4.605390377366327E-6,3148,-7.125,88.125
-5.1004912949281445E-6,3149,-7.375,88.125
,3150,-7.625,88.125
,3151,-7.875,88.125
,3152,-8.125,88.125
,3153,-8.375,88.125
,3154,-8.625,88.125
,3155,-8.875,88.125
,3156,-9.125,88.125
,3157,-9.375,88.125
,3158,-9.625,88.125
4.967381063832623E-7,3159,-9.875,88.125
4.498209419643828E-6,3160,-10.125,88.125
4.740088939201455E-6,3161,-10.375,88.125
-1.1129269815241365E-7,3162,-10.625,88.125
6.099701696769851E-6,3163,-10.875,88.125
7.203760532644093E-6,3164,-11.125,88.125
5.149263059232215E-6,3165,-11.375,88.125
6.532165890199982E-6,3166,-11.625,88.125
7.875642635357867E-6,3167,-11.875,88.125
-5.507828780631884E-6,3168,31.875,88.375
-2.961221979441968E-7,3169,31.625,88.375
-3.743026578711644E-6,3170,31.375,88.375
-3.0797154249897283E-6,3171,31.125,88.375
-5.113710591698628E-6,3172,30.875,88.375
-1.8305548598596325E-6,3173,30.625,88.375
,3174,30.375,88.375
,3175,30.125,88.375
,3176,29.875,88.375
,3177,29.625,88.375
-2.7013348166914265E-8,3178,29.375,88.375
5.15105224913726E-6,3179,29.125,88.375
,3180,28.875,88.375
1.2107940591951725E-5,3181,28.625,88.375
8.503426492324924E-6,3182,28.375,88.375
,3183,28.125,88.375
7.0904467786929915E-6,3184,27.875,88.375
7.223887112880907E-6,3185,27.625,88.375
2.937316342921581E-5,3186,27.375,88.375
2.842416892994814E-5,3187,27.125,88.375
2.6581974367893693E-5,3188,26.875,88.375
2.8447505327482428E-5,3189,26.625,88.375
2.980738341697305E-5,3190,26.375,88.375
3.064705881811999E-5,3191,26.125,88.375
3.057402789709152E-5,3192,25.875,88.375
4.1382913304038975E-5,3193,25.625,88.375
6.0059521751507825E-5,3194,25.375,88.375
4.586844517188835E-5,3195,25.125,88.375
5.256587911190248E-5,3196,24.875,88.375
1.472028033668417E-4,3197,24.625,88.375
1.0281917579106414E-4,3198,24.375,88.375
8.364569294166118E-5,3199,24.125,88.375
5.8450469902526074E-5,3200,23.875,88.375
5.0227226207638184E-5,3201,23.625,88.375
6.71419505151088E-5,3202,23.375,88.375
7.786598074423496E-5,3203,23.125,88.375
8.264207022657435E-5,3204,22.875,88.375
6.976871764196388E-5,3205,22.625,88.375
3.8822581058636626E-5,3206,22.375,88.375
2.7196208810293816E-5,3207,22.125,88.375
2.61561909694562E-5,3208,21.875,88.375
2.1778437085068646E-5,3209,21.625,88.375
1.934407095760833E-5,3210,21.375,88.375
1.5877608075332658E-5,3211,21.125,88.375
1.7707298915888462E-5,3212,20.875,88.375
1.8603693610934003E-5,3213,20.625,88.375
1.639949898440091E-5,3214,20.375,88.375
1.6987131537735614E-5,3215,20.125,88.375
1.895476566479244E-5,3216,19.875,88.375
1.9652964956599784E-5,3217,19.625,88.375
1.8131090209554402E-5,3218,19.375,88.375
1.7273284779292997E-5,3219,19.125,88.375
2.0603506588640166E-5,3220,18.875,88.375
1.9532136471670528E-5,3221,18.625,88.375
1.955183848112853E-5,3222,18.375,88.375
1.8710004019669792E-5,3223,18.125,88.375
1.8863116105984404E-5,3224,17.875,88.375
1.854741375235796E-5,3225,17.625,88.375
1.9646106603121558E-5,3226,17.375,88.375
2.0050105003006245E-5,3227,17.125,88.375
1.9417444815856536E-5,3228,16.875,88.375
1.918989561836486E-5,3229,16.625,88.375
1.7970180381345906E-5,3230,16.375,88.375
1.6558611479723213E-5,3231,16.125,88.375
1.3554892914194934E-5,3232,15.875,88.375
1.616347853009554E-5,3233,15.625,88.375
1.7458712819919577E-5,3234,15.375,88.375
1.8068200492637877E-5,3235,15.125,88.375
1.6348370069972998E-5,3236,14.875,88.375
1.7472665469735643E-5,3237,14.625,88.375
2.0060134630038506E-5,3238,14.375,88.375
1.8775260813616945E-5,3239,14.125,88.375
1.818296395889817E-5,3240,13.875,88.375
1.7583363889837222E-5,3241,13.625,88.375
1.561052905730169E-5,3242,13.375,88.375
,3243,13.125,88.375
,3244,12.875,88.375
1.3248335096152328E-5,3245,12.625,88.375
1.501050837862231E-5,3246,12.375,88.375
1.7311120342859868E-5,3247,12.125,88.375
1.615307368763546E-5,3248,11.875,88.375
1.727253631794242E-5,3249,11.625,88.375
1.3580915603069522E-5,3250,11.375,88.375
1.3035828393320526E-5,3251,11.125,88.375
1.5088768624724262E-5,3252,10.875,88.375
1.4043783466103087E-5,3253,10.625,88.375
1.453220539919354E-5,3254,10.375,88.375
1.1652721435325416E-5,3255,10.125,88.375
1.2765329353135405E-5,3256,9.875,88.375
1.082980230880838E-5,3257,9.625,88.375
1.0683707147034579E-5,3258,9.375,88.375
1.35258291033952E-5,3259,9.125,88.375
1.1024745626381955E-5,3260,8.875,88.375
1.0577629648750706E-5,3261,8.625,88.375
1.0926968045005894E-5,3262,8.375,88.375
9.899927868691506E-6,3263,8.125,88.375
1.0102883129429953E-5,3264,7.875,88.375
1.0093260535928131E-5,3265,7.625,88.375
9.401151669991162E-6,3266,7.375,88.375
1.137981050454629E-5,3267,7.125,88.375
7.608363422605707E-6,3268,6.875,88.375
8.49863224322598E-6,3269,6.625,88.375
,3270,6.375,88.375
1.138636116125615E-5,3271,6.125,88.375
1.8622765788073313E-5,3272,5.875,88.375
6.343998176818409E-6,3273,5.625,88.375
1.7775535209010047E-5,3274,5.375,88.375
1.365309181020507E-5,3275,5.125,88.375
1.2907807207528637E-5,3276,4.875,88.375
1.39123269419483E-5,3277,4.625,88.375
1.8647549202026033E-5,3278,4.375,88.375
1.5636731552480527E-5,3279,4.125,88.375
1.3000773547672332E-5,3280,3.875,88.375
1.3205605262974484E-5,3281,3.625,88.375
1.1900155478545773E-5,3282,3.375,88.375
,3283,3.125,88.375
,3284,2.875,88.375
,3285,2.625,88.375
,3286,2.375,88.375
5.707816899859047E-6,3287,2.125,88.375
8.683717204368946E-6,3288,1.875,88.375
1.1547926083371543E-5,3289,1.625,88.375
,3290,1.375,88.375
4.502122872904357E-6,3291,1.125,88.375
4.502122925427746E-6,3292,0.875,88.375
8.236905471393406E-6,3293,0.625,88.375
1.0098688013622224E-5,3294,0.375,88.375
5.235733305213198E-6,3295,0.125,88.375
5.951296403017735E-6,3296,-0.125,88.375
5.3815522738223346E-6,3297,-0.375,88.375
4.6905357724305705E-6,3298,-0.625,88.375
3.1920939882358137E-6,3299,-0.875,88.375
5.1844846492754E-6,3300,-1.125,88.375
7.005438519654044E-6,3301,-1.375,88.375
5.7768983861077455E-6,3302,-1.625,88.375
,3303,-1.875,88.375
,3304,-2.125,88.375
,3305,-2.375,88.375
,3306,-2.625,88.375
,3307,-2.875,88.375
,3308,-3.125,88.375
,3309,-3.375,88.375
6.010556007209687E-6,3310,-3.625,88.375
1.952073785807715E-6,3311,-3.875,88.375
6.115040035337843E-6,3312,-4.125,88.375
,3313,-4.375,88.375
2.207670379287693E-6,3314,-4.625,88.375
-6.317841916814899E-6,3315,-4.875,88.375
1.680958139896509E-6,3316,-5.125,88.375
-1.301342130811269E-5,3317,-5.375,88.375
3.346627633784455E-7,3318,-5.625,88.375
6.1212460788407255E-6,3319,-5.875,88.375
3.140523374014719E-6,3320,-6.125,88.375
-3.300396620055656E-6,3321,-6.375,88.375
7.322707937514896E-6,3322,-6.625,88.375
,3323,-6.875,88.375
,3324,-7.125,88.375
,3325,-7.375,88.375
,3326,-7.625,88.375
,3327,-7.875,88.375
,3328,-8.125,88.375
,3329,-8.375,88.375
,3330,-8.625,88.375
,3331,-8.875,88.375
,3332,-9.125,88.375
,3333,-9.375,88.375
2.693038184411682E-6,3334,-9.625,88.375
-6.957183709524742E-7,3335,-9.875,88.375
-2.5441280062391742E-6,3336,-10.125,88.375
1.4463609002576571E-6,3337,-10.375,88.375
2.852677494009688E-7,3338,-10.625,88.375
4.5144320163090125E-6,3339,-10.875,88.375
5.9281499807190705E-6,3340,-11.125,88.375
5.858734873040518E-6,3341,-11.375,88.375
7.816304276700987E-6,3342,-11.625,88.375
1.0812773398736684E-5,3343,-11.875,88.375
-6.304172470394887E-6,3344,31.875,88.625
-3.5815490690738023E-6,3345,31.625,88.625
-3.413970756810358E-6,3346,31.375,88.625
-8.929936049554698E-6,3347,31.125,88.625
-7.628312021282304E-6,3348,30.875,88.625
-1.0984497160911857E-5,3349,30.625,88.625
-9.602598606383988E-6,3350,30.375,88.625
,3351,30.125,88.625
,3352,29.875,88.625
,3353,29.625,88.625
8.143512526578152E-6,3354,29.375,88.625
1.299453701441189E-5,3355,29.125,88.625
1.1461269428886029E-5,3356,28.875,88.625
,3357,28.625,88.625
,3358,28.375,88.625
,3359,28.125,88.625
2.804428268124315E-6,3360,27.875,88.625
,3361,27.625,88.625
1.821853442478076E-5,3362,27.375,88.625
1.5821254937902257E-5,3363,27.125,88.625
2.4247740919996207E-5,3364,26.875,88.625
2.5849783698901092E-5,3365,26.625,88.625
2.188554342585971E-5,3366,26.375,88.625
2.8926356038074396E-5,3367,26.125,88.625
3.7879994439517516E-5,3368,25.875,88.625
5.8884667038902535E-5,3369,25.625,88.625
1.1160095565724042E-4,3370,25.375,88.625
3.954633557085009E-5,3371,25.125,88.625
3.617396390742897E-5,3372,24.875,88.625
5.353762337002526E-5,3373,24.625,88.625
6.160922667372555E-5,3374,24.375,88.625
5.353770608560899E-5,3375,24.125,88.625
4.198280064329872E-5,3376,23.875,88.625
4.4573318930144096E-5,3377,23.625,88.625
4.425388933949763E-5,3378,23.375,88.625
4.887549374921013E-5,3379,23.125,88.625
5.4008392072157884E-5,3380,22.875,88.625
4.776573797558357E-5,3381,22.625,88.625
3.1869759441052406E-5,3382,22.375,88.625
2.3391383312604195E-5,3383,22.125,88.625
2.24019935020565E-5,3384,21.875,88.625
2.002397724797069E-5,3385,21.625,88.625
1.7908100907149958E-5,3386,21.375,88.625
1.7869251824790985E-5,3387,21.125,88.625
1.6513438541125173E-5,3388,20.875,88.625
1.6656736214852358E-5,3389,20.625,88.625
1.5232300387306618E-5,3390,20.375,88.625
1.691494015512434E-5,3391,20.125,88.625
1.8524002864176196E-5,3392,19.875,88.625
1.750327296592672E-5,3393,19.625,88.625
1.87432145468126E-5,3394,19.375,88.625
1.872618051812297E-5,3395,19.125,88.625
1.7426393821648207E-5,3396,18.875,88.625
1.8767417076822564E-5,3397,18.625,88.625
1.5813633351067758E-5,3398,18.375,88.625
1.8660292860810175E-5,3399,18.125,88.625
1.793464890400565E-5,3400,17.875,88.625
1.7965655689360427E-5,3401,17.625,88.625
1.8578987781979628E-5,3402,17.375,88.625
1.755829274914009E-5,3403,17.125,88.625
1.757940236982977E-5,3404,16.875,88.625
1.936434925211952E-5,3405,16.625,88.625
1.5265882395480296E-5,3406,16.375,88.625
1.5119613979241487E-5,3407,16.125,88.625
1.421668754352105E-5,3408,15.875,88.625
1.7957451565791186E-5,3409,15.625,88.625
1.6820247844979127E-5,3410,15.375,88.625
1.8141345449517016E-5,3411,15.125,88.625
1.4933021390698026E-5,3412,14.875,88.625
1.637805282056034E-5,3413,14.625,88.625
1.791549038539036E-5,3414,14.375,88.625
1.6903780777243803E-5,3415,14.125,88.625
1.822869034228833E-5,3416,13.875,88.625
1.805290966498478E-5,3417,13.625,88.625
2.061501202828801E-5,3418,13.375,88.625
1.5614246782720256E-5,3419,13.125,88.625
1.3953683173999444E-5,3420,12.875,88.625
1.5133595420648854E-5,3421,12.625,88.625
1.672524897920106E-5,3422,12.375,88.625
1.5326366839213363E-5,3423,12.125,88.625
1.493590153067687E-5,3424,11.875,88.625
1.4739742333581792E-5,3425,11.625,88.625
1.714742977045591E-5,3426,11.375,88.625
1.4244125646242677E-5,3427,11.125,88.625
1.4433627952222614E-5,3428,10.875,88.625
1.43483041543735E-5,3429,10.625,88.625
1.1833260459497623E-5,3430,10.375,88.625
1.2885066588583285E-5,3431,10.125,88.625
1.2353256738706944E-5,3432,9.875,88.625
1.1927238858947059E-5,3433,9.625,88.625
1.0624995961359173E-5,3434,9.375,88.625
1.0368665120688899E-5,3435,9.125,88.625
8.834072487722756E-6,3436,8.875,88.625
1.0049704581668694E-5,3437,8.625,88.625
9.239783089613883E-6,3438,8.375,88.625
8.814035623712238E-6,3439,8.125,88.625
8.939181933349681E-6,3440,7.875,88.625
9.404889417646273E-6,3441,7.625,88.625
7.835679960322375E-6,3442,7.375,88.625
9.263957694761567E-6,3443,7.125,88.625
,3444,6.875,88.625
,3445,6.625,88.625
,3446,6.375,88.625
,3447,6.125,88.625
,3448,5.875,88.625
1.4176943714762473E-5,3449,5.625,88.625
1.537308082763913E-5,3450,5.375,88.625
1.6264518532291573E-5,3451,5.125,88.625
1.8451960682010695E-5,3452,4.875,88.625
1.2629840649910859E-5,3453,4.625,88.625
1.219523134848021E-5,3454,4.375,88.625
1.5518951123968653E-5,3455,4.125,88.625
6.774995803964032E-6,3456,3.875,88.625
6.14619759301504E-6,3457,3.625,88.625
8.119236811251105E-6,3458,3.375,88.625
2.598726735413622E-6,3459,3.125,88.625
,3460,2.875,88.625
,3461,2.625,88.625
,3462,2.375,88.625
4.395713851541441E-6,3463,2.125,88.625
7.4925136939760634E-6,3464,1.875,88.625
1.2948827377878238E-5,3465,1.625,88.625
,3466,1.375,88.625
,3467,1.125,88.625
5.445781981927929E-6,3468,0.875,88.625
9.642919986528825E-6,3469,0.625,88.625
8.563847257321975E-6,3470,0.375,88.625
7.605151052992444E-6,3471,0.125,88.625
6.6236284839689384E-6,3472,-0.125,88.625
5.893443901780594E-6,3473,-0.375,88.625
2.9422532532074904E-6,3474,-0.625,88.625
5.0243336484207894E-6,3475,-0.875,88.625
6.902891772404075E-6,3476,-1.125,88.625
1.9853027343906857E-6,3477,-1.375,88.625
7.723097643919558E-6,3478,-1.625,88.625
,3479,-1.875,88.625
3.094004584267559E-7,3480,-2.125,88.625
7.2880056857442376E-6,3481,-2.375,88.625
,3482,-2.625,88.625
,3483,-2.875,88.625
,3484,-3.125,88.625
,3485,-3.375,88.625
,3486,-3.625,88.625
,3487,-3.875,88.625
,3488,-4.125,88.625
,3489,-4.375,88.625
6.2153149219502564E-6,3490,-4.625,88.625
,3491,-4.875,88.625
-1.0728720798647018E-6,3492,-5.125,88.625
2.6860003904145592E-6,3493,-5.375,88.625
2.350137519482484E-6,3494,-5.625,88.625
1.9843914291722765E-6,3495,-5.875,88.625
6.678968968940744E-6,3496,-6.125,88.625
4.562750497999401E-6,3497,-6.375,88.625
5.2592142715044185E-6,3498,-6.625,88.625
,3499,-6.875,88.625
,3500,-7.125,88.625
,3501,-7.375,88.625
,3502,-7.625,88.625
,3503,-7.875,88.625
,3504,-8.125,88.625
,3505,-8.375,88.625
8.23541092981233E-6,3506,-8.625,88.625
,3507,-8.875,88.625
,3508,-9.125,88.625
,3509,-9.375,88.625
-1.9822599060542466E-6,3510,-9.625,88.625
-2.334731108116796E-6,3511,-9.875,88.625
4.838547447519983E-6,3512,-10.125,88.625
-1.6501583680120173E-6,3513,-10.375,88.625
4.59899796527595E-7,3514,-10.625,88.625
4.879059955045747E-6,3515,-10.875,88.625
5.827151186149299E-6,3516,-11.125,88.625
6.244911831301216E-6,3517,-11.375,88.625
5.266551566885299E-6,3518,-11.625,88.625
6.432528325355172E-6,3519,-11.875,88.625
5.105070128212985E-7,3520,31.875,88.875
7.992758818913347E-7,3521,31.625,88.875
-1.608944529139374E-6,3522,31.375,88.875
-5.699583348871252E-6,3523,31.125,88.875
-3.146344655961223E-6,3524,30.875,88.875
-5.259018824991042E-6,3525,30.625,88.875
-9.682426713210078E-6,3526,30.375,88.875
-2.9448692135052907E-6,3527,30.125,88.875
4.885597949551258E-6,3528,29.875,88.875
,3529,29.625,88.875
1.1460371306375424E-5,3530,29.375,88.875
1.0471605518925159E-5,3531,29.125,88.875
1.1373960139829866E-5,3532,28.875,88.875
,3533,28.625,88.875
5.059499620188021E-6,3534,28.375,88.875
,3535,28.125,88.875
4.30634242965696E-6,3536,27.875,88.875
3.322798000634146E-6,3537,27.625,88.875
2.084529497197139E-6,3538,27.375,88.875
8.022351885861189E-6,3539,27.125,88.875
2.2730959944786896E-5,3540,26.875,88.875
2.791973572558059E-5,3541,26.625,88.875
2.1679801857146187E-5,3542,26.375,88.875
3.0357092351428595E-5,3543,26.125,88.875
3.686339251663841E-5,3544,25.875,88.875
4.804480422401448E-5,3545,25.625,88.875
6.33958727894395E-5,3546,25.375,88.875
2.7291263822864332E-5,3547,25.125,88.875
3.390712021788987E-5,3548,24.875,88.875
3.9295007403391935E-5,3549,24.625,88.875
4.349581998838404E-5,3550,24.375,88.875
4.725836691977815E-5,3551,24.125,88.875
3.6031700322056844E-5,3552,23.875,88.875
3.6488438306654914E-5,3553,23.625,88.875
4.113474070577778E-5,3554,23.375,88.875
4.42573489339894E-5,3555,23.125,88.875
4.852919850305428E-5,3556,22.875,88.875
3.6642937151999767E-5,3557,22.625,88.875
2.6115188072321178E-5,3558,22.375,88.875
2.0845901980367262E-5,3559,22.125,88.875
2.4671263699699526E-5,3560,21.875,88.875
2.127661325007133E-5,3561,21.625,88.875
2.0247556013292704E-5,3562,21.375,88.875
1.6516671109650063E-5,3563,21.125,88.875
1.663757154422288E-5,3564,20.875,88.875
1.5815236824225215E-5,3565,20.625,88.875
1.4493274572853184E-5,3566,20.375,88.875
1.7778110829833797E-5,3567,20.125,88.875
2.1317193031927603E-5,3568,19.875,88.875
1.8364921171144842E-5,3569,19.625,88.875
1.580497762019878E-5,3570,19.375,88.875
1.891297338077167E-5,3571,19.125,88.875
1.7849171619521635E-5,3572,18.875,88.875
1.757115229655846E-5,3573,18.625,88.875
1.7321683032023575E-5,3574,18.375,88.875
1.528932309971291E-5,3575,18.125,88.875
1.7970699706635635E-5,3576,17.875,88.875
1.8855517431954134E-5,3577,17.625,88.875
1.8676042769635854E-5,3578,17.375,88.875
1.920344699031532E-5,3579,17.125,88.875
2.0081405838400554E-5,3580,16.875,88.875
1.9088818293015133E-5,3581,16.625,88.875
1.5648929190507076E-5,3582,16.375,88.875
1.6445096817964716E-5,3583,16.125,88.875
1.651686079676593E-5,3584,15.875,88.875
1.5210452396244933E-5,3585,15.625,88.875
1.7836466918383016E-5,3586,15.375,88.875
1.786673401876098E-5,3587,15.125,88.875
1.6053170217293108E-5,3588,14.875,88.875
1.5731000831122334E-5,3589,14.625,88.875
1.447319919593191E-5,3590,14.375,88.875
1.5708925708368104E-5,3591,14.125,88.875
1.5242840869511315E-5,3592,13.875,88.875
1.837780894174281E-5,3593,13.625,88.875
1.2655221129119119E-5,3594,13.375,88.875
1.6548269275081784E-5,3595,13.125,88.875
1.5781889135591132E-5,3596,12.875,88.875
1.5289229211998413E-5,3597,12.625,88.875
1.5548493395620883E-5,3598,12.375,88.875
1.5043202666384908E-5,3599,12.125,88.875
1.3848392678151704E-5,3600,11.875,88.875
1.3816262196692114E-5,3601,11.625,88.875
1.7173619664396855E-5,3602,11.375,88.875
1.3549814435799548E-5,3603,11.125,88.875
1.4179013091313082E-5,3604,10.875,88.875
1.5894417892726432E-5,3605,10.625,88.875
1.2680178778648387E-5,3606,10.375,88.875
1.3498162184031205E-5,3607,10.125,88.875
1.2958148317787797E-5,3608,9.875,88.875
1.4215101991378923E-5,3609,9.625,88.875
1.301854866342091E-5,3610,9.375,88.875
1.2413336293439366E-5,3611,9.125,88.875
1.2556155606547034E-5,3612,8.875,88.875
1.3950506364039168E-5,3613,8.625,88.875
1.2437360395579944E-5,3614,8.375,88.875
1.1797318125234566E-5,3615,8.125,88.875
8.396472214279686E-6,3616,7.875,88.875
1.0518756039719314E-5,3617,7.625,88.875
1.0000642980882336E-5,3618,7.375,88.875
8.983739244210385E-6,3619,7.125,88.875
6.6373365156504E-6,3620,6.875,88.875
1.0789601595360367E-5,3621,6.625,88.875
1.0390746254127978E-5,3622,6.375,88.875
1.4358555469426563E-5,3623,6.125,88.875
,3624,5.875,88.875
1.5066429646598858E-5,3625,5.625,88.875
1.3918859664857747E-5,3626,5.375,88.875
1.533346857692155E-5,3627,5.125,88.875
1.5091738545373482E-5,3628,4.875,88.875
7.859881191336744E-6,3629,4.625,88.875
1.1399214173389309E-5,3630,4.375,88.875
1.2041989629867988E-5,3631,4.125,88.875
1.1629896888626684E-5,3632,3.875,88.875
1.0950363893139275E-5,3633,3.625,88.875
8.720161455718616E-6,3634,3.375,88.875
8.208622417993382E-6,3635,3.125,88.875
4.7674626550496305E-6,3636,2.875,88.875
7.300083587574965E-6,3637,2.625,88.875
,3638,2.375,88.875
,3639,2.125,88.875
1.2307193887341133E-5,3640,1.875,88.875
9.61559000532443E-6,3641,1.625,88.875
,3642,1.375,88.875
,3643,1.125,88.875
9.894618395185413E-6,3644,0.875,88.875
,3645,0.625,88.875
8.437122502774484E-6,3646,0.375,88.875
5.568268245304124E-6,3647,0.125,88.875
6.822477886484373E-6,3648,-0.125,88.875
6.6548200157727775E-6,3649,-0.375,88.875
5.417741102733419E-6,3650,-0.625,88.875
2.103053898222799E-6,3651,-0.875,88.875
6.1930347269143905E-6,3652,-1.125,88.875
5.351463707852009E-6,3653,-1.375,88.875
7.660141180346904E-6,3654,-1.625,88.875
8.141496367842786E-6,3655,-1.875,88.875
5.489192495061682E-6,3656,-2.125,88.875
1.4692707315549502E-5,3657,-2.375,88.875
3.124597972783427E-6,3658,-2.625,88.875
1.044841221107856E-6,3659,-2.875,88.875
3.166360761054407E-6,3660,-3.125,88.875
3.3499964715080628E-6,3661,-3.375,88.875
3.111538563022377E-6,3662,-3.625,88.875
,3663,-3.875,88.875
,3664,-4.125,88.875
,3665,-4.375,88.875
,3666,-4.625,88.875
,3667,-4.875,88.875
,3668,-5.125,88.875
3.2513745026638976E-6,3669,-5.375,88.875
-5.554786256815956E-7,3670,-5.625,88.875
3.3902919053960037E-6,3671,-5.875,88.875
1.2456306337073913E-6,3672,-6.125,88.875
2.510487732912952E-6,3673,-6.375,88.875
,3674,-6.625,88.875
,3675,-6.875,88.875
,3676,-7.125,88.875
,3677,-7.375,88.875
,3678,-7.625,88.875
,3679,-7.875,88.875
,3680,-8.125,88.875
,3681,-8.375,88.875
-5.998803816155004E-7,3682,-8.625,88.875
,3683,-8.875,88.875
,3684,-9.125,88.875
,3685,-9.375,88.875
1.0366359372312487E-8,3686,-9.625,88.875
,3687,-9.875,88.875
-8.746604299512583E-7,3688,-10.125,88.875
1.0861114660742172E-5,3689,-10.375,88.875
1.450433857184832E-6,3690,-10.625,88.875
6.143002871362673E-6,3691,-10.875,88.875
7.391257146842965E-6,3692,-11.125,88.875
7.559687177652564E-6,3693,-11.375,88.875
5.468159504270099E-6,3694,-11.625,88.875
6.335659871767523E-6,3695,-11.875,88.875
1.940640177309198E-6,3696,31.875,89.125
-1.9397385617362366E-6,3697,31.625,89.125
-1.0869060332518617E-6,3698,31.375,89.125
-5.848979643053846E-6,3699,31.125,89.125
-3.5493633529399875E-6,3700,30.875,89.125
,3701,30.625,89.125
1.5064699748606895E-6,3702,30.375,89.125
-2.1457402945923055E-6,3703,30.125,89.125
-2.1296629594649107E-6,3704,29.875,89.125
-8.517158893921834E-6,3705,29.625,89.125
-4.2904045428616335E-6,3706,29.375,89.125
5.131714661107444E-7,3707,29.125,89.125
7.236553385047132E-6,3708,28.875,89.125
,3709,28.625,89.125
,3710,28.375,89.125
3.2674286345374337E-6,3711,28.125,89.125
2.535122309189886E-6,3712,27.875,89.125
6.655715340105919E-6,3713,27.625,89.125
,3714,27.375,89.125
9.732323864930224E-6,3715,27.125,89.125
2.5980397966447935E-5,3716,26.875,89.125
2.4368811525896644E-5,3717,26.625,89.125
2.563776939091334E-5,3718,26.375,89.125
3.36523716344926E-5,3719,26.125,89.125
4.5213999965632964E-5,3720,25.875,89.125
4.4316678150142155E-5,3721,25.625,89.125
4.515802296306276E-5,3722,25.375,89.125
2.9893440478756544E-5,3723,25.125,89.125
3.476727363732148E-5,3724,24.875,89.125
4.7900083851078606E-5,3725,24.625,89.125
5.9349302350118484E-5,3726,24.375,89.125
4.642133072656127E-5,3727,24.125,89.125
3.93151566365169E-5,3728,23.875,89.125
3.1900703780147254E-5,3729,23.625,89.125
4.467298668849574E-5,3730,23.375,89.125
3.7385862633763665E-5,3731,23.125,89.125
3.548684810606671E-5,3732,22.875,89.125
3.1012563559810005E-5,3733,22.625,89.125
2.627694263906521E-5,3734,22.375,89.125
2.2996070655339067E-5,3735,22.125,89.125
2.0629178675602117E-5,3736,21.875,89.125
1.9208099793504694E-5,3737,21.625,89.125
1.6700767596414E-5,3738,21.375,89.125
1.8511288343873276E-5,3739,21.125,89.125
1.4850025444829344E-5,3740,20.875,89.125
1.6853361387731558E-5,3741,20.625,89.125
1.6531261073699936E-5,3742,20.375,89.125
2.114547639489548E-5,3743,20.125,89.125
1.753265560781642E-5,3744,19.875,89.125
1.8879831974319932E-5,3745,19.625,89.125
1.932550731351073E-5,3746,19.375,89.125
1.6802004810908446E-5,3747,19.125,89.125
1.787113215699229E-5,3748,18.875,89.125
1.7097624958492545E-5,3749,18.625,89.125
1.9295481175148327E-5,3750,18.375,89.125
1.663907047301676E-5,3751,18.125,89.125
1.6504836502649365E-5,3752,17.875,89.125
1.5398619979048366E-5,3753,17.625,89.125
1.614628905375341E-5,3754,17.375,89.125
1.4215356875894537E-5,3755,17.125,89.125
1.6065642743734974E-5,3756,16.875,89.125
1.6005267329335894E-5,3757,16.625,89.125
1.5988254398981597E-5,3758,16.375,89.125
1.602086402315286E-5,3759,16.125,89.125
1.6803224771470023E-5,3760,15.875,89.125
1.7568982011883162E-5,3761,15.625,89.125
1.7901139527895236E-5,3762,15.375,89.125
1.658476925223536E-5,3763,15.125,89.125
1.201481817999335E-5,3764,14.875,89.125
1.3985577974911838E-5,3765,14.625,89.125
1.5830628598367175E-5,3766,14.375,89.125
1.3380890729315238E-5,3767,14.125,89.125
1.4437390327864017E-5,3768,13.875,89.125
1.5506617981464958E-5,3769,13.625,89.125
1.602544528760185E-5,3770,13.375,89.125
1.634040924865097E-5,3771,13.125,89.125
1.5341308994310503E-5,3772,12.875,89.125
1.4726503164164513E-5,3773,12.625,89.125
1.3227477316158699E-5,3774,12.375,89.125
1.5303121336025404E-5,3775,12.125,89.125
1.651272735432054E-5,3776,11.875,89.125
1.2701011676467867E-5,3777,11.625,89.125
1.2774544830288207E-5,3778,11.375,89.125
1.4444429509991107E-5,3779,11.125,89.125
1.548727177238551E-5,3780,10.875,89.125
1.557263649499526E-5,3781,10.625,89.125
1.2849680778478385E-5,3782,10.375,89.125
1.4297705353760895E-5,3783,10.125,89.125
1.2429398286468526E-5,3784,9.875,89.125
1.229174875125194E-5,3785,9.625,89.125
1.3068382070433027E-5,3786,9.375,89.125
1.1883559906710671E-5,3787,9.125,89.125
1.2885810962228547E-5,3788,8.875,89.125
9.772784329109776E-6,3789,8.625,89.125
9.915361906747372E-6,3790,8.375,89.125
1.0211598684635788E-5,3791,8.125,89.125
1.092223599279777E-5,3792,7.875,89.125
9.456255622137322E-6,3793,7.625,89.125
1.3146569755225408E-5,3794,7.375,89.125
9.714378981593277E-6,3795,7.125,89.125
8.630078213700787E-6,3796,6.875,89.125
1.0081857143424772E-5,3797,6.625,89.125
1.2915162860545504E-5,3798,6.375,89.125
1.307163067894044E-5,3799,6.125,89.125
1.8269104189770673E-5,3800,5.875,89.125
1.6463693185671594E-5,3801,5.625,89.125
1.4080874136206413E-5,3802,5.375,89.125
1.9444780748263694E-5,3803,5.125,89.125
,3804,4.875,89.125
1.0271698429419268E-5,3805,4.625,89.125
1.0696002342944536E-5,3806,4.375,89.125
1.2236452349548214E-5,3807,4.125,89.125
1.0049179903095591E-5,3808,3.875,89.125
9.570683341385921E-6,3809,3.625,89.125
8.668907203061846E-6,3810,3.375,89.125
6.514042705193777E-6,3811,3.125,89.125
1.0066659794864152E-5,3812,2.875,89.125
1.3716924951754988E-5,3813,2.625,89.125
,3814,2.375,89.125
1.2646029299396731E-5,3815,2.125,89.125
6.012203425919962E-6,3816,1.875,89.125
9.581599106244605E-6,3817,1.625,89.125
7.613994012480417E-6,3818,1.375,89.125
,3819,1.125,89.125
,3820,0.875,89.125
,3821,0.625,89.125
1.4709112976767609E-6,3822,0.375,89.125
7.74299541908191E-6,3823,0.125,89.125
6.053602022859412E-6,3824,-0.125,89.125
2.0464011050185107E-6,3825,-0.375,89.125
6.753779443172784E-6,3826,-0.625,89.125
7.98366083491622E-6,3827,-0.875,89.125
1.1101635852297922E-5,3828,-1.125,89.125
7.626774452121037E-6,3829,-1.375,89.125
3.954631414273476E-6,3830,-1.625,89.125
5.1370841154711515E-6,3831,-1.875,89.125
2.978161765413688E-6,3832,-2.125,89.125
7.86817322637618E-6,3833,-2.375,89.125
6.720772717567546E-6,3834,-2.625,89.125
5.5138866458636394E-6,3835,-2.875,89.125
4.788028792886713E-6,3836,-3.125,89.125
1.0580940713947782E-6,3837,-3.375,89.125
6.21809778976571E-6,3838,-3.625,89.125
,3839,-3.875,89.125
,3840,-4.125,89.125
,3841,-4.375,89.125
,3842,-4.625,89.125
,3843,-4.875,89.125
,3844,-5.125,89.125
,3845,-5.375,89.125
,3846,-5.625,89.125
,3847,-5.875,89.125
,3848,-6.125,89.125
,3849,-6.375,89.125
,3850,-6.625,89.125
,3851,-6.875,89.125
,3852,-7.125,89.125
,3853,-7.375,89.125
,3854,-7.625,89.125
,3855,-7.875,89.125
1.6266080925157087E-6,3856,-8.125,89.125
3.876476858064102E-6,3857,-8.375,89.125
1.712698575302291E-6,3858,-8.625,89.125
6.08757831989008E-6,3859,-8.875,89.125
2.579928343876607E-6,3860,-9.125,89.125
1.6171053347180114E-6,3861,-9.375,89.125
2.6483199494982218E-6,3862,-9.625,89.125
-4.423239729329324E-6,3863,-9.875,89.125
8.61260847534795E-7,3864,-10.125,89.125
6.422739494299335E-6,3865,-10.375,89.125
5.220734721068745E-6,3866,-10.625,89.125
3.377401979631802E-6,3867,-10.875,89.125
6.526269053896072E-6,3868,-11.125,89.125
9.521946866468268E-6,3869,-11.375,89.125
1.0196120084543153E-5,3870,-11.625,89.125
8.456306350655269E-6,3871,-11.875,89.125
-1.6981693363095531E-6,3872,31.875,89.375
-3.9939727294908924E-7,3873,31.625,89.375
-1.9060610769429544E-6,3874,31.375,89.375
-3.786009335195429E-6,3875,31.125,89.375
,3876,30.875,89.375
,3877,30.625,89.375
,3878,30.375,89.375
-5.668131450631043E-6,3879,30.125,89.375
-4.170148562084281E-6,3880,29.875,89.375
,3881,29.625,89.375
-5.524260689053982E-6,3882,29.375,89.375
4.522059407382188E-6,3883,29.125,89.375
6.513140562806401E-6,3884,28.875,89.375
,3885,28.625,89.375
,3886,28.375,89.375
,3887,28.125,89.375
2.749806190225522E-6,3888,27.875,89.375
,3889,27.625,89.375
-2.212816557027622E-6,3890,27.375,89.375
9.155485661930144E-6,3891,27.125,89.375
2.13664803905495E-5,3892,26.875,89.375
2.2802558798289138E-5,3893,26.625,89.375
2.6740574997195943E-5,3894,26.375,89.375
3.350449792580089E-5,3895,26.125,89.375
4.938934877940447E-5,3896,25.875,89.375
3.952921337462533E-5,3897,25.625,89.375
4.122875434287178E-5,3898,25.375,89.375
5.9255337163782104E-5,3899,25.125,89.375
1.2235640212165442E-4,3900,24.875,89.375
4.7077204717167104E-5,3901,24.625,89.375
4.304520199572441E-5,3902,24.375,89.375
4.60276145231782E-5,3903,24.125,89.375
4.701921876294763E-5,3904,23.875,89.375
4.303544221976441E-5,3905,23.625,89.375
3.507275764653501E-5,3906,23.375,89.375
3.7707306180866756E-5,3907,23.125,89.375
5.86060466978131E-5,3908,22.875,89.375
3.8926821609186637E-5,3909,22.625,89.375
2.3650136927140517E-5,3910,22.375,89.375
2.0014896801091225E-5,3911,22.125,89.375
1.996120033565257E-5,3912,21.875,89.375
1.6532329300572206E-5,3913,21.625,89.375
1.851281166695623E-5,3914,21.375,89.375
1.571291063124508E-5,3915,21.125,89.375
1.6869952112114892E-5,3916,20.875,89.375
1.704229516199338E-5,3917,20.625,89.375
1.8095811373253966E-5,3918,20.375,89.375
1.9268987903519178E-5,3919,20.125,89.375
1.8242622411539384E-5,3920,19.875,89.375
1.893031182147578E-5,3921,19.625,89.375
1.7022340488087063E-5,3922,19.375,89.375
1.503867597988821E-5,3923,19.125,89.375
1.69525130817703E-5,3924,18.875,89.375
1.6213401067382842E-5,3925,18.625,89.375
1.626400372751953E-5,3926,18.375,89.375
1.7101716479415888E-5,3927,18.125,89.375
1.551764631941921E-5,3928,17.875,89.375
1.3854000676465553E-5,3929,17.625,89.375
1.5035429714808366E-5,3930,17.375,89.375
1.592713692753395E-5,3931,17.125,89.375
1.4765992323179446E-5,3932,16.875,89.375
1.4896222644777876E-5,3933,16.625,89.375
1.5079183956661203E-5,3934,16.375,89.375
1.6966593980967127E-5,3935,16.125,89.375
1.7435736663847346E-5,3936,15.875,89.375
1.6191180033401217E-5,3937,15.625,89.375
1.7605958443848103E-5,3938,15.375,89.375
1.772301880252206E-5,3939,15.125,89.375
1.3660232896553703E-5,3940,14.875,89.375
1.495412277332434E-5,3941,14.625,89.375
1.4528620729241157E-5,3942,14.375,89.375
1.5334509200623834E-5,3943,14.125,89.375
1.349466097019089E-5,3944,13.875,89.375
1.4469599317525764E-5,3945,13.625,89.375
1.6873475311430476E-5,3946,13.375,89.375
1.2215668289543434E-5,3947,13.125,89.375
1.7483043847800037E-5,3948,12.875,89.375
1.4114459037883074E-5,3949,12.625,89.375
1.2444726548414918E-5,3950,12.375,89.375
1.4783464286277912E-5,3951,12.125,89.375
1.4961156332326214E-5,3952,11.875,89.375
1.5170864929753274E-5,3953,11.625,89.375
1.2463025981329575E-5,3954,11.375,89.375
1.3926427174357009E-5,3955,11.125,89.375
1.298130706126676E-5,3956,10.875,89.375
1.431216217233429E-5,3957,10.625,89.375
1.200046284314965E-5,3958,10.375,89.375
1.0984367093666027E-5,3959,10.125,89.375
1.313190222133332E-5,3960,9.875,89.375
1.3337445666888015E-5,3961,9.625,89.375
1.3186149741270355E-5,3962,9.375,89.375
1.0990340614407007E-5,3963,9.125,89.375
1.28954312826741E-5,3964,8.875,89.375
9.329918622726047E-6,3965,8.625,89.375
9.683588577962742E-6,3966,8.375,89.375
1.0599851623556405E-5,3967,8.125,89.375
9.55084189086468E-6,3968,7.875,89.375
9.313399119729712E-6,3969,7.625,89.375
8.648116170848056E-6,3970,7.375,89.375
1.0276287630247414E-5,3971,7.125,89.375
9.931317114053124E-6,3972,6.875,89.375
1.0177761138151449E-5,3973,6.625,89.375
1.4718363529817067E-5,3974,6.375,89.375
1.090098084998269E-5,3975,6.125,89.375
1.6940567382067934E-5,3976,5.875,89.375
1.6711997007409733E-5,3977,5.625,89.375
1.841260477597045E-5,3978,5.375,89.375
1.387618535711556E-5,3979,5.125,89.375
1.1377508032447631E-5,3980,4.875,89.375
9.008302009995812E-6,3981,4.625,89.375
1.0373922980538244E-5,3982,4.375,89.375
1.0744352621382217E-5,3983,4.125,89.375
1.1449571007313718E-5,3984,3.875,89.375
1.0985555498005758E-5,3985,3.625,89.375
6.350604959960714E-6,3986,3.375,89.375
8.014840109291251E-6,3987,3.125,89.375
7.182696351438434E-6,3988,2.875,89.375
9.561277396740397E-6,3989,2.625,89.375
8.058117538500044E-6,3990,2.375,89.375
,3991,2.125,89.375
4.574198329553656E-6,3992,1.875,89.375
9.009507597124284E-6,3993,1.625,89.375
,3994,1.375,89.375
5.820822470810182E-6,3995,1.125,89.375
5.820822468940044E-6,3996,0.875,89.375
,3997,0.625,89.375
4.86124103327269E-6,3998,0.375,89.375
5.405648626070112E-6,3999,0.125,89.375
1.00591858919911E-5,4000,-0.125,89.375
5.5029992015666765E-6,4001,-0.375,89.375
4.974508875548483E-6,4002,-0.625,89.375
1.3110338045780933E-5,4003,-0.875,89.375
7.262951986581334E-6,4004,-1.125,89.375
4.91572386840038E-6,4005,-1.375,89.375
4.492265209435682E-6,4006,-1.625,89.375
6.383778573740928E-6,4007,-1.875,89.375
4.333351961429081E-6,4008,-2.125,89.375
6.575716469025711E-6,4009,-2.375,89.375
2.6083643518920873E-6,4010,-2.625,89.375
5.234784326856067E-6,4011,-2.875,89.375
2.034485166797653E-6,4012,-3.125,89.375
3.0367166894855264E-6,4013,-3.375,89.375
1.8055407625683171E-6,4014,-3.625,89.375
,4015,-3.875,89.375
,4016,-4.125,89.375
,4017,-4.375,89.375
,4018,-4.625,89.375
,4019,-4.875,89.375
-4.567777773129597E-6,4020,-5.125,89.375
1.2156489111782362E-6,4021,-5.375,89.375
-1.5080552237697902E-7,4022,-5.625,89.375
3.1045403239328737E-6,4023,-5.875,89.375
,4024,-6.125,89.375
,4025,-6.375,89.375
,4026,-6.625,89.375
,4027,-6.875,89.375
,4028,-7.125,89.375
,4029,-7.375,89.375
,4030,-7.625,89.375
,4031,-7.875,89.375
5.336457710725468E-6,4032,-8.125,89.375
3.094996618558439E-6,4033,-8.375,89.375
5.693313802071693E-6,4034,-8.625,89.375
7.89026629667136E-6,4035,-8.875,89.375
6.113768036451293E-6,4036,-9.125,89.375
5.0768824922721035E-6,4037,-9.375,89.375
6.573472220629285E-6,4038,-9.625,89.375
-1.8260811035844376E-6,4039,-9.875,89.375
-5.445366413045099E-7,4040,-10.125,89.375
1.421896506794946E-5,4041,-10.375,89.375
5.737962935781765E-6,4042,-10.625,89.375
2.7593075892416724E-6,4043,-10.875,89.375
7.845643555761902E-6,4044,-11.125,89.375
7.822195262901912E-6,4045,-11.375,89.375
8.444466937664917E-6,4046,-11.625,89.375
1.137225310511561E-5,4047,-11.875,89.375
-1.8109166079212505E-6,4048,31.875,89.625
-3.0541998717039487E-6,4049,31.625,89.625
1.1319859321401786E-6,4050,31.375,89.625
-2.130259618391058E-6,4051,31.125,89.625
-1.6172814828533596E-6,4052,30.875,89.625
-1.9488367191844115E-6,4053,30.625,89.625
-8.684470445846751E-7,4054,30.375,89.625
-4.9896694365791905E-6,4055,30.125,89.625
-2.7744958463597313E-6,4056,29.875,89.625
-5.53793604448109E-6,4057,29.625,89.625
-4.364134653572426E-6,4058,29.375,89.625
6.28112465478707E-6,4059,29.125,89.625
6.191518943590373E-6,4060,28.875,89.625
,4061,28.625,89.625
,4062,28.375,89.625
1.678351683951926E-6,4063,28.125,89.625
,4064,27.875,89.625
,4065,27.625,89.625
,4066,27.375,89.625
1.647613159658294E-6,4067,27.125,89.625
1.3572621179432128E-5,4068,26.875,89.625
1.952223957956263E-5,4069,26.625,89.625
2.7817487436392405E-5,4070,26.375,89.625
3.0250574291658296E-5,4071,26.125,89.625
3.066344763250157E-5,4072,25.875,89.625
4.7668545823689704E-5,4073,25.625,89.625
4.2355330049598095E-5,4074,25.375,89.625
4.381805997447618E-5,4075,25.125,89.625
5.2012852775039504E-5,4076,24.875,89.625
5.9426757052630786E-5,4077,24.625,89.625
6.692326518302194E-5,4078,24.375,89.625
5.5308717119482076E-5,4079,24.125,89.625
5.2549931142196924E-5,4080,23.875,89.625
5.269587201686451E-5,4081,23.625,89.625
5.069546314766499E-5,4082,23.375,89.625
4.9565740880724884E-5,4083,23.125,89.625
4.536596533092797E-5,4084,22.875,89.625
4.717166924052229E-5,4085,22.625,89.625
2.240191162003198E-5,4086,22.375,89.625
1.9290594098475103E-5,4087,22.125,89.625
2.0401088338634327E-5,4088,21.875,89.625
1.6755489853633613E-5,4089,21.625,89.625
1.5566874320380292E-5,4090,21.375,89.625
1.7505494126978442E-5,4091,21.125,89.625
1.6439603129879356E-5,4092,20.875,89.625
1.7064170329247564E-5,4093,20.625,89.625
1.569414734405084E-5,4094,20.375,89.625
1.7204413214190322E-5,4095,20.125,89.625
1.660413777274732E-5,4096,19.875,89.625
1.8998970584734884E-5,4097,19.625,89.625
1.6690403193184824E-5,4098,19.375,89.625
1.6867403136526802E-5,4099,19.125,89.625
1.6907021866654496E-5,4100,18.875,89.625
1.69871047646095E-5,4101,18.625,89.625
1.408786293220332E-5,4102,18.375,89.625
1.415473267306603E-5,4103,18.125,89.625
1.4205381732733606E-5,4104,17.875,89.625
1.555970362422902E-5,4105,17.625,89.625
1.525894340212082E-5,4106,17.375,89.625
1.448446768883115E-5,4107,17.125,89.625
1.4982405923019922E-5,4108,16.875,89.625
1.825176245603462E-5,4109,16.625,89.625
1.6354390594290987E-5,4110,16.375,89.625
1.5585119172826217E-5,4111,16.125,89.625
1.526067421777205E-5,4112,15.875,89.625
1.5183566695727889E-5,4113,15.625,89.625
1.268786583820703E-5,4114,15.375,89.625
1.5825385707079772E-5,4115,15.125,89.625
1.441227164752268E-5,4116,14.875,89.625
1.356122272872023E-5,4117,14.625,89.625
1.5698399137432237E-5,4118,14.375,89.625
1.4340010741648827E-5,4119,14.125,89.625
1.3577089233085531E-5,4120,13.875,89.625
1.2794612953989934E-5,4121,13.625,89.625
1.2662722383792804E-5,4122,13.375,89.625
1.4423762035590639E-5,4123,13.125,89.625
1.3373421405627372E-5,4124,12.875,89.625
1.3985823426075574E-5,4125,12.625,89.625
1.0450640823283396E-5,4126,12.375,89.625
1.2654881722968461E-5,4127,12.125,89.625
1.1602544542871937E-5,4128,11.875,89.625
1.2895960142521707E-5,4129,11.625,89.625
1.5307484509059837E-5,4130,11.375,89.625
1.3017567778709825E-5,4131,11.125,89.625
1.341711034975378E-5,4132,10.875,89.625
1.4217728005688684E-5,4133,10.625,89.625
1.2960818613244307E-5,4134,10.375,89.625
1.486938246870185E-5,4135,10.125,89.625
1.341694279964683E-5,4136,9.875,89.625
1.021667992344177E-5,4137,9.625,89.625
1.3004805779422877E-5,4138,9.375,89.625
1.1713290358315951E-5,4139,9.125,89.625
1.1983791507004079E-5,4140,8.875,89.625
1.1263463590158922E-5,4141,8.625,89.625
1.112929280779111E-5,4142,8.375,89.625
9.541828884704149E-6,4143,8.125,89.625
1.092304493387242E-5,4144,7.875,89.625
9.575476806918452E-6,4145,7.625,89.625
8.785923173908678E-6,4146,7.375,89.625
9.933394780021901E-6,4147,7.125,89.625
6.86936405704094E-6,4148,6.875,89.625
1.0627680926695644E-5,4149,6.625,89.625
9.312366367436937E-6,4150,6.375,89.625
1.3949824720174492E-5,4151,6.125,89.625
1.972242783662895E-5,4152,5.875,89.625
1.8712025635674362E-5,4153,5.625,89.625
1.5172019633296006E-5,4154,5.375,89.625
1.2623909742556164E-5,4155,5.125,89.625
1.2811403334582033E-5,4156,4.875,89.625
1.1915553535667357E-5,4157,4.625,89.625
1.2198997367234676E-5,4158,4.375,89.625
9.508612836410804E-6,4159,4.125,89.625
7.2042617497844345E-6,4160,3.875,89.625
6.530094920473556E-6,4161,3.625,89.625
1.0583276216230263E-5,4162,3.375,89.625
4.62944953298618E-6,4163,3.125,89.625
7.208262382361066E-6,4164,2.875,89.625
8.186801833096664E-6,4165,2.625,89.625
,4166,2.375,89.625
,4167,2.125,89.625
6.181584134607177E-6,4168,1.875,89.625
7.750710079146492E-6,4169,1.625,89.625
5.984137401547237E-6,4170,1.375,89.625
6.603243871544064E-6,4171,1.125,89.625
8.181184630762368E-6,4172,0.875,89.625
,4173,0.625,89.625
2.2029430671976405E-6,4174,0.375,89.625
7.779844359667186E-6,4175,0.125,89.625
4.378232002538377E-6,4176,-0.125,89.625
6.736232487420978E-6,4177,-0.375,89.625
8.126678061979436E-6,4178,-0.625,89.625
,4179,-0.875,89.625
4.957819650621805E-6,4180,-1.125,89.625
8.95597076620899E-6,4181,-1.375,89.625
5.734065052923577E-6,4182,-1.625,89.625
5.203762978384503E-6,4183,-1.875,89.625
6.491096401307301E-6,4184,-2.125,89.625
3.682695945394893E-6,4185,-2.375,89.625
1.8668581273155197E-6,4186,-2.625,89.625
4.416081494306736E-6,4187,-2.875,89.625
3.5825575786625173E-6,4188,-3.125,89.625
2.282036632222675E-6,4189,-3.375,89.625
5.207306919435496E-6,4190,-3.625,89.625
-9.396241179925265E-8,4191,-3.875,89.625
,4192,-4.125,89.625
,4193,-4.375,89.625
,4194,-4.625,89.625
,4195,-4.875,89.625
-6.31255551754865E-6,4196,-5.125,89.625
-1.7628066131494033E-6,4197,-5.375,89.625
3.594881852048458E-6,4198,-5.625,89.625
8.139284395587878E-6,4199,-5.875,89.625
,4200,-6.125,89.625
1.8176812248046977E-6,4201,-6.375,89.625
2.651905157274192E-8,4202,-6.625,89.625
,4203,-6.875,89.625
,4204,-7.125,89.625
,4205,-7.375,89.625
,4206,-7.625,89.625
,4207,-7.875,89.625
5.026150535464585E-6,4208,-8.125,89.625
3.726776044572304E-6,4209,-8.375,89.625
9.1516470099624E-6,4210,-8.625,89.625
8.886747028218983E-6,4211,-8.875,89.625
8.329922712773986E-6,4212,-9.125,89.625
1.0400168439295883E-5,4213,-9.375,89.625
7.15561421737972E-6,4214,-9.625,89.625
9.562329464356409E-6,4215,-9.875,89.625
5.979147311595877E-6,4216,-10.125,89.625
1.0815555638376439E-5,4217,-10.375,89.625
2.3596651881404363E-6,4218,-10.625,89.625
6.990772704132654E-6,4219,-10.875,89.625
3.4853014539187165E-6,4220,-11.125,89.625
6.424428177792049E-6,4221,-11.375,89.625
9.585146807217669E-6,4222,-11.625,89.625
1.1165481102950985E-5,4223,-11.875,89.625
2.1867140490338073E-7,4224,31.875,89.875
-1.079916458466874E-7,4225,31.625,89.875
-2.225427024528454E-6,4226,31.375,89.875
-1.2798998218840327E-6,4227,31.125,89.875
5.806797057458419E-7,4228,30.875,89.875
,4229,30.625,89.875
,4230,30.375,89.875
,4231,30.125,89.875
-9.345092495852831E-6,4232,29.875,89.875
-4.32599788059169E-6,4233,29.625,89.875
-1.492445244368915E-6,4234,29.375,89.875
2.527287206284294E-6,4235,29.125,89.875
,4236,28.875,89.875
,4237,28.625,89.875
,4238,28.375,89.875
5.255149794509901E-6,4239,28.125,89.875
1.1034461734890582E-5,4240,27.875,89.875
,4241,27.625,89.875
9.45434628217929E-6,4242,27.375,89.875
8.507068276923554E-6,4243,27.125,89.875
1.4591342644431825E-5,4244,26.875,89.875
2.483364466146025E-5,4245,26.625,89.875
2.572884164116839E-5,4246,26.375,89.875
3.373810588993511E-5,4247,26.125,89.875
4.146774616932396E-5,4248,25.875,89.875
4.791669634812441E-5,4249,25.625,89.875
4.711333163134428E-5,4250,25.375,89.875
3.826248040971351E-5,4251,25.125,89.875
5.290608503083623E-5,4252,24.875,89.875
9.820209724808696E-5,4253,24.625,89.875
1.1878794938782657E-4,4254,24.375,89.875
6.031795002253607E-5,4255,24.125,89.875
5.57436298775208E-5,4256,23.875,89.875
5.620761063353327E-5,4257,23.625,89.875
5.101658020995189E-5,4258,23.375,89.875
4.161993798245974E-5,4259,23.125,89.875
4.0147015839173906E-5,4260,22.875,89.875
3.9800444253417146E-5,4261,22.625,89.875
2.765791638747471E-5,4262,22.375,89.875
2.1212070394762698E-5,4263,22.125,89.875
2.081144802172711E-5,4264,21.875,89.875
1.7190824927065445E-5,4265,21.625,89.875
1.9156023470668877E-5,4266,21.375,89.875
1.635430738855521E-5,4267,21.125,89.875
1.694163246318973E-5,4268,20.875,89.875
1.8645831955671118E-5,4269,20.625,89.875
1.7217758659671355E-5,4270,20.375,89.875
1.6187818964532186E-5,4271,20.125,89.875
1.5550162456718808E-5,4272,19.875,89.875
1.645396953450849E-5,4273,19.625,89.875
1.68522877897081E-5,4274,19.375,89.875
1.761143682133169E-5,4275,19.125,89.875
1.3612195557100816E-5,4276,18.875,89.875
1.6440350508734127E-5,4277,18.625,89.875
1.3013453759175513E-5,4278,18.375,89.875
1.600085131435673E-5,4279,18.125,89.875
1.629559989049649E-5,4280,17.875,89.875
1.5019041419958395E-5,4281,17.625,89.875
1.2385405751571201E-5,4282,17.375,89.875
1.4027455335980964E-5,4283,17.125,89.875
1.4430179179795671E-5,4284,16.875,89.875
1.7963444676864437E-5,4285,16.625,89.875
1.7924215148572247E-5,4286,16.375,89.875
1.2957685560904849E-5,4287,16.125,89.875
1.489716506714136E-5,4288,15.875,89.875
1.4918740976678556E-5,4289,15.625,89.875
1.4645963336746763E-5,4290,15.375,89.875
1.6050808828649992E-5,4291,15.125,89.875
1.3618686127568074E-5,4292,14.875,89.875
1.5066896726102687E-5,4293,14.625,89.875
1.2887306794610464E-5,4294,14.375,89.875
1.3761062616855664E-5,4295,14.125,89.875
1.2667003968239465E-5,4296,13.875,89.875
1.3283773233364715E-5,4297,13.625,89.875
1.4202662691222875E-5,4298,13.375,89.875
1.1342682327297344E-5,4299,13.125,89.875
1.0685374445388507E-5,4300,12.875,89.875
1.451235008494692E-5,4301,12.625,89.875
1.3314356703103959E-5,4302,12.375,89.875
1.4574068601245467E-5,4303,12.125,89.875
1.3337097965528091E-5,4304,11.875,89.875
1.1836645128910177E-5,4305,11.625,89.875
1.4772665207293893E-5,4306,11.375,89.875
1.1855437142831208E-5,4307,11.125,89.875
1.3696030767537341E-5,4308,10.875,89.875
1.5260767160717865E-5,4309,10.625,89.875
1.1440433352956239E-5,4310,10.375,89.875
1.226354993192558E-5,4311,10.125,89.875
1.3491220451500106E-5,4312,9.875,89.875
1.3449655782813538E-5,4313,9.625,89.875
1.2553546494075928E-5,4314,9.375,89.875
8.918916215629536E-6,4315,9.125,89.875
9.683556621212474E-6,4316,8.875,89.875
1.1183581730116453E-5,4317,8.625,89.875
1.1916298921822496E-5,4318,8.375,89.875
8.050721432075623E-6,4319,8.125,89.875
8.072719064068906E-6,4320,7.875,89.875
9.730296695841872E-6,4321,7.625,89.875
9.781240943536883E-6,4322,7.375,89.875
7.490618311836515E-6,4323,7.125,89.875
8.731606294869709E-6,4324,6.875,89.875
9.69921570478971E-6,4325,6.625,89.875
9.936174049385797E-6,4326,6.375,89.875
1.2405661346210967E-5,4327,6.125,89.875
1.65268316152545E-5,4328,5.875,89.875
1.535685211237297E-5,4329,5.625,89.875
1.5389377095769447E-5,4330,5.375,89.875
1.4324570633132191E-5,4331,5.125,89.875
1.263204720555497E-5,4332,4.875,89.875
9.281693486787885E-6,4333,4.625,89.875
1.1172890874700218E-5,4334,4.375,89.875
9.13439744012864E-6,4335,4.125,89.875
1.1982880013728363E-5,4336,3.875,89.875
3.6828280036585467E-6,4337,3.625,89.875
1.1424964024433617E-5,4338,3.375,89.875
6.8096691109348925E-6,4339,3.125,89.875
5.923033163756709E-6,4340,2.875,89.875
8.822376401146369E-6,4341,2.625,89.875
,4342,2.375,89.875
1.7976429812968686E-6,4343,2.125,89.875
6.254288766344668E-6,4344,1.875,89.875
8.769651494953873E-6,4345,1.625,89.875
7.809765715506315E-6,4346,1.375,89.875
6.843203071567046E-6,4347,1.125,89.875
6.371441303179979E-6,4348,0.875,89.875
-1.0862862189673118E-7,4349,0.625,89.875
5.588238663332896E-6,4350,0.375,89.875
7.05963036944931E-6,4351,0.125,89.875
6.9254719303988505E-6,4352,-0.125,89.875
5.9537732937002685E-6,4353,-0.375,89.875
7.034411912147185E-6,4354,-0.625,89.875
,4355,-0.875,89.875
4.054353620903523E-6,4356,-1.125,89.875
6.046313960967197E-6,4357,-1.375,89.875
6.428237921524827E-6,4358,-1.625,89.875
3.5814472821430193E-6,4359,-1.875,89.875
7.347782416731038E-6,4360,-2.125,89.875
4.537168757933672E-6,4361,-2.375,89.875
4.0584541505561145E-6,4362,-2.625,89.875
5.212008776930495E-6,4363,-2.875,89.875
4.9118318379761575E-6,4364,-3.125,89.875
4.471620667536401E-6,4365,-3.375,89.875
8.746755660815567E-6,4366,-3.625,89.875
-1.0093226226954233E-6,4367,-3.875,89.875
,4368,-4.125,89.875
,4369,-4.375,89.875
,4370,-4.625,89.875
,4371,-4.875,89.875
-4.776883362680326E-6,4372,-5.125,89.875
2.923212555249336E-7,4373,-5.375,89.875
4.806813753305773E-6,4374,-5.625,89.875
4.59149859453703E-6,4375,-5.875,89.875
1.1684676951970564E-5,4376,-6.125,89.875
6.596361296122345E-6,4377,-6.375,89.875
1.083996259509129E-6,4378,-6.625,89.875
2.6433793277046307E-6,4379,-6.875,89.875
,4380,-7.125,89.875
,4381,-7.375,89.875
1.0071894904159563E-5,4382,-7.625,89.875
5.1585148121964055E-6,4383,-7.875,89.875
3.024709398505404E-6,4384,-8.125,89.875
7.008514805349084E-7,4385,-8.375,89.875
6.044504499046625E-6,4386,-8.625,89.875
1.071104892473634E-5,4387,-8.875,89.875
1.0125797634461797E-5,4388,-9.125,89.875
7.825005748298232E-6,4389,-9.375,89.875
8.054342599262673E-6,4390,-9.625,89.875
8.332642086838557E-6,4391,-9.875,89.875
6.569376548637628E-6,4392,-10.125,89.875
5.31835312296815E-6,4393,-10.375,89.875
4.345024163487679E-6,4394,-10.625,89.875
8.926276124244828E-6,4395,-10.875,89.875
7.378613752445593E-6,4396,-11.125,89.875
6.4439971917873825E-6,4397,-11.375,89.875
8.25544212942293E-6,4398,-11.625,89.875
5.8495561889484725E-6,4399,-11.875,89.875
-3.4480372816248506E-6,4400,31.875,90.125
-5.422488026164627E-7,4401,31.625,90.125
-1.5773947496003567E-6,4402,31.375,90.125
-3.898550174332866E-7,4403,31.125,90.125
-1.978717716871096E-7,4404,30.875,90.125
6.809482205188436E-7,4405,30.625,90.125
,4406,30.375,90.125
9.45687116853833E-6,4407,30.125,90.125
1.1618293389813162E-5,4408,29.875,90.125
1.3695905635351998E-5,4409,29.625,90.125
,4410,29.375,90.125
,4411,29.125,90.125
,4412,28.875,90.125
,4413,28.625,90.125
,4414,28.375,90.125
2.918146793991795E-6,4415,28.125,90.125
,4416,27.875,90.125
,4417,27.625,90.125
3.7538300672777733E-6,4418,27.375,90.125
8.893795433475564E-6,4419,27.125,90.125
1.8916072893809397E-5,4420,26.875,90.125
3.0701062087788195E-5,4421,26.625,90.125
2.990570101100422E-5,4422,26.375,90.125
3.471388253579973E-5,4423,26.125,90.125
2.6728793742291487E-5,4424,25.875,90.125
2.442219464595886E-5,4425,25.625,90.125
2.9738055180564893E-5,4426,25.375,90.125
4.965846295149127E-5,4427,25.125,90.125
6.548445635640588E-5,4428,24.875,90.125
7.002761472476645E-5,4429,24.625,90.125
7.23596121606296E-5,4430,24.375,90.125
2.124990647209944E-4,4431,24.125,90.125
1.3834357851696304E-4,4432,23.875,90.125
1.0176528899448274E-4,4433,23.625,90.125
7.776817013956211E-5,4434,23.375,90.125
4.33726653250445E-5,4435,23.125,90.125
6.0596692839012406E-5,4436,22.875,90.125
6.694237919601175E-5,4437,22.625,90.125
4.816370278621832E-5,4438,22.375,90.125
2.8500388783423907E-5,4439,22.125,90.125
2.78051728792261E-5,4440,21.875,90.125
2.0106267403515495E-5,4441,21.625,90.125
1.6931439993729823E-5,4442,21.375,90.125
1.948445575784907E-5,4443,21.125,90.125
1.8419698686550704E-5,4444,20.875,90.125
1.6954446439956777E-5,4445,20.625,90.125
1.7404743404829762E-5,4446,20.375,90.125
1.705862456526388E-5,4447,20.125,90.125
1.8259502672500137E-5,4448,19.875,90.125
1.7737244142528574E-5,4449,19.625,90.125
1.6726764903577318E-5,4450,19.375,90.125
1.6413649218651674E-5,4451,19.125,90.125
1.3447099778139046E-5,4452,18.875,90.125
1.4499212749076807E-5,4453,18.625,90.125
1.4363732724559808E-5,4454,18.375,90.125
1.4649409173557444E-5,4455,18.125,90.125
1.3569989829829891E-5,4456,17.875,90.125
1.5085085544341583E-5,4457,17.625,90.125
1.4947873664709152E-5,4458,17.375,90.125
1.568108094665445E-5,4459,17.125,90.125
1.2651122959961508E-5,4460,16.875,90.125
1.4080947052314274E-5,4461,16.625,90.125
1.5069699744774384E-5,4462,16.375,90.125
1.5920044093224416E-5,4463,16.125,90.125
1.639275849239339E-5,4464,15.875,90.125
1.7538783413605703E-5,4465,15.625,90.125
1.3409157738802627E-5,4466,15.375,90.125
1.5753729125581204E-5,4467,15.125,90.125
1.5451679575984585E-5,4468,14.875,90.125
1.393713898914519E-5,4469,14.625,90.125
1.4996939808971055E-5,4470,14.375,90.125
1.2705069826041362E-5,4471,14.125,90.125
1.4337490764275445E-5,4472,13.875,90.125
1.356893244383098E-5,4473,13.625,90.125
1.4782309417450886E-5,4474,13.375,90.125
9.312216910032941E-6,4475,13.125,90.125
1.2881673332591095E-5,4476,12.875,90.125
1.0729169465773703E-5,4477,12.625,90.125
1.2856563974113423E-5,4478,12.375,90.125
1.6848535329726046E-5,4479,12.125,90.125
1.2691268683277703E-5,4480,11.875,90.125
1.2945926356158864E-5,4481,11.625,90.125
1.4328640131649343E-5,4482,11.375,90.125
1.5385773086681466E-5,4483,11.125,90.125
1.1053792405273324E-5,4484,10.875,90.125
1.1506218284282381E-5,4485,10.625,90.125
1.2092489840976143E-5,4486,10.375,90.125
9.869275235123728E-6,4487,10.125,90.125
1.2301927071869421E-5,4488,9.875,90.125
1.2859419579298231E-5,4489,9.625,90.125
1.0847132575799846E-5,4490,9.375,90.125
1.0903626081031486E-5,4491,9.125,90.125
9.578902474080098E-6,4492,8.875,90.125
9.704408259658058E-6,4493,8.625,90.125
8.946361144183772E-6,4494,8.375,90.125
7.509308922104648E-6,4495,8.125,90.125
9.168064619737734E-6,4496,7.875,90.125
1.0203472958883951E-5,4497,7.625,90.125
9.832158435416696E-6,4498,7.375,90.125
9.062197514812261E-6,4499,7.125,90.125
6.8516082220593585E-6,4500,6.875,90.125
7.70875382563613E-6,4501,6.625,90.125
1.217635746444269E-5,4502,6.375,90.125
1.4863453927146383E-5,4503,6.125,90.125
1.7854294280033598E-5,4504,5.875,90.125
1.6873798852418192E-5,4505,5.625,90.125
1.3595630436986172E-5,4506,5.375,90.125
1.2047596123852111E-5,4507,5.125,90.125
1.0709424671699646E-5,4508,4.875,90.125
1.1472212049699048E-5,4509,4.625,90.125
9.210792899548487E-6,4510,4.375,90.125
1.010659321736186E-5,4511,4.125,90.125
6.206591572011923E-6,4512,3.875,90.125
1.0202035335628807E-5,4513,3.625,90.125
6.861209079418025E-6,4514,3.375,90.125
6.049755099422664E-6,4515,3.125,90.125
7.0072128400244865E-6,4516,2.875,90.125
6.1277729677769985E-6,4517,2.625,90.125
4.427486819887751E-6,4518,2.375,90.125
7.2158081007236835E-6,4519,2.125,90.125
6.4119391779943825E-6,4520,1.875,90.125
1.0319959205159692E-5,4521,1.625,90.125
8.456614783995515E-6,4522,1.375,90.125
4.975603966881559E-6,4523,1.125,90.125
5.347388255870857E-6,4524,0.875,90.125
8.800295036803174E-6,4525,0.625,90.125
7.347971220928028E-6,4526,0.375,90.125
8.166882596254104E-6,4527,0.125,90.125
1.0506428779708878E-5,4528,-0.125,90.125
7.761035120937033E-6,4529,-0.375,90.125
6.067128963818133E-6,4530,-0.625,90.125
,4531,-0.875,90.125
2.186692337008805E-6,4532,-1.125,90.125
7.197766173479031E-6,4533,-1.375,90.125
4.144765674192499E-6,4534,-1.625,90.125
7.100922663974581E-6,4535,-1.875,90.125
5.33643381114162E-6,4536,-2.125,90.125
7.771591991753758E-6,4537,-2.375,90.125
3.6977801188724622E-6,4538,-2.625,90.125
3.148941530192004E-6,4539,-2.875,90.125
2.7742647077761213E-6,4540,-3.125,90.125
2.170322584210768E-6,4541,-3.375,90.125
7.707412128497515E-6,4542,-3.625,90.125
-4.627017452131195E-6,4543,-3.875,90.125
3.0239461454685553E-6,4544,-4.125,90.125
,4545,-4.375,90.125
,4546,-4.625,90.125
,4547,-4.875,90.125
-4.477514337117816E-6,4548,-5.125,90.125
8.088132169242337E-7,4549,-5.375,90.125
3.6561364444572137E-6,4550,-5.625,90.125
4.218717191752942E-6,4551,-5.875,90.125
,4552,-6.125,90.125
4.7445885696836435E-6,4553,-6.375,90.125
,4554,-6.625,90.125
4.396108080481952E-6,4555,-6.875,90.125
2.093342358934017E-6,4556,-7.125,90.125
1.0872696951025584E-5,4557,-7.375,90.125
,4558,-7.625,90.125
,4559,-7.875,90.125
,4560,-8.125,90.125
,4561,-8.375,90.125
,4562,-8.625,90.125
2.5167444153520216E-6,4563,-8.875,90.125
1.1588469637504265E-5,4564,-9.125,90.125
1.038509729749158E-5,4565,-9.375,90.125
7.5330856240964214E-6,4566,-9.625,90.125
6.959571018330681E-6,4567,-9.875,90.125
9.099094688366376E-6,4568,-10.125,90.125
7.820849536115035E-6,4569,-10.375,90.125
1.3819674181431125E-5,4570,-10.625,90.125
1.2344878216684871E-5,4571,-10.875,90.125
1.378163915484592E-5,4572,-11.125,90.125
1.0279262672443281E-5,4573,-11.375,90.125
1.2237905804834981E-5,4574,-11.625,90.125
1.002349484674959E-5,4575,-11.875,90.125
-4.0996289893646415E-6,4576,31.875,90.375
-4.587463618987904E-6,4577,31.625,90.375
-1.8160936039728434E-6,4578,31.375,90.375
5.369097709375983E-7,4579,31.125,90.375
8.743765844457017E-6,4580,30.875,90.375
5.234571631344041E-6,4581,30.625,90.375
,4582,30.375,90.375
5.161888301596528E-6,4583,30.125,90.375
1.6613113704005374E-5,4584,29.875,90.375
,4585,29.625,90.375
,4586,29.375,90.375
,4587,29.125,90.375
,4588,28.875,90.375
,4589,28.625,90.375
,4590,28.375,90.375
1.6394205159667855E-6,4591,28.125,90.375
3.817687197437669E-6,4592,27.875,90.375
-6.019868969011983E-6,4593,27.625,90.375
,4594,27.375,90.375
,4595,27.125,90.375
2.2698799600623505E-5,4596,26.875,90.375
3.762369715359602E-5,4597,26.625,90.375
2.7436284722533093E-5,4598,26.375,90.375
2.0841806519879357E-5,4599,26.125,90.375
2.2885800486557108E-5,4600,25.875,90.375
2.37935911225895E-5,4601,25.625,90.375
2.332547544811821E-5,4602,25.375,90.375
2.7486871007061734E-5,4603,25.125,90.375
4.5650435604904515E-5,4604,24.875,90.375
5.7104237976469376E-5,4605,24.625,90.375
8.061328891245139E-5,4606,24.375,90.375
2.2328849152900305E-4,4607,24.125,90.375
4.342833649570734E-4,4608,23.875,90.375
7.407518267705979E-4,4609,23.625,90.375
1.5325196185380835E-4,4610,23.375,90.375
1.1300588871346285E-4,4611,23.125,90.375
1.2250518281704372E-4,4612,22.875,90.375
6.731100445358199E-5,4613,22.625,90.375
4.234794556807331E-5,4614,22.375,90.375
3.205439049140945E-5,4615,22.125,90.375
3.2158964752522546E-5,4616,21.875,90.375
2.1597375907557882E-5,4617,21.625,90.375
1.9654641702074685E-5,4618,21.375,90.375
1.9918886801692827E-5,4619,21.125,90.375
2.0312783622965794E-5,4620,20.875,90.375
1.8893113528133377E-5,4621,20.625,90.375
2.0039648688431014E-5,4622,20.375,90.375
1.9445127502699863E-5,4623,20.125,90.375
2.0673657536548915E-5,4624,19.875,90.375
1.817368156576755E-5,4625,19.625,90.375
1.5610489266682634E-5,4626,19.375,90.375
1.4675596582561215E-5,4627,19.125,90.375
1.6087175809122177E-5,4628,18.875,90.375
1.2512245696049441E-5,4629,18.625,90.375
1.4207119656995295E-5,4630,18.375,90.375
1.2560442296784962E-5,4631,18.125,90.375
1.2281610378754479E-5,4632,17.875,90.375
1.447018644070986E-5,4633,17.625,90.375
1.4054146224883713E-5,4634,17.375,90.375
1.4479363261590255E-5,4635,17.125,90.375
1.4000433168505468E-5,4636,16.875,90.375
1.4971590237320998E-5,4637,16.625,90.375
1.4142685201325208E-5,4638,16.375,90.375
1.5696889174855453E-5,4639,16.125,90.375
1.686345330079729E-5,4640,15.875,90.375
1.7285851905447307E-5,4641,15.625,90.375
1.5044837600813412E-5,4642,15.375,90.375
1.4831650861184702E-5,4643,15.125,90.375
1.703049984645322E-5,4644,14.875,90.375
1.550951740084754E-5,4645,14.625,90.375
1.707026574891716E-5,4646,14.375,90.375
1.7886717425715855E-5,4647,14.125,90.375
1.5686417733997538E-5,4648,13.875,90.375
1.5750689533169183E-5,4649,13.625,90.375
1.6097766565469537E-5,4650,13.375,90.375
1.3501245295472175E-5,4651,13.125,90.375
1.3240094562640166E-5,4652,12.875,90.375
1.3971491435885635E-5,4653,12.625,90.375
1.1484176960338097E-5,4654,12.375,90.375
1.3122246407334299E-5,4655,12.125,90.375
1.3532130989568032E-5,4656,11.875,90.375
1.3291400702385249E-5,4657,11.625,90.375
1.3523080622915275E-5,4658,11.375,90.375
1.3394686985658475E-5,4659,11.125,90.375
1.218755192321991E-5,4660,10.875,90.375
1.15156901659609E-5,4661,10.625,90.375
1.2624521850590931E-5,4662,10.375,90.375
1.163589261656848E-5,4663,10.125,90.375
8.55914285732853E-6,4664,9.875,90.375
9.460381164580573E-6,4665,9.625,90.375
7.00892221657253E-6,4666,9.375,90.375
1.19385804676229E-5,4667,9.125,90.375
1.1237669077934356E-5,4668,8.875,90.375
1.2176472522150133E-5,4669,8.625,90.375
9.715879200670676E-6,4670,8.375,90.375
8.788856919602638E-6,4671,8.125,90.375
1.0021630258211561E-5,4672,7.875,90.375
1.0248622886686324E-5,4673,7.625,90.375
8.625394412163643E-6,4674,7.375,90.375
9.71877341046018E-6,4675,7.125,90.375
7.932300530145379E-6,4676,6.875,90.375
8.823550350344526E-6,4677,6.625,90.375
1.1596354564574956E-5,4678,6.375,90.375
1.2986808251464491E-5,4679,6.125,90.375
1.7845310813610332E-5,4680,5.875,90.375
1.7793042291497104E-5,4681,5.625,90.375
1.4285837293270871E-5,4682,5.375,90.375
1.505176869984135E-5,4683,5.125,90.375
1.3670351215744021E-5,4684,4.875,90.375
7.5508285842115915E-6,4685,4.625,90.375
8.723460566287498E-6,4686,4.375,90.375
1.010780579074331E-5,4687,4.125,90.375
8.604992882889927E-6,4688,3.875,90.375
7.579227368126913E-6,4689,3.625,90.375
5.881090777601118E-6,4690,3.375,90.375
7.489218556976467E-6,4691,3.125,90.375
1.1083177014862614E-5,4692,2.875,90.375
6.430617470903805E-6,4693,2.625,90.375
2.8020975790847686E-6,4694,2.375,90.375
6.8663260957541474E-6,4695,2.125,90.375
6.9084949232380174E-6,4696,1.875,90.375
1.145551755843932E-5,4697,1.625,90.375
3.452959775724881E-6,4698,1.375,90.375
6.872491591431216E-6,4699,1.125,90.375
7.066739070640861E-6,4700,0.875,90.375
8.990575137450577E-6,4701,0.625,90.375
6.0387686206076095E-6,4702,0.375,90.375
8.665697970558265E-6,4703,0.125,90.375
7.713656844591451E-6,4704,-0.125,90.375
4.2156638217199976E-6,4705,-0.375,90.375
6.150281209193576E-6,4706,-0.625,90.375
5.8446835013513665E-6,4707,-0.875,90.375
3.604994027041569E-6,4708,-1.125,90.375
3.62700276700641E-6,4709,-1.375,90.375
6.073538944039314E-6,4710,-1.625,90.375
7.359533756501427E-6,4711,-1.875,90.375
7.92457038984033E-6,4712,-2.125,90.375
6.7849015058319175E-6,4713,-2.375,90.375
5.600821289626653E-6,4714,-2.625,90.375
5.906047982616084E-6,4715,-2.875,90.375
1.7884091391262675E-6,4716,-3.125,90.375
5.166628158565706E-6,4717,-3.375,90.375
4.822941874227928E-6,4718,-3.625,90.375
5.0488802267981914E-6,4719,-3.875,90.375
4.426495806911784E-6,4720,-4.125,90.375
,4721,-4.375,90.375
,4722,-4.625,90.375
,4723,-4.875,90.375
9.236671973187656E-7,4724,-5.125,90.375
5.989813267801684E-6,4725,-5.375,90.375
2.2789293355807814E-6,4726,-5.625,90.375
8.307730418937028E-6,4727,-5.875,90.375
,4728,-6.125,90.375
,4729,-6.375,90.375
,4730,-6.625,90.375
,4731,-6.875,90.375
3.984055989725011E-6,4732,-7.125,90.375
,4733,-7.375,90.375
,4734,-7.625,90.375
,4735,-7.875,90.375
,4736,-8.125,90.375
,4737,-8.375,90.375
,4738,-8.625,90.375
1.0122949220085048E-5,4739,-8.875,90.375
1.702673877006355E-5,4740,-9.125,90.375
6.833432560733837E-6,4741,-9.375,90.375
1.2747716718102317E-5,4742,-9.625,90.375
1.1817183773619378E-5,4743,-9.875,90.375
7.217275163843805E-6,4744,-10.125,90.375
5.584691324996402E-6,4745,-10.375,90.375
9.43685189611388E-6,4746,-10.625,90.375
7.66070759131293E-6,4747,-10.875,90.375
3.467419314869409E-6,4748,-11.125,90.375
5.8438723267251016E-6,4749,-11.375,90.375
8.084668815784628E-6,4750,-11.625,90.375
9.17556373750912E-6,4751,-11.875,90.375
,4752,31.875,90.625
-2.7195731400648765E-6,4753,31.625,90.625
7.189618071849026E-7,4754,31.375,90.625
4.914087277048017E-6,4755,31.125,90.625
6.92291350279598E-6,4756,30.875,90.625
8.080505791020272E-6,4757,30.625,90.625
1.339725737409376E-6,4758,30.375,90.625
6.964214867574531E-6,4759,30.125,90.625
9.57509751359021E-6,4760,29.875,90.625
,4761,29.625,90.625
,4762,29.375,90.625
,4763,29.125,90.625
,4764,28.875,90.625
1.0457660219438815E-5,4765,28.625,90.625
4.549772660358871E-6,4766,28.375,90.625
2.216823918235462E-6,4767,28.125,90.625
2.917839507479153E-6,4768,27.875,90.625
-6.019869040957992E-6,4769,27.625,90.625
-1.8173591333479663E-6,4770,27.375,90.625
4.7868133654703105E-6,4771,27.125,90.625
2.0429070400375268E-5,4772,26.875,90.625
2.848626080064288E-5,4773,26.625,90.625
2.8041895713868353E-5,4774,26.375,90.625
2.953873843186806E-5,4775,26.125,90.625
2.2827587679082278E-5,4776,25.875,90.625
1.898766715274799E-5,4777,25.625,90.625
2.151778675832238E-5,4778,25.375,90.625
2.195880806884279E-5,4779,25.125,90.625
2.836970094851912E-5,4780,24.875,90.625
3.455118674589229E-5,4781,24.625,90.625
4.107635902055377E-5,4782,24.375,90.625
5.922600088637906E-5,4783,24.125,90.625
1.781351167804665E-4,4784,23.875,90.625
2.844415672657361E-4,4785,23.625,90.625
1.2659681249481042E-4,4786,23.375,90.625
1.1095132618586662E-4,4787,23.125,90.625
5.293583251452507E-5,4788,22.875,90.625
4.641466643985014E-5,4789,22.625,90.625
3.4990851813273E-5,4790,22.375,90.625
3.1475078740824814E-5,4791,22.125,90.625
3.1926861366398366E-5,4792,21.875,90.625
2.3603082001112386E-5,4793,21.625,90.625
2.2789805341138112E-5,4794,21.375,90.625
2.0970380529752888E-5,4795,21.125,90.625
1.8825092259737217E-5,4796,20.875,90.625
1.977681507256063E-5,4797,20.625,90.625
1.6954348998846987E-5,4798,20.375,90.625
1.8959347326679288E-5,4799,20.125,90.625
1.6922408746462097E-5,4800,19.875,90.625
1.7194950381938276E-5,4801,19.625,90.625
1.52742555367306E-5,4802,19.375,90.625
1.4073039457541601E-5,4803,19.125,90.625
1.3826588477046079E-5,4804,18.875,90.625
1.1450746260749338E-5,4805,18.625,90.625
1.3509060568698502E-5,4806,18.375,90.625
1.3939741868897878E-5,4807,18.125,90.625
1.208695049009367E-5,4808,17.875,90.625
1.264402999413229E-5,4809,17.625,90.625
1.606361675917303E-5,4810,17.375,90.625
1.475113609839875E-5,4811,17.125,90.625
1.549650891195026E-5,4812,16.875,90.625
1.4459731597910776E-5,4813,16.625,90.625
1.7105742656427626E-5,4814,16.375,90.625
1.491875647547879E-5,4815,16.125,90.625
1.4754699130341659E-5,4816,15.875,90.625
1.3682925444648894E-5,4817,15.625,90.625
1.5046695483806364E-5,4818,15.375,90.625
1.6401462064079928E-5,4819,15.125,90.625
1.7154702592048745E-5,4820,14.875,90.625
1.4972061433353015E-5,4821,14.625,90.625
1.4904436798802763E-5,4822,14.375,90.625
1.9354673553547543E-5,4823,14.125,90.625
1.664403946231519E-5,4824,13.875,90.625
1.3573904172550667E-5,4825,13.625,90.625
1.4759362310961135E-5,4826,13.375,90.625
1.4040043825017513E-5,4827,13.125,90.625
1.3361399284068162E-5,4828,12.875,90.625
1.2071314800996104E-5,4829,12.625,90.625
1.1150304860122749E-5,4830,12.375,90.625
1.1991318031521836E-5,4831,12.125,90.625
1.4317154497124807E-5,4832,11.875,90.625
1.3977860781620504E-5,4833,11.625,90.625
1.4518294479169003E-5,4834,11.375,90.625
1.4210138504291001E-5,4835,11.125,90.625
1.1538647897194566E-5,4836,10.875,90.625
1.1142457040326076E-5,4837,10.625,90.625
1.2407505600730516E-5,4838,10.375,90.625
1.0954493836610897E-5,4839,10.125,90.625
1.048793472794029E-5,4840,9.875,90.625
1.1172044554582584E-5,4841,9.625,90.625
1.1831749107288803E-5,4842,9.375,90.625
1.1003884472297687E-5,4843,9.125,90.625
8.265794830437292E-6,4844,8.875,90.625
9.199304494480233E-6,4845,8.625,90.625
7.559928768799052E-6,4846,8.375,90.625
7.102721372822912E-6,4847,8.125,90.625
6.88549822525797E-6,4848,7.875,90.625
5.590110396351758E-6,4849,7.625,90.625
5.25119005250176E-6,4850,7.375,90.625
5.948037979650067E-6,4851,7.125,90.625
7.901416479273182E-6,4852,6.875,90.625
7.626326022377039E-6,4853,6.625,90.625
1.0367562126706893E-5,4854,6.375,90.625
1.0226965894275588E-5,4855,6.125,90.625
1.5204420701995871E-5,4856,5.875,90.625
1.616432486046449E-5,4857,5.625,90.625
1.623246772887814E-5,4858,5.375,90.625
2.377619966595041E-5,4859,5.125,90.625
9.391319061946912E-6,4860,4.875,90.625
9.985570155035575E-6,4861,4.625,90.625
8.97863291939061E-6,4862,4.375,90.625
8.72107448650797E-6,4863,4.125,90.625
9.097272540909833E-6,4864,3.875,90.625
8.10204563083512E-6,4865,3.625,90.625
1.0573206949688911E-5,4866,3.375,90.625
8.540626952385967E-6,4867,3.125,90.625
8.469467648377967E-6,4868,2.875,90.625
8.466889279482963E-6,4869,2.625,90.625
6.464351016245503E-6,4870,2.375,90.625
1.0014773551331842E-5,4871,2.125,90.625
7.819968268522196E-6,4872,1.875,90.625
6.389192255991271E-6,4873,1.625,90.625
5.96878842432499E-6,4874,1.375,90.625
7.647416600480426E-6,4875,1.125,90.625
5.6418975228847795E-6,4876,0.875,90.625
6.42906966964373E-6,4877,0.625,90.625
8.162579471726922E-6,4878,0.375,90.625
7.91396220622072E-6,4879,0.125,90.625
1.4473576678859026E-6,4880,-0.125,90.625
7.024234424763782E-6,4881,-0.375,90.625
7.130929356041083E-6,4882,-0.625,90.625
4.326607480004769E-6,4883,-0.875,90.625
5.3549920132469915E-6,4884,-1.125,90.625
6.4432553277312885E-6,4885,-1.375,90.625
5.38327551963925E-6,4886,-1.625,90.625
4.543402024082237E-6,4887,-1.875,90.625
6.436753947691627E-6,4888,-2.125,90.625
7.4270179769859355E-6,4889,-2.375,90.625
6.4961773794932975E-6,4890,-2.625,90.625
6.476164242434039E-6,4891,-2.875,90.625
3.825157003426396E-6,4892,-3.125,90.625
,4893,-3.375,90.625
,4894,-3.625,90.625
3.223923954374733E-7,4895,-3.875,90.625
2.261649976408839E-6,4896,-4.125,90.625
,4897,-4.375,90.625
,4898,-4.625,90.625
,4899,-4.875,90.625
5.109128363154922E-6,4900,-5.125,90.625
-1.4595762909496285E-6,4901,-5.375,90.625
1.2305592516329266E-5,4902,-5.625,90.625
,4903,-5.875,90.625
,4904,-6.125,90.625
,4905,-6.375,90.625
5.966310852148954E-6,4906,-6.625,90.625
9.520957225139617E-6,4907,-6.875,90.625
6.780298981293249E-6,4908,-7.125,90.625
,4909,-7.375,90.625
,4910,-7.625,90.625
,4911,-7.875,90.625
,4912,-8.125,90.625
,4913,-8.375,90.625
,4914,-8.625,90.625
4.817152676157472E-6,4915,-8.875,90.625
1.1650650293366844E-5,4916,-9.125,90.625
7.391647343745513E-6,4917,-9.375,90.625
1.5874349954015803E-5,4918,-9.625,90.625
1.214789861583825E-7,4919,-9.875,90.625
7.735925029120219E-6,4920,-10.125,90.625
1.7812365275872898E-5,4921,-10.375,90.625
1.0109279841884638E-5,4922,-10.625,90.625
6.44966798084826E-6,4923,-10.875,90.625
7.304577662090398E-6,4924,-11.125,90.625
1.0591507640266593E-5,4925,-11.375,90.625
3.970139951820405E-6,4926,-11.625,90.625
7.316104963280593E-6,4927,-11.875,90.625
,4928,31.875,90.875
-1.0786442456662124E-6,4929,31.625,90.875
-3.603643455696382E-6,4930,31.375,90.875
-8.200905602333964E-8,4931,31.125,90.875
,4932,30.875,90.875
2.447437500433833E-6,4933,30.625,90.875
6.611219350903121E-6,4934,30.375,90.875
,4935,30.125,90.875
,4936,29.875,90.875
,4937,29.625,90.875
,4938,29.375,90.875
7.004403318208862E-6,4939,29.125,90.875
7.004403389907534E-6,4940,28.875,90.875
,4941,28.625,90.875
,4942,28.375,90.875
3.9322925858778846E-6,4943,28.125,90.875
,4944,27.875,90.875
1.4195285895490645E-6,4945,27.625,90.875
4.449086890663633E-6,4946,27.375,90.875
1.1328571831745418E-5,4947,27.125,90.875
2.0420354242060847E-5,4948,26.875,90.875
2.5093703733142108E-5,4949,26.625,90.875
2.6462868425399346E-5,4950,26.375,90.875
2.8257574506652707E-5,4951,26.125,90.875
2.847263657988775E-5,4952,25.875,90.875
1.9873375095168753E-5,4953,25.625,90.875
2.2110002505172868E-5,4954,25.375,90.875
2.0577523695478723E-5,4955,25.125,90.875
2.2630750409937275E-5,4956,24.875,90.875
2.962698801012678E-5,4957,24.625,90.875
2.91593729142648E-5,4958,24.375,90.875
3.646921965615448E-5,4959,24.125,90.875
5.5606790655882104E-5,4960,23.875,90.875
4.08944195618446E-5,4961,23.625,90.875
3.936431284186985E-5,4962,23.375,90.875
3.8987406008007404E-5,4963,23.125,90.875
3.44372900671971E-5,4964,22.875,90.875
4.6765102894897725E-5,4965,22.625,90.875
3.686391553501626E-5,4966,22.375,90.875
2.8238965551035654E-5,4967,22.125,90.875
2.6417595992111862E-5,4968,21.875,90.875
2.5632492981253307E-5,4969,21.625,90.875
2.3295543367074933E-5,4970,21.375,90.875
2.2913890309746834E-5,4971,21.125,90.875
1.974485557590265E-5,4972,20.875,90.875
2.1704192597495533E-5,4973,20.625,90.875
2.1151659859161464E-5,4974,20.375,90.875
1.8137595913871884E-5,4975,20.125,90.875
1.7488893787689818E-5,4976,19.875,90.875
1.7776287151590338E-5,4977,19.625,90.875
1.4276135476938931E-5,4978,19.375,90.875
1.8040668538893282E-5,4979,19.125,90.875
1.476980952732048E-5,4980,18.875,90.875
1.4971532180626017E-5,4981,18.625,90.875
1.2163372759951382E-5,4982,18.375,90.875
1.3338675700163702E-5,4983,18.125,90.875
1.1365140223196583E-5,4984,17.875,90.875
1.3362245192590154E-5,4985,17.625,90.875
1.4325462674912159E-5,4986,17.375,90.875
1.4659230374326127E-5,4987,17.125,90.875
1.5979860817244316E-5,4988,16.875,90.875
1.3626310799575627E-5,4989,16.625,90.875
1.487539767439506E-5,4990,16.375,90.875
1.597661255125524E-5,4991,16.125,90.875
1.5860713204983092E-5,4992,15.875,90.875
1.7827508209459237E-5,4993,15.625,90.875
1.502232916376277E-5,4994,15.375,90.875
1.7039051522087534E-5,4995,15.125,90.875
1.5355683912113443E-5,4996,14.875,90.875
1.5949002587605212E-5,4997,14.625,90.875
1.4405549851979737E-5,4998,14.375,90.875
1.765491336351571E-5,4999,14.125,90.875
1.4675262496985698E-5,5000,13.875,90.875
1.5161063408004939E-5,5001,13.625,90.875
1.4774698593758203E-5,5002,13.375,90.875
1.3685594320135662E-5,5003,13.125,90.875
1.5912495578222878E-5,5004,12.875,90.875
1.5538783589218274E-5,5005,12.625,90.875
1.5474331332858822E-5,5006,12.375,90.875
1.1335700597369829E-5,5007,12.125,90.875
1.267852087861214E-5,5008,11.875,90.875
1.3265508110887559E-5,5009,11.625,90.875
1.2870686542665876E-5,5010,11.375,90.875
1.1420183276464288E-5,5011,11.125,90.875
1.2085316850634814E-5,5012,10.875,90.875
1.1682797726354723E-5,5013,10.625,90.875
1.2397117780504064E-5,5014,10.375,90.875
1.2660883760721555E-5,5015,10.125,90.875
9.919858106569831E-6,5016,9.875,90.875
9.889521528819205E-6,5017,9.625,90.875
9.550168339002678E-6,5018,9.375,90.875
8.613818156474646E-6,5019,9.125,90.875
9.66257161282599E-6,5020,8.875,90.875
7.849506637696078E-6,5021,8.625,90.875
8.798476881559167E-6,5022,8.375,90.875
1.08820077315798E-5,5023,8.125,90.875
7.554422262337368E-6,5024,7.875,90.875
5.497338539295524E-6,5025,7.625,90.875
6.145656039812732E-6,5026,7.375,90.875
6.379450445951299E-6,5027,7.125,90.875
8.322669948367506E-6,5028,6.875,90.875
6.716999954836102E-6,5029,6.625,90.875
8.250295837338143E-6,5030,6.375,90.875
8.634450377851206E-6,5031,6.125,90.875
2.1126999713028456E-5,5032,5.875,90.875
1.788543476291534E-5,5033,5.625,90.875
1.841189095917075E-5,5034,5.375,90.875
1.2187062597310075E-5,5035,5.125,90.875
,5036,4.875,90.875
1.0504934485150424E-5,5037,4.625,90.875
8.173134793569887E-6,5038,4.375,90.875
9.523554150127365E-6,5039,4.125,90.875
8.573257216212568E-6,5040,3.875,90.875
8.668915717526987E-6,5041,3.625,90.875
1.1691525025356901E-6,5042,3.375,90.875
7.412276023926187E-6,5043,3.125,90.875
8.149266973684502E-6,5044,2.875,90.875
6.974508234141364E-6,5045,2.625,90.875
5.465910030622475E-6,5046,2.375,90.875
6.742981142735398E-6,5047,2.125,90.875
8.062309028582998E-6,5048,1.875,90.875
7.150851215668571E-6,5049,1.625,90.875
5.30156819268054E-6,5050,1.375,90.875
7.1226554527296284E-6,5051,1.125,90.875
9.745483377209354E-6,5052,0.875,90.875
6.6851885975041E-6,5053,0.625,90.875
7.86213602855369E-6,5054,0.375,90.875
8.050074333790177E-6,5055,0.125,90.875
6.3874230702847234E-6,5056,-0.125,90.875
7.274918041235784E-6,5057,-0.375,90.875
6.221232070443834E-6,5058,-0.625,90.875
5.791689157780045E-6,5059,-0.875,90.875
6.616627601120705E-6,5060,-1.125,90.875
2.3208289283804578E-6,5061,-1.375,90.875
3.5708613436627224E-6,5062,-1.625,90.875
6.212722159420562E-6,5063,-1.875,90.875
6.85285060913953E-6,5064,-2.125,90.875
5.085520493248403E-6,5065,-2.375,90.875
6.909179857464337E-6,5066,-2.625,90.875
4.299048377476121E-6,5067,-2.875,90.875
3.388068245298324E-6,5068,-3.125,90.875
,5069,-3.375,90.875
,5070,-3.625,90.875
-2.5071374550260303E-6,5071,-3.875,90.875
-2.636999886433773E-7,5072,-4.125,90.875
,5073,-4.375,90.875
,5074,-4.625,90.875
,5075,-4.875,90.875
-3.4672616423153976E-6,5076,-5.125,90.875
3.5693163978638562E-6,5077,-5.375,90.875
,5078,-5.625,90.875
,5079,-5.875,90.875
,5080,-6.125,90.875
,5081,-6.375,90.875
,5082,-6.625,90.875
,5083,-6.875,90.875
9.504131388543153E-6,5084,-7.125,90.875
,5085,-7.375,90.875
,5086,-7.625,90.875
,5087,-7.875,90.875
,5088,-8.125,90.875
,5089,-8.375,90.875
,5090,-8.625,90.875
7.323032097472688E-6,5091,-8.875,90.875
1.2415292840486768E-5,5092,-9.125,90.875
1.0622585612489771E-5,5093,-9.375,90.875
1.0986745323986524E-5,5094,-9.625,90.875
6.394513819890411E-6,5095,-9.875,90.875
9.966059993837645E-6,5096,-10.125,90.875
7.01126472793673E-6,5097,-10.375,90.875
6.434251468899864E-6,5098,-10.625,90.875
1.0802074037897965E-5,5099,-10.875,90.875
1.1258496628197525E-5,5100,-11.125,90.875
1.1819169142256843E-5,5101,-11.375,90.875
1.125259580666109E-5,5102,-11.625,90.875
1.221563774935375E-5,5103,-11.875,90.875
,5104,31.875,91.125
-4.5388253098109365E-6,5105,31.625,91.125
-1.666167126918785E-6,5106,31.375,91.125
7.262221731775881E-7,5107,31.125,91.125
,5108,30.875,91.125
8.376553129386943E-6,5109,30.625,91.125
,5110,30.375,91.125
,5111,30.125,91.125
,5112,29.875,91.125
,5113,29.625,91.125
,5114,29.375,91.125
7.0044033571561476E-6,5115,29.125,91.125
7.004403429125318E-6,5116,28.875,91.125
,5117,28.625,91.125
,5118,28.375,91.125
5.438895248036952E-6,5119,28.125,91.125
,5120,27.875,91.125
,5121,27.625,91.125
7.818957322821493E-6,5122,27.375,91.125
9.605253473178072E-6,5123,27.125,91.125
2.1838850426678887E-5,5124,26.875,91.125
2.47567241371643E-5,5125,26.625,91.125
2.6346683298460902E-5,5126,26.375,91.125
2.5756482213673606E-5,5127,26.125,91.125
2.4043377088707004E-5,5128,25.875,91.125
1.8790720099268908E-5,5129,25.625,91.125
2.1247318089017184E-5,5130,25.375,91.125
2.1307299735184797E-5,5131,25.125,91.125
2.2667956311990786E-5,5132,24.875,91.125
2.919161119701469E-5,5133,24.625,91.125
2.8694589439397424E-5,5134,24.375,91.125
3.8399099927801645E-5,5135,24.125,91.125
3.464072280009652E-5,5136,23.875,91.125
3.777109311313697E-5,5137,23.625,91.125
4.582521683620917E-5,5138,23.375,91.125
3.849790265328982E-5,5139,23.125,91.125
4.1333499940638874E-5,5140,22.875,91.125
3.261149125505771E-5,5141,22.625,91.125
3.071847040794701E-5,5142,22.375,91.125
3.119396035158289E-5,5143,22.125,91.125
2.505277091860565E-5,5144,21.875,91.125
2.1785970223189694E-5,5145,21.625,91.125
2.510670568104633E-5,5146,21.375,91.125
2.3348616769360127E-5,5147,21.125,91.125
2.1669550909203787E-5,5148,20.875,91.125
2.0607037443784406E-5,5149,20.625,91.125
1.818581821315417E-5,5150,20.375,91.125
2.2960436389612885E-5,5151,20.125,91.125
2.0543140523827037E-5,5152,19.875,91.125
1.8232926581340278E-5,5153,19.625,91.125
1.7878954869235863E-5,5154,19.375,91.125
1.936151767666693E-5,5155,19.125,91.125
1.4270554312714236E-5,5156,18.875,91.125
1.5146401271700994E-5,5157,18.625,91.125
1.3971147801394034E-5,5158,18.375,91.125
1.4726258092084999E-5,5159,18.125,91.125
1.2591123975647372E-5,5160,17.875,91.125
1.2697521397229454E-5,5161,17.625,91.125
1.102878030597922E-5,5162,17.375,91.125
1.36002661700851E-5,5163,17.125,91.125
1.3880131723323554E-5,5164,16.875,91.125
1.4921610957201422E-5,5165,16.625,91.125
1.4478116298425144E-5,5166,16.375,91.125
1.3464576092870672E-5,5167,16.125,91.125
1.5177804464759773E-5,5168,15.875,91.125
1.575253923648226E-5,5169,15.625,91.125
1.5410757227656704E-5,5170,15.375,91.125
1.5167790130683743E-5,5171,15.125,91.125
1.5036131792891128E-5,5172,14.875,91.125
1.480915231699075E-5,5173,14.625,91.125
1.6155349055629744E-5,5174,14.375,91.125
1.3869589890834627E-5,5175,14.125,91.125
1.2079645802671911E-5,5176,13.875,91.125
1.4177894459538597E-5,5177,13.625,91.125
1.2143856614181568E-5,5178,13.375,91.125
1.571077829136489E-5,5179,13.125,91.125
1.666639176580715E-5,5180,12.875,91.125
1.2313080943019252E-5,5181,12.625,91.125
1.3087786092022713E-5,5182,12.375,91.125
1.5620002668916814E-5,5183,12.125,91.125
1.3107093127244545E-5,5184,11.875,91.125
1.2156843690406851E-5,5185,11.625,91.125
1.211450436860953E-5,5186,11.375,91.125
1.269751119476328E-5,5187,11.125,91.125
1.0613221890164991E-5,5188,10.875,91.125
9.463109994740903E-6,5189,10.625,91.125
1.2882654161754579E-5,5190,10.375,91.125
1.0467080855485384E-5,5191,10.125,91.125
1.22411908703621E-5,5192,9.875,91.125
1.1603687192184318E-5,5193,9.625,91.125
1.2397441404805836E-5,5194,9.375,91.125
8.397689139662005E-6,5195,9.125,91.125
1.111042875668848E-5,5196,8.875,91.125
7.630608280173664E-6,5197,8.625,91.125
5.217417679534565E-6,5198,8.375,91.125
6.901188961490235E-6,5199,8.125,91.125
5.460614661481121E-6,5200,7.875,91.125
5.982122146580023E-6,5201,7.625,91.125
6.549977988808031E-6,5202,7.375,91.125
6.578789700567195E-6,5203,7.125,91.125
9.248523044054637E-6,5204,6.875,91.125
9.651410055886959E-6,5205,6.625,91.125
9.981198548117536E-6,5206,6.375,91.125
9.977517271829524E-6,5207,6.125,91.125
1.8731264614459773E-5,5208,5.875,91.125
1.575658928423431E-5,5209,5.625,91.125
1.4728211630354168E-5,5210,5.375,91.125
1.729497852250149E-5,5211,5.125,91.125
,5212,4.875,91.125
9.471266070260452E-6,5213,4.625,91.125
8.693194313574325E-6,5214,4.375,91.125
1.0046478215282847E-5,5215,4.125,91.125
1.0380627974815691E-5,5216,3.875,91.125
7.2403755527572275E-6,5217,3.625,91.125
5.124736163509076E-6,5218,3.375,91.125
8.377607765499446E-6,5219,3.125,91.125
6.371016784543441E-6,5220,2.875,91.125
8.769508694075944E-6,5221,2.625,91.125
8.949800583297948E-6,5222,2.375,91.125
4.717856310652661E-6,5223,2.125,91.125
7.44618084854837E-6,5224,1.875,91.125
7.890629757503374E-6,5225,1.625,91.125
7.632894803687242E-6,5226,1.375,91.125
8.717788652582913E-6,5227,1.125,91.125
9.763189198387664E-6,5228,0.875,91.125
8.172899838479485E-6,5229,0.625,91.125
7.4120504316557695E-6,5230,0.375,91.125
8.926462285455798E-6,5231,0.125,91.125
6.71395631933207E-6,5232,-0.125,91.125
8.871718921610053E-7,5233,-0.375,91.125
1.0556178531779332E-7,5234,-0.625,91.125
3.9122591537868235E-6,5235,-0.875,91.125
-2.14108644473877E-6,5236,-1.125,91.125
4.54818610994495E-6,5237,-1.375,91.125
5.786024153377743E-7,5238,-1.625,91.125
5.257243558781333E-6,5239,-1.875,91.125
4.4003261852037E-6,5240,-2.125,91.125
5.598240663978863E-6,5241,-2.375,91.125
6.652778923950962E-6,5242,-2.625,91.125
6.681307048234852E-6,5243,-2.875,91.125
5.438166474935927E-6,5244,-3.125,91.125
3.05452529880183E-6,5245,-3.375,91.125
,5246,-3.625,91.125
,5247,-3.875,91.125
,5248,-4.125,91.125
,5249,-4.375,91.125
,5250,-4.625,91.125
,5251,-4.875,91.125
,5252,-5.125,91.125
,5253,-5.375,91.125
,5254,-5.625,91.125
1.5758902843939924E-6,5255,-5.875,91.125
,5256,-6.125,91.125
,5257,-6.375,91.125
1.58568871436825E-6,5258,-6.625,91.125
2.1732471735936245E-6,5259,-6.875,91.125
,5260,-7.125,91.125
,5261,-7.375,91.125
,5262,-7.625,91.125
,5263,-7.875,91.125
4.700999719429135E-6,5264,-8.125,91.125
8.982976121468661E-6,5265,-8.375,91.125
1.1558902144716817E-5,5266,-8.625,91.125
6.90277014271328E-6,5267,-8.875,91.125
9.116562130759748E-6,5268,-9.125,91.125
1.1548681955600126E-5,5269,-9.375,91.125
1.394751788503185E-5,5270,-9.625,91.125
1.042345658212515E-6,5271,-9.875,91.125
1.0098271344161977E-6,5272,-10.125,91.125
7.991457877926062E-6,5273,-10.375,91.125
4.711690817689602E-6,5274,-10.625,91.125
3.4509150077979637E-6,5275,-10.875,91.125
6.048486963496752E-6,5276,-11.125,91.125
5.761485177201939E-6,5277,-11.375,91.125
1.9507122293376862E-6,5278,-11.625,91.125
5.182708965976508E-6,5279,-11.875,91.125
-2.6181140473777286E-6,5280,31.875,91.375
-1.2070099155565664E-6,5281,31.625,91.375
2.8961138150219893E-6,5282,31.375,91.375
2.480078355431947E-6,5283,31.125,91.375
,5284,30.875,91.375
-1.7761790878089667E-7,5285,30.625,91.375
,5286,30.375,91.375
,5287,30.125,91.375
,5288,29.875,91.375
,5289,29.625,91.375
,5290,29.375,91.375
,5291,29.125,91.375
,5292,28.875,91.375
,5293,28.625,91.375
6.484981046227778E-6,5294,28.375,91.375
4.489389073862696E-6,5295,28.125,91.375
,5296,27.875,91.375
,5297,27.625,91.375
1.3398067067109088E-5,5298,27.375,91.375
1.6287268386247103E-5,5299,27.125,91.375
2.4867036928785653E-5,5300,26.875,91.375
2.4585171998253814E-5,5301,26.625,91.375
2.561273261840142E-5,5302,26.375,91.375
2.75204125833896E-5,5303,26.125,91.375
2.383717166359702E-5,5304,25.875,91.375
1.068270475670914E-5,5305,25.625,91.375
1.4250152496867765E-5,5306,25.375,91.375
2.3896887997424852E-5,5307,25.125,91.375
2.3062152571002904E-5,5308,24.875,91.375
2.5850509332371E-5,5309,24.625,91.375
2.802255141374078E-5,5310,24.375,91.375
3.880028124121895E-5,5311,24.125,91.375
3.3876029504274585E-5,5312,23.875,91.375
3.408039874911409E-5,5313,23.625,91.375
4.155423345965308E-5,5314,23.375,91.375
3.24856642648713E-5,5315,23.125,91.375
4.039211962532306E-5,5316,22.875,91.375
4.164268969053239E-5,5317,22.625,91.375
3.382845080755915E-5,5318,22.375,91.375
2.6781287204585438E-5,5319,22.125,91.375
2.4567473084149306E-5,5320,21.875,91.375
2.5248802367495293E-5,5321,21.625,91.375
2.421393405395828E-5,5322,21.375,91.375
2.438788911509903E-5,5323,21.125,91.375
2.6788250244253665E-5,5324,20.875,91.375
2.253613997300841E-5,5325,20.625,91.375
2.08498678219042E-5,5326,20.375,91.375
2.267827353960247E-5,5327,20.125,91.375
2.2702677981496594E-5,5328,19.875,91.375
2.309887024681654E-5,5329,19.625,91.375
2.4753214390292643E-5,5330,19.375,91.375
2.0932084782733553E-5,5331,19.125,91.375
1.6365517435422624E-5,5332,18.875,91.375
1.5857379953071593E-5,5333,18.625,91.375
1.353435785639569E-5,5334,18.375,91.375
1.4212492371444162E-5,5335,18.125,91.375
1.3944894142256376E-5,5336,17.875,91.375
1.1820159663911292E-5,5337,17.625,91.375
1.3147738158390289E-5,5338,17.375,91.375
1.157688057640426E-5,5339,17.125,91.375
1.2697141855677487E-5,5340,16.875,91.375
1.1726838098611416E-5,5341,16.625,91.375
1.2067839023401365E-5,5342,16.375,91.375
1.393787453130926E-5,5343,16.125,91.375
1.3232053450034581E-5,5344,15.875,91.375
1.700856541561078E-5,5345,15.625,91.375
1.8232672974568292E-5,5346,15.375,91.375
1.4600444188914675E-5,5347,15.125,91.375
1.3617182097508508E-5,5348,14.875,91.375
1.4013264599029501E-5,5349,14.625,91.375
1.5398754344036174E-5,5350,14.375,91.375
1.6017598432286282E-5,5351,14.125,91.375
1.5386915747745162E-5,5352,13.875,91.375
1.4402003532292584E-5,5353,13.625,91.375
1.4375978445305328E-5,5354,13.375,91.375
1.2810435629195564E-5,5355,13.125,91.375
1.3530871871960297E-5,5356,12.875,91.375
1.6104602624402806E-5,5357,12.625,91.375
1.21770340774295E-5,5358,12.375,91.375
1.2817155088889284E-5,5359,12.125,91.375
1.3436155808565002E-5,5360,11.875,91.375
1.4007806065193281E-5,5361,11.625,91.375
1.2460680694280589E-5,5362,11.375,91.375
1.0905274756429374E-5,5363,11.125,91.375
1.1646736533765201E-5,5364,10.875,91.375
9.870028799316568E-6,5365,10.625,91.375
9.630193777620424E-6,5366,10.375,91.375
9.084202798901917E-6,5367,10.125,91.375
6.378654032537528E-6,5368,9.875,91.375
9.902080924809848E-6,5369,9.625,91.375
9.625655604505505E-6,5370,9.375,91.375
1.1748819700771313E-5,5371,9.125,91.375
4.659722622246063E-6,5372,8.875,91.375
8.953355605998506E-6,5373,8.625,91.375
8.06939196653264E-6,5374,8.375,91.375
6.485984717101295E-6,5375,8.125,91.375
6.383033030016417E-6,5376,7.875,91.375
6.127804287707234E-6,5377,7.625,91.375
7.388851391469338E-6,5378,7.375,91.375
7.325158248434018E-6,5379,7.125,91.375
8.021379491593235E-6,5380,6.875,91.375
7.857781822117847E-6,5381,6.625,91.375
1.387256043129313E-5,5382,6.375,91.375
1.5614250370206182E-5,5383,6.125,91.375
2.0563481692887424E-5,5384,5.875,91.375
1.8427546214628766E-5,5385,5.625,91.375
1.1701598292148507E-5,5386,5.375,91.375
1.0872049369748993E-5,5387,5.125,91.375
1.1718542213079857E-5,5388,4.875,91.375
8.689417688759769E-6,5389,4.625,91.375
8.487247793623879E-6,5390,4.375,91.375
1.0321057179679211E-5,5391,4.125,91.375
1.1464483703525134E-5,5392,3.875,91.375
6.843024912549734E-6,5393,3.625,91.375
9.582020425948716E-6,5394,3.375,91.375
1.0277926754440965E-5,5395,3.125,91.375
7.748882655721813E-6,5396,2.875,91.375
9.835121269203973E-6,5397,2.625,91.375
1.0849390846211512E-5,5398,2.375,91.375
4.674105693459968E-6,5399,2.125,91.375
6.1523010566808205E-6,5400,1.875,91.375
6.447143822543112E-6,5401,1.625,91.375
6.868839883006412E-6,5402,1.375,91.375
7.917874232605764E-6,5403,1.125,91.375
9.500726849584287E-6,5404,0.875,91.375
1.0400841781605074E-5,5405,0.625,91.375
7.49245086478957E-6,5406,0.375,91.375
5.572960136585682E-6,5407,0.125,91.375
6.884490302412154E-6,5408,-0.125,91.375
9.370144680549618E-6,5409,-0.375,91.375
,5410,-0.625,91.375
3.589672198140526E-6,5411,-0.875,91.375
2.1854350045423014E-7,5412,-1.125,91.375
5.333783420587666E-6,5413,-1.375,91.375
2.8377835499725667E-6,5414,-1.625,91.375
1.197493102242121E-6,5415,-1.875,91.375
8.627147095884412E-6,5416,-2.125,91.375
4.88931403196595E-6,5417,-2.375,91.375
5.351096982585008E-6,5418,-2.625,91.375
4.197211665642901E-6,5419,-2.875,91.375
5.554933469931466E-6,5420,-3.125,91.375
4.938818544480622E-6,5421,-3.375,91.375
,5422,-3.625,91.375
,5423,-3.875,91.375
,5424,-4.125,91.375
,5425,-4.375,91.375
,5426,-4.625,91.375
,5427,-4.875,91.375
,5428,-5.125,91.375
,5429,-5.375,91.375
,5430,-5.625,91.375
1.8821164730270075E-6,5431,-5.875,91.375
,5432,-6.125,91.375
,5433,-6.375,91.375
1.5856886510362322E-6,5434,-6.625,91.375
6.046472577281914E-6,5435,-6.875,91.375
,5436,-7.125,91.375
,5437,-7.375,91.375
,5438,-7.625,91.375
,5439,-7.875,91.375
,5440,-8.125,91.375
1.0014609344055415E-5,5441,-8.375,91.375
1.1641705078294582E-5,5442,-8.625,91.375
1.0031657759540827E-5,5443,-8.875,91.375
3.3853177860846694E-6,5444,-9.125,91.375
,5445,-9.375,91.375
4.348434255047458E-6,5446,-9.625,91.375
7.761407500299582E-6,5447,-9.875,91.375
4.9144637050520824E-6,5448,-10.125,91.375
4.512764060017574E-6,5449,-10.375,91.375
5.656233238084491E-6,5450,-10.625,91.375
3.7454931848516952E-6,5451,-10.875,91.375
3.0228195570323586E-6,5452,-11.125,91.375
5.196930064817293E-6,5453,-11.375,91.375
3.016535192753982E-6,5454,-11.625,91.375
1.5034594319472591E-5,5455,-11.875,91.375
-2.87002812551479E-6,5456,31.875,91.625
2.60370277139866E-6,5457,31.625,91.625
3.6130238069323018E-6,5458,31.375,91.625
,5459,31.125,91.625
,5460,30.875,91.625
4.646505392527379E-7,5461,30.625,91.625
5.471702693555559E-7,5462,30.375,91.625
,5463,30.125,91.625
,5464,29.875,91.625
,5465,29.625,91.625
,5466,29.375,91.625
,5467,29.125,91.625
,5468,28.875,91.625
,5469,28.625,91.625
9.920920050011476E-6,5470,28.375,91.625
4.935063126197521E-6,5471,28.125,91.625
,5472,27.875,91.625
6.499182708984609E-6,5473,27.625,91.625
1.563698177326991E-5,5474,27.375,91.625
1.35005937295865E-5,5475,27.125,91.625
2.4403720854213364E-5,5476,26.875,91.625
2.4311939718375727E-5,5477,26.625,91.625
2.8883201073835345E-5,5478,26.375,91.625
2.3607032785333323E-5,5479,26.125,91.625
2.0856128563979254E-5,5480,25.875,91.625
1.8038841204810635E-5,5481,25.625,91.625
1.5717533775941096E-5,5482,25.375,91.625
2.6371255194064582E-5,5483,25.125,91.625
2.14575454253367E-5,5484,24.875,91.625
3.403467547484129E-5,5485,24.625,91.625
3.025036523227951E-5,5486,24.375,91.625
3.215486841413101E-5,5487,24.125,91.625
3.939213469990813E-5,5488,23.875,91.625
4.217147313936806E-5,5489,23.625,91.625
3.913876854500512E-5,5490,23.375,91.625
3.504918785904116E-5,5491,23.125,91.625
4.4126052557377454E-5,5492,22.875,91.625
4.786048278456748E-5,5493,22.625,91.625
4.7858093564654405E-5,5494,22.375,91.625
6.737207895844539E-5,5495,22.125,91.625
5.379494495186833E-5,5496,21.875,91.625
2.54509744837895E-5,5497,21.625,91.625
2.4598261885089736E-5,5498,21.375,91.625
2.7082655221753416E-5,5499,21.125,91.625
2.4924346436768067E-5,5500,20.875,91.625
2.361895626457825E-5,5501,20.625,91.625
2.5128915970758945E-5,5502,20.375,91.625
2.4392765557560277E-5,5503,20.125,91.625
2.20878383634364E-5,5504,19.875,91.625
2.093057691629909E-5,5505,19.625,91.625
2.505961564831588E-5,5506,19.375,91.625
1.9995138829337455E-5,5507,19.125,91.625
1.6217936292603064E-5,5508,18.875,91.625
1.3982904147925333E-5,5509,18.625,91.625
1.2891976817232367E-5,5510,18.375,91.625
1.3202418813614646E-5,5511,18.125,91.625
9.91932777944797E-6,5512,17.875,91.625
1.2491122971997754E-5,5513,17.625,91.625
1.2474650478961596E-5,5514,17.375,91.625
1.2309444879869587E-5,5515,17.125,91.625
1.163387110030377E-5,5516,16.875,91.625
1.1737290391210855E-5,5517,16.625,91.625
1.1698808017155222E-5,5518,16.375,91.625
1.2526814848008106E-5,5519,16.125,91.625
1.2519558107501344E-5,5520,15.875,91.625
1.634027269093462E-5,5521,15.625,91.625
1.5014090010392505E-5,5522,15.375,91.625
1.7066256846328855E-5,5523,15.125,91.625
1.728385976370174E-5,5524,14.875,91.625
1.4661830778273368E-5,5525,14.625,91.625
,5526,14.375,91.625
,5527,14.125,91.625
1.3792495584965834E-5,5528,13.875,91.625
1.2821357545305125E-5,5529,13.625,91.625
1.3879468580038707E-5,5530,13.375,91.625
1.4352703421691423E-5,5531,13.125,91.625
1.1440445887374214E-5,5532,12.875,91.625
1.2657464061786693E-5,5533,12.625,91.625
9.934223997323421E-6,5534,12.375,91.625
1.1473065908629425E-5,5535,12.125,91.625
1.2435635338008947E-5,5536,11.875,91.625
9.761533057244856E-6,5537,11.625,91.625
1.0583140418689846E-5,5538,11.375,91.625
1.206864106897338E-5,5539,11.125,91.625
1.0406295725417629E-5,5540,10.875,91.625
9.164816756590743E-6,5541,10.625,91.625
1.0087351183142691E-5,5542,10.375,91.625
9.475125142765432E-6,5543,10.125,91.625
1.3053910450569987E-5,5544,9.875,91.625
1.479196409340229E-5,5545,9.625,91.625
1.2863097846582633E-5,5546,9.375,91.625
7.953198646615133E-6,5547,9.125,91.625
7.847423484508423E-6,5548,8.875,91.625
6.1984017774748736E-6,5549,8.625,91.625
7.998966481756502E-6,5550,8.375,91.625
8.575154368075758E-6,5551,8.125,91.625
7.2092807824538366E-6,5552,7.875,91.625
7.8064402263645E-6,5553,7.625,91.625
7.359443828386463E-6,5554,7.375,91.625
5.651507307920461E-6,5555,7.125,91.625
8.633529014931065E-6,5556,6.875,91.625
7.135346000482026E-6,5557,6.625,91.625
6.749420228148697E-6,5558,6.375,91.625
1.105662921331185E-5,5559,6.125,91.625
1.483820215756927E-5,5560,5.875,91.625
1.8429238233779074E-5,5561,5.625,91.625
1.667597643850141E-5,5562,5.375,91.625
,5563,5.125,91.625
,5564,4.875,91.625
4.95706808644657E-6,5565,4.625,91.625
9.999830631977591E-6,5566,4.375,91.625
8.221787929233098E-6,5567,4.125,91.625
9.318238300464764E-6,5568,3.875,91.625
9.425117785230573E-6,5569,3.625,91.625
9.240046863154812E-6,5570,3.375,91.625
5.226956284582225E-6,5571,3.125,91.625
9.446549182923322E-6,5572,2.875,91.625
7.990542524055717E-6,5573,2.625,91.625
1.035762976493985E-5,5574,2.375,91.625
6.065588984130796E-6,5575,2.125,91.625
5.306176210685959E-6,5576,1.875,91.625
7.693861671103422E-6,5577,1.625,91.625
8.382355221704013E-6,5578,1.375,91.625
5.8932437511624785E-6,5579,1.125,91.625
6.094006937119271E-6,5580,0.875,91.625
8.311855398314463E-6,5581,0.625,91.625
2.330771938604291E-6,5582,0.375,91.625
6.173380900702946E-6,5583,0.125,91.625
6.960449279004564E-6,5584,-0.125,91.625
,5585,-0.375,91.625
,5586,-0.625,91.625
,5587,-0.875,91.625
1.8923193262523247E-7,5588,-1.125,91.625
2.1823060855360624E-6,5589,-1.375,91.625
2.4148244616773797E-6,5590,-1.625,91.625
4.322044859418003E-6,5591,-1.875,91.625
4.740156581240219E-6,5592,-2.125,91.625
4.015813369260416E-6,5593,-2.375,91.625
2.4329897430446573E-6,5594,-2.625,91.625
9.075451977891563E-7,5595,-2.875,91.625
5.139849461152623E-6,5596,-3.125,91.625
3.131837986684683E-6,5597,-3.375,91.625
3.4835467871855245E-6,5598,-3.625,91.625
,5599,-3.875,91.625
,5600,-4.125,91.625
,5601,-4.375,91.625
,5602,-4.625,91.625
,5603,-4.875,91.625
,5604,-5.125,91.625
,5605,-5.375,91.625
,5606,-5.625,91.625
,5607,-5.875,91.625
,5608,-6.125,91.625
,5609,-6.375,91.625
,5610,-6.625,91.625
,5611,-6.875,91.625
,5612,-7.125,91.625
,5613,-7.375,91.625
,5614,-7.625,91.625
,5615,-7.875,91.625
1.6310307424523616E-6,5616,-8.125,91.625
6.245456918295855E-6,5617,-8.375,91.625
,5618,-8.625,91.625
4.250424871376266E-6,5619,-8.875,91.625
1.025512239505097E-5,5620,-9.125,91.625
,5621,-9.375,91.625
4.234103607568895E-6,5622,-9.625,91.625
6.330884600281663E-6,5623,-9.875,91.625
8.569651387049884E-6,5624,-10.125,91.625
1.2271424217672114E-5,5625,-10.375,91.625
1.1658542155552675E-5,5626,-10.625,91.625
5.808561231672727E-6,5627,-10.875,91.625
6.8967020717827745E-6,5628,-11.125,91.625
8.513727016059125E-6,5629,-11.375,91.625
1.0791776163985546E-5,5630,-11.625,91.625
,5631,-11.875,91.625
-1.6108977939643386E-6,5632,31.875,91.875
1.5435746672412702E-6,5633,31.625,91.875
,5634,31.375,91.875
,5635,31.125,91.875
-1.5514351960607074E-7,5636,30.875,91.875
1.3264697953070386E-6,5637,30.625,91.875
1.2466728229921256E-6,5638,30.375,91.875
3.228512576283777E-6,5639,30.125,91.875
5.1733800402547815E-6,5640,29.875,91.875
4.824424762243343E-6,5641,29.625,91.875
,5642,29.375,91.875
,5643,29.125,91.875
,5644,28.875,91.875
1.2908765909838467E-5,5645,28.625,91.875
1.2134986647598806E-5,5646,28.375,91.875
6.072430692854441E-6,5647,28.125,91.875
4.101137470969362E-6,5648,27.875,91.875
8.522376902558814E-6,5649,27.625,91.875
9.261968143182274E-6,5650,27.375,91.875
1.1534331867101396E-5,5651,27.125,91.875
2.3285228965825336E-5,5652,26.875,91.875
2.3327991656992974E-5,5653,26.625,91.875
2.289675304226483E-5,5654,26.375,91.875
2.974635109861133E-5,5655,26.125,91.875
2.1813244387017655E-5,5656,25.875,91.875
1.9100581350545215E-5,5657,25.625,91.875
1.3688164548039626E-5,5658,25.375,91.875
3.3571227198462356E-5,5659,25.125,91.875
5.464479734395757E-5,5660,24.875,91.875
3.1893413238970374E-5,5661,24.625,91.875
3.330531523980184E-5,5662,24.375,91.875
3.918680594796608E-5,5663,24.125,91.875
3.718001258015239E-5,5664,23.875,91.875
5.614304818538182E-5,5665,23.625,91.875
3.880238296139035E-5,5666,23.375,91.875
3.6289415574593534E-5,5667,23.125,91.875
3.235786641523131E-5,5668,22.875,91.875
3.300461658724397E-5,5669,22.625,91.875
1.5904535833135983E-4,5670,22.375,91.875
7.611967665004118E-5,5671,22.125,91.875
6.974649777724212E-5,5672,21.875,91.875
4.1538799745500484E-5,5673,21.625,91.875
4.793744601077242E-5,5674,21.375,91.875
2.810936717849986E-5,5675,21.125,91.875
2.5596848029312625E-5,5676,20.875,91.875
2.5574057362487898E-5,5677,20.625,91.875
2.5294740339903263E-5,5678,20.375,91.875
2.7453500091373422E-5,5679,20.125,91.875
2.630480779466132E-5,5680,19.875,91.875
2.4185642853753316E-5,5681,19.625,91.875
1.8713793265467527E-5,5682,19.375,91.875
1.6137801303356227E-5,5683,19.125,91.875
1.320087320331143E-5,5684,18.875,91.875
1.2467167912854014E-5,5685,18.625,91.875
1.2810238277454955E-5,5686,18.375,91.875
1.3712562183165792E-5,5687,18.125,91.875
1.5276942886760698E-5,5688,17.875,91.875
1.0449549442435779E-5,5689,17.625,91.875
1.0064259497883831E-5,5690,17.375,91.875
,5691,17.125,91.875
,5692,16.875,91.875
1.468125374259744E-5,5693,16.625,91.875
1.7231011975499244E-5,5694,16.375,91.875
1.434047138472558E-5,5695,16.125,91.875
1.5319033061621315E-5,5696,15.875,91.875
1.3542637555685405E-5,5697,15.625,91.875
1.4117684900757182E-5,5698,15.375,91.875
,5699,15.125,91.875
,5700,14.875,91.875
,5701,14.625,91.875
,5702,14.375,91.875
1.0809509423599093E-5,5703,14.125,91.875
1.1231757991185521E-5,5704,13.875,91.875
1.0734625306581274E-5,5705,13.625,91.875
1.1404187105399606E-5,5706,13.375,91.875
1.3035157803019825E-5,5707,13.125,91.875
1.3453671545164844E-5,5708,12.875,91.875
1.1961739073568951E-5,5709,12.625,91.875
1.2963357682275379E-5,5710,12.375,91.875
1.0730574443758498E-5,5711,12.125,91.875
1.1911115707218341E-5,5712,11.875,91.875
1.1812441812889111E-5,5713,11.625,91.875
9.287095625146264E-6,5714,11.375,91.875
8.319185254157535E-6,5715,11.125,91.875
6.9508520608101175E-6,5716,10.875,91.875
8.712174314560762E-6,5717,10.625,91.875
8.149200586764315E-6,5718,10.375,91.875
1.1514641627153281E-5,5719,10.125,91.875
9.187655420697714E-6,5720,9.875,91.875
7.846883082019221E-6,5721,9.625,91.875
9.81278423692359E-6,5722,9.375,91.875
6.475243053597964E-6,5723,9.125,91.875
7.415179495204931E-6,5724,8.875,91.875
9.454363882813671E-6,5725,8.625,91.875
6.241167689823806E-6,5726,8.375,91.875
6.853771986618986E-6,5727,8.125,91.875
7.094420057798168E-6,5728,7.875,91.875
5.709371642919269E-6,5729,7.625,91.875
6.047667575477913E-6,5730,7.375,91.875
5.4366537194535916E-6,5731,7.125,91.875
7.884696494973249E-6,5732,6.875,91.875
1.1582385218697561E-5,5733,6.625,91.875
9.728232358513233E-6,5734,6.375,91.875
9.099016320361826E-6,5735,6.125,91.875
1.5009441671677364E-5,5736,5.875,91.875
1.2827633608478999E-5,5737,5.625,91.875
1.3199560289854653E-5,5738,5.375,91.875
,5739,5.125,91.875
5.849396929755194E-6,5740,4.875,91.875
6.440444988758578E-6,5741,4.625,91.875
9.847922046099644E-6,5742,4.375,91.875
7.396944480589463E-6,5743,4.125,91.875
1.2275463897416778E-5,5744,3.875,91.875
1.2517349427954777E-5,5745,3.625,91.875
8.08219068878576E-6,5746,3.375,91.875
1.0102961240973577E-5,5747,3.125,91.875
5.108133346803378E-6,5748,2.875,91.875
5.831243268105243E-6,5749,2.625,91.875
6.044481184462988E-6,5750,2.375,91.875
6.073103254175835E-6,5751,2.125,91.875
8.01340899955224E-6,5752,1.875,91.875
6.752744155221329E-6,5753,1.625,91.875
7.6199544475945395E-6,5754,1.375,91.875
1.0199297309965767E-5,5755,1.125,91.875
7.794275141080997E-6,5756,0.875,91.875
1.1195346785316174E-5,5757,0.625,91.875
7.900985038543828E-6,5758,0.375,91.875
5.509674647491229E-6,5759,0.125,91.875
8.50875115735922E-6,5760,-0.125,91.875
,5761,-0.375,91.875
,5762,-0.625,91.875
,5763,-0.875,91.875
,5764,-1.125,91.875
4.0904033304201595E-6,5765,-1.375,91.875
-2.806736721925703E-6,5766,-1.625,91.875
5.965046354404367E-7,5767,-1.875,91.875
3.7141688483700573E-6,5768,-2.125,91.875
7.585618674324514E-6,5769,-2.375,91.875
2.8253949288605032E-6,5770,-2.625,91.875
1.7511266817656045E-6,5771,-2.875,91.875
6.748696207171069E-6,5772,-3.125,91.875
4.133262612557002E-6,5773,-3.375,91.875
1.6193168362008309E-6,5774,-3.625,91.875
,5775,-3.875,91.875
,5776,-4.125,91.875
,5777,-4.375,91.875
,5778,-4.625,91.875
,5779,-4.875,91.875
,5780,-5.125,91.875
,5781,-5.375,91.875
,5782,-5.625,91.875
,5783,-5.875,91.875
,5784,-6.125,91.875
,5785,-6.375,91.875
,5786,-6.625,91.875
,5787,-6.875,91.875
,5788,-7.125,91.875
,5789,-7.375,91.875
,5790,-7.625,91.875
,5791,-7.875,91.875
9.591624777432787E-6,5792,-8.125,91.875
,5793,-8.375,91.875
,5794,-8.625,91.875
5.731165233155127E-6,5795,-8.875,91.875
5.938148214465013E-6,5796,-9.125,91.875
,5797,-9.375,91.875
9.010820669568515E-6,5798,-9.625,91.875
1.6278934529948803E-5,5799,-9.875,91.875
,5800,-10.125,91.875
,5801,-10.375,91.875
5.9395408283316896E-6,5802,-10.625,91.875
1.5955007824851236E-5,5803,-10.875,91.875
2.9371167420941737E-6,5804,-11.125,91.875
3.511525500148429E-6,5805,-11.375,91.875
8.951195195098413E-6,5806,-11.625,91.875
,5807,-11.875,91.875
3.7176077604933026E-6,5808,31.875,92.125
,5809,31.625,92.125
,5810,31.375,92.125
,5811,31.125,92.125
6.4045840672099375E-6,5812,30.875,92.125
6.3578123040423915E-6,5813,30.625,92.125
5.365171436797591E-6,5814,30.375,92.125
5.7599617154397855E-6,5815,30.125,92.125
5.1664263326157925E-6,5816,29.875,92.125
4.612666069928139E-6,5817,29.625,92.125
,5818,29.375,92.125
6.305221691744933E-6,5819,29.125,92.125
8.615862664980474E-6,5820,28.875,92.125
7.321209375344309E-6,5821,28.625,92.125
1.5598031893837837E-5,5822,28.375,92.125
2.9018182702200226E-6,5823,28.125,92.125
-6.767919527156987E-7,5824,27.875,92.125
1.4165977782419951E-5,5825,27.625,92.125
1.1877323408507065E-5,5826,27.375,92.125
1.2255908719439434E-5,5827,27.125,92.125
1.960834752203692E-5,5828,26.875,92.125
2.2390274992068132E-5,5829,26.625,92.125
2.386647227441806E-5,5830,26.375,92.125
2.9419503596558573E-5,5831,26.125,92.125
3.188977281308849E-5,5832,25.875,92.125
2.3676443944342667E-5,5833,25.625,92.125
2.1191815431598168E-5,5834,25.375,92.125
2.7272637304162096E-5,5835,25.125,92.125
2.8243851620663733E-5,5836,24.875,92.125
2.759241182501501E-5,5837,24.625,92.125
3.111686426200253E-5,5838,24.375,92.125
3.4947775934039876E-5,5839,24.125,92.125
3.5199001744416257E-5,5840,23.875,92.125
3.5060806690528626E-5,5841,23.625,92.125
3.445845188673956E-5,5842,23.375,92.125
3.134404382386451E-5,5843,23.125,92.125
2.817543680475417E-5,5844,22.875,92.125
3.2316361323503656E-5,5845,22.625,92.125
3.83634044762732E-5,5846,22.375,92.125
4.997385900593761E-5,5847,22.125,92.125
5.186406107186745E-5,5848,21.875,92.125
4.880397377567961E-5,5849,21.625,92.125
3.756206874530036E-5,5850,21.375,92.125
2.8368154032321224E-5,5851,21.125,92.125
2.8741987783628802E-5,5852,20.875,92.125
2.5907795327701034E-5,5853,20.625,92.125
2.860985944252207E-5,5854,20.375,92.125
2.8432904676324696E-5,5855,20.125,92.125
2.4366982254270265E-5,5856,19.875,92.125
2.107015114132695E-5,5857,19.625,92.125
1.9063116449740418E-5,5858,19.375,92.125
1.5811250589849633E-5,5859,19.125,92.125
1.6291675990822404E-5,5860,18.875,92.125
1.5680060517601264E-5,5861,18.625,92.125
1.2283175854860014E-5,5862,18.375,92.125
1.1602394090358738E-5,5863,18.125,92.125
1.5385912817046152E-5,5864,17.875,92.125
,5865,17.625,92.125
1.1283459615440169E-6,5866,17.375,92.125
,5867,17.125,92.125
9.721485965348753E-6,5868,16.875,92.125
1.5419990226434208E-5,5869,16.625,92.125
1.3614704019040524E-5,5870,16.375,92.125
1.292136528077808E-5,5871,16.125,92.125
1.3060325631181696E-5,5872,15.875,92.125
1.3039556041849734E-5,5873,15.625,92.125
1.7373088803340737E-5,5874,15.375,92.125
,5875,15.125,92.125
,5876,14.875,92.125
,5877,14.625,92.125
,5878,14.375,92.125
,5879,14.125,92.125
1.151946682667862E-5,5880,13.875,92.125
1.311501106089938E-5,5881,13.625,92.125
1.3720079060876729E-5,5882,13.375,92.125
1.2367035829942942E-5,5883,13.125,92.125
1.2128187998393049E-5,5884,12.875,92.125
1.3740106093683847E-5,5885,12.625,92.125
1.2709176549541925E-5,5886,12.375,92.125
1.104875584893647E-5,5887,12.125,92.125
1.208486696401307E-5,5888,11.875,92.125
1.1237027195213808E-5,5889,11.625,92.125
1.0360125205176038E-5,5890,11.375,92.125
1.2653685823871944E-5,5891,11.125,92.125
9.151016052333874E-6,5892,10.875,92.125
1.0424030313157805E-5,5893,10.625,92.125
7.003922459977985E-6,5894,10.375,92.125
8.830057155029506E-6,5895,10.125,92.125
6.432506358269094E-6,5896,9.875,92.125
4.389000538171648E-6,5897,9.625,92.125
8.855603914171898E-6,5898,9.375,92.125
6.7806655500452315E-6,5899,9.125,92.125
8.62953686584018E-6,5900,8.875,92.125
6.411358954293654E-6,5901,8.625,92.125
7.276549435996265E-6,5902,8.375,92.125
5.893634514423902E-6,5903,8.125,92.125
8.15229957128781E-6,5904,7.875,92.125
6.313957229748044E-6,5905,7.625,92.125
7.777805142242643E-6,5906,7.375,92.125
7.2977128383437E-6,5907,7.125,92.125
1.0031194247900536E-5,5908,6.875,92.125
1.1950087119169486E-5,5909,6.625,92.125
1.1116807528960731E-5,5910,6.375,92.125
1.1286241498311776E-5,5911,6.125,92.125
1.5139230426449047E-5,5912,5.875,92.125
1.739452040387006E-5,5913,5.625,92.125
1.2028291846909304E-5,5914,5.375,92.125
-6.381507763873489E-6,5915,5.125,92.125
8.89577863081021E-6,5916,4.875,92.125
1.2055892821837336E-5,5917,4.625,92.125
7.527033719136692E-6,5918,4.375,92.125
9.037244214622966E-6,5919,4.125,92.125
4.017231711545814E-6,5920,3.875,92.125
,5921,3.625,92.125
6.822503169336358E-6,5922,3.375,92.125
,5923,3.125,92.125
1.9973624797560354E-6,5924,2.875,92.125
9.17813319722519E-6,5925,2.625,92.125
4.93628209597334E-6,5926,2.375,92.125
5.561015128258018E-6,5927,2.125,92.125
6.568568256627294E-6,5928,1.875,92.125
5.2725575812219365E-6,5929,1.625,92.125
6.385059874628982E-6,5930,1.375,92.125
8.674223795347158E-6,5931,1.125,92.125
5.994383766251995E-6,5932,0.875,92.125
8.702545049662597E-6,5933,0.625,92.125
5.018589279566717E-6,5934,0.375,92.125
6.145764935784287E-6,5935,0.125,92.125
4.2199417370113444E-6,5936,-0.125,92.125
9.493923330606375E-6,5937,-0.375,92.125
3.9849272448828115E-6,5938,-0.625,92.125
,5939,-0.875,92.125
,5940,-1.125,92.125
2.401139062374467E-6,5941,-1.375,92.125
4.042911083917698E-6,5942,-1.625,92.125
5.731239006498273E-6,5943,-1.875,92.125
6.746285731820844E-6,5944,-2.125,92.125
5.154607117229174E-6,5945,-2.375,92.125
5.328960062566347E-6,5946,-2.625,92.125
4.354905146166021E-6,5947,-2.875,92.125
2.168082581105499E-6,5948,-3.125,92.125
,5949,-3.375,92.125
1.486136910965176E-6,5950,-3.625,92.125
,5951,-3.875,92.125
,5952,-4.125,92.125
,5953,-4.375,92.125
,5954,-4.625,92.125
,5955,-4.875,92.125
,5956,-5.125,92.125
,5957,-5.375,92.125
,5958,-5.625,92.125
,5959,-5.875,92.125
,5960,-6.125,92.125
,5961,-6.375,92.125
,5962,-6.625,92.125
,5963,-6.875,92.125
,5964,-7.125,92.125
,5965,-7.375,92.125
,5966,-7.625,92.125
,5967,-7.875,92.125
,5968,-8.125,92.125
,5969,-8.375,92.125
9.493656775041139E-6,5970,-8.625,92.125
7.337033808550288E-6,5971,-8.875,92.125
7.337033826362445E-6,5972,-9.125,92.125
,5973,-9.375,92.125
-3.8053158833273447E-7,5974,-9.625,92.125
,5975,-9.875,92.125
,5976,-10.125,92.125
,5977,-10.375,92.125
7.05355427103648E-6,5978,-10.625,92.125
2.0140921188584835E-5,5979,-10.875,92.125
5.609828661889137E-6,5980,-11.125,92.125
3.958493304403429E-6,5981,-11.375,92.125
,5982,-11.625,92.125
,5983,-11.875,92.125
,5984,31.875,92.375
,5985,31.625,92.375
8.961953280958221E-6,5986,31.375,92.375
9.086511673670513E-6,5987,31.125,92.375
1.0419300793736117E-5,5988,30.875,92.375
7.86594479192712E-6,5989,30.625,92.375
6.665674062595687E-6,5990,30.375,92.375
4.989966678891077E-6,5991,30.125,92.375
4.614215543942844E-6,5992,29.875,92.375
4.391075609571223E-6,5993,29.625,92.375
7.3213294938736025E-6,5994,29.375,92.375
1.0461777245996637E-5,5995,29.125,92.375
,5996,28.875,92.375
1.449845211423966E-5,5997,28.625,92.375
1.028507780563969E-5,5998,28.375,92.375
1.0743501427090105E-5,5999,28.125,92.375
2.274428551180082E-6,6000,27.875,92.375
4.403576670327227E-6,6001,27.625,92.375
1.4179502059645392E-6,6002,27.375,92.375
1.2907290484058779E-5,6003,27.125,92.375
1.7346828540954354E-5,6004,26.875,92.375
2.218268080017021E-5,6005,26.625,92.375
2.024988273931529E-5,6006,26.375,92.375
4.6945536970532206E-5,6007,26.125,92.375
7.411372673174649E-5,6008,25.875,92.375
3.670600055365533E-5,6009,25.625,92.375
3.157026636915549E-5,6010,25.375,92.375
2.3796852472307507E-5,6011,25.125,92.375
2.821647205951836E-5,6012,24.875,92.375
2.7887528041253452E-5,6013,24.625,92.375
2.8401102909759383E-5,6014,24.375,92.375
2.458087609156338E-5,6015,24.125,92.375
2.6561837324064592E-5,6016,23.875,92.375
2.7973632871562178E-5,6017,23.625,92.375
2.46890962778177E-5,6018,23.375,92.375
3.9730385612168045E-5,6019,23.125,92.375
5.123061929368542E-5,6020,22.875,92.375
3.244178470854956E-5,6021,22.625,92.375
5.962602179259036E-5,6022,22.375,92.375
3.467307282164747E-5,6023,22.125,92.375
4.666256210238031E-5,6024,21.875,92.375
4.082470094282047E-5,6025,21.625,92.375
3.885634337708449E-5,6026,21.375,92.375
4.1768768298899284E-5,6027,21.125,92.375
3.6580639371640524E-5,6028,20.875,92.375
3.6820335772970744E-5,6029,20.625,92.375
2.9788246177644005E-5,6030,20.375,92.375
2.814964462919257E-5,6031,20.125,92.375
2.3254511728348086E-5,6032,19.875,92.375
1.8126947623635962E-5,6033,19.625,92.375
1.5574831238873388E-5,6034,19.375,92.375
1.6635492032314397E-5,6035,19.125,92.375
1.555094177573546E-5,6036,18.875,92.375
1.3197185777643981E-5,6037,18.625,92.375
1.059786624467199E-5,6038,18.375,92.375
9.635834380378786E-6,6039,18.125,92.375
,6040,17.875,92.375
,6041,17.625,92.375
,6042,17.375,92.375
1.3417475488702359E-5,6043,17.125,92.375
1.175085404067494E-5,6044,16.875,92.375
1.528047696929659E-5,6045,16.625,92.375
1.8385236844119445E-5,6046,16.375,92.375
,6047,16.125,92.375
,6048,15.875,92.375
,6049,15.625,92.375
,6050,15.375,92.375
,6051,15.125,92.375
,6052,14.875,92.375
,6053,14.625,92.375
,6054,14.375,92.375
,6055,14.125,92.375
,6056,13.875,92.375
,6057,13.625,92.375
9.668219262130641E-6,6058,13.375,92.375
9.260894026003198E-6,6059,13.125,92.375
1.2596132102311894E-5,6060,12.875,92.375
1.0043484673839854E-5,6061,12.625,92.375
9.867702454218995E-6,6062,12.375,92.375
1.1041032498472334E-5,6063,12.125,92.375
8.920980684191997E-6,6064,11.875,92.375
8.926168804327327E-6,6065,11.625,92.375
1.1602156072026759E-5,6066,11.375,92.375
9.065515161309892E-6,6067,11.125,92.375
7.744569022712095E-6,6068,10.875,92.375
2.6518234858915912E-6,6069,10.625,92.375
4.007156789789025E-6,6070,10.375,92.375
8.00676091832152E-6,6071,10.125,92.375
9.443539023375345E-6,6072,9.875,92.375
8.810731207707995E-6,6073,9.625,92.375
7.064541176435515E-6,6074,9.375,92.375
6.144605937499871E-6,6075,9.125,92.375
6.699002512783801E-6,6076,8.875,92.375
5.410397193870756E-6,6077,8.625,92.375
7.958597171447285E-6,6078,8.375,92.375
6.315716363127988E-6,6079,8.125,92.375
6.7448250279838834E-6,6080,7.875,92.375
6.985227270940819E-6,6081,7.625,92.375
5.955661773408135E-6,6082,7.375,92.375
4.692483610426082E-6,6083,7.125,92.375
8.872457003090204E-6,6084,6.875,92.375
7.5374381242271665E-6,6085,6.625,92.375
1.0918087050306013E-5,6086,6.375,92.375
1.0511205736713676E-5,6087,6.125,92.375
1.5261187832706188E-5,6088,5.875,92.375
1.6473058432075963E-5,6089,5.625,92.375
7.249621945248351E-6,6090,5.375,92.375
1.105444474648359E-5,6091,5.125,92.375
1.363963580155138E-5,6092,4.875,92.375
2.4230944351629217E-6,6093,4.625,92.375
,6094,4.375,92.375
8.365172014833279E-6,6095,4.125,92.375
9.933854487261423E-6,6096,3.875,92.375
,6097,3.625,92.375
7.3622955539831055E-6,6098,3.375,92.375
8.725908032730613E-6,6099,3.125,92.375
6.822492959005522E-6,6100,2.875,92.375
,6101,2.625,92.375
6.238093131672753E-6,6102,2.375,92.375
5.383395432616458E-6,6103,2.125,92.375
6.00650056829771E-6,6104,1.875,92.375
3.321585757349857E-6,6105,1.625,92.375
7.091876101881886E-6,6106,1.375,92.375
5.401590901522306E-6,6107,1.125,92.375
7.4750525259317645E-6,6108,0.875,92.375
5.677860270684149E-6,6109,0.625,92.375
,6110,0.375,92.375
,6111,0.125,92.375
,6112,-0.125,92.375
5.276736190006986E-6,6113,-0.375,92.375
2.977598299314552E-6,6114,-0.625,92.375
1.4818212353988219E-6,6115,-0.875,92.375
-2.870654932094635E-6,6116,-1.125,92.375
3.4438159832187543E-6,6117,-1.375,92.375
3.903957714382208E-6,6118,-1.625,92.375
5.747391673718412E-6,6119,-1.875,92.375
,6120,-2.125,92.375
,6121,-2.375,92.375
5.7024604213474024E-6,6122,-2.625,92.375
4.729534959126112E-6,6123,-2.875,92.375
5.333240146254778E-6,6124,-3.125,92.375
4.991354793437641E-6,6125,-3.375,92.375
4.092024924538451E-6,6126,-3.625,92.375
,6127,-3.875,92.375
,6128,-4.125,92.375
,6129,-4.375,92.375
,6130,-4.625,92.375
,6131,-4.875,92.375
,6132,-5.125,92.375
,6133,-5.375,92.375
,6134,-5.625,92.375
,6135,-5.875,92.375
,6136,-6.125,92.375
,6137,-6.375,92.375
,6138,-6.625,92.375
,6139,-6.875,92.375
,6140,-7.125,92.375
,6141,-7.375,92.375
,6142,-7.625,92.375
3.0176320157500734E-6,6143,-7.875,92.375
5.107645028934972E-6,6144,-8.125,92.375
,6145,-8.375,92.375
,6146,-8.625,92.375
,6147,-8.875,92.375
,6148,-9.125,92.375
,6149,-9.375,92.375
,6150,-9.625,92.375
,6151,-9.875,92.375
,6152,-10.125,92.375
4.139739880665462E-6,6153,-10.375,92.375
7.924554234613557E-6,6154,-10.625,92.375
1.2018691924102394E-5,6155,-10.875,92.375
,6156,-11.125,92.375
,6157,-11.375,92.375
,6158,-11.625,92.375
,6159,-11.875,92.375
,6160,31.875,92.625
,6161,31.625,92.625
1.1767159301072018E-5,6162,31.375,92.625
8.514780584405415E-6,6163,31.125,92.625
8.77245146009893E-6,6164,30.875,92.625
6.658102975959477E-6,6165,30.625,92.625
6.047185255050418E-6,6166,30.375,92.625
4.561128761855977E-6,6167,30.125,92.625
1.64062958280932E-6,6168,29.875,92.625
5.1569925482752675E-6,6169,29.625,92.625
5.843122758285057E-6,6170,29.375,92.625
,6171,29.125,92.625
1.7470853193509304E-6,6172,28.875,92.625
1.3622041246097276E-5,6173,28.625,92.625
1.0205311508420765E-5,6174,28.375,92.625
5.1649712012195625E-6,6175,28.125,92.625
3.2387843721955908E-6,6176,27.875,92.625
,6177,27.625,92.625
6.759276941392737E-6,6178,27.375,92.625
4.870510424639363E-6,6179,27.125,92.625
2.1219529117140792E-5,6180,26.875,92.625
2.9239658088642444E-5,6181,26.625,92.625
2.5898772279067978E-5,6182,26.375,92.625
3.130881174726619E-5,6183,26.125,92.625
3.3315782940036204E-5,6184,25.875,92.625
3.793880209646042E-5,6185,25.625,92.625
2.3481985643503567E-5,6186,25.375,92.625
2.1096208472584755E-5,6187,25.125,92.625
2.873723565226374E-5,6188,24.875,92.625
2.5188884725135445E-5,6189,24.625,92.625
2.254374634217523E-5,6190,24.375,92.625
2.3081144040034083E-5,6191,24.125,92.625
2.3635948284343346E-5,6192,23.875,92.625
2.248746777884867E-5,6193,23.625,92.625
1.9813872900896667E-5,6194,23.375,92.625
2.1008312236480028E-5,6195,23.125,92.625
2.4112424948090204E-5,6196,22.875,92.625
2.5076078347134676E-5,6197,22.625,92.625
2.9052783955543357E-5,6198,22.375,92.625
1.4369901839978139E-5,6199,22.125,92.625
2.2588468789123498E-5,6200,21.875,92.625
2.9048899865840964E-5,6201,21.625,92.625
2.532651530185258E-5,6202,21.375,92.625
,6203,21.125,92.625
2.6539595496287502E-5,6204,20.875,92.625
2.675429512206764E-5,6205,20.625,92.625
2.7625413736645906E-5,6206,20.375,92.625
1.97461681050633E-5,6207,20.125,92.625
1.9219363481423952E-5,6208,19.875,92.625
1.8740724060865806E-5,6209,19.625,92.625
1.73082268447759E-5,6210,19.375,92.625
1.777191177076622E-5,6211,19.125,92.625
3.2318182550753584E-6,6212,18.875,92.625
,6213,18.625,92.625
,6214,18.375,92.625
,6215,18.125,92.625
,6216,17.875,92.625
1.2068872842854744E-5,6217,17.625,92.625
3.345113888855721E-5,6218,17.375,92.625
,6219,17.125,92.625
,6220,16.875,92.625
,6221,16.625,92.625
,6222,16.375,92.625
1.3189712640673485E-5,6223,16.125,92.625
,6224,15.875,92.625
1.6363521616803555E-5,6225,15.625,92.625
,6226,15.375,92.625
,6227,15.125,92.625
,6228,14.875,92.625
,6229,14.625,92.625
,6230,14.375,92.625
,6231,14.125,92.625
,6232,13.875,92.625
,6233,13.625,92.625
8.16939981027385E-6,6234,13.375,92.625
,6235,13.125,92.625
,6236,12.875,92.625
9.156068864106248E-6,6237,12.625,92.625
,6238,12.375,92.625
8.51587413657188E-6,6239,12.125,92.625
9.255055162552296E-6,6240,11.875,92.625
1.0438699694418924E-5,6241,11.625,92.625
1.0649104299554361E-5,6242,11.375,92.625
9.690843590390582E-6,6243,11.125,92.625
5.017128609540058E-6,6244,10.875,92.625
2.815167149193941E-6,6245,10.625,92.625
8.357212327004955E-6,6246,10.375,92.625
8.370692104796803E-6,6247,10.125,92.625
6.706377986495482E-6,6248,9.875,92.625
7.445800440723227E-6,6249,9.625,92.625
9.141147441564245E-6,6250,9.375,92.625
7.067308292383087E-6,6251,9.125,92.625
5.718357631489469E-6,6252,8.875,92.625
7.431595553741039E-6,6253,8.625,92.625
7.98608856076386E-6,6254,8.375,92.625
6.643392357845901E-6,6255,8.125,92.625
7.101915609727491E-6,6256,7.875,92.625
4.588430835863078E-6,6257,7.625,92.625
7.897498728325836E-6,6258,7.375,92.625
5.278795494224517E-6,6259,7.125,92.625
1.1721944644835157E-5,6260,6.875,92.625
8.539385849278727E-6,6261,6.625,92.625
1.3099156694541671E-5,6262,6.375,92.625
1.0461769344652575E-5,6263,6.125,92.625
1.4823680623788604E-5,6264,5.875,92.625
2.1398741038021497E-5,6265,5.625,92.625
8.633316864171644E-6,6266,5.375,92.625
1.1672993387114278E-5,6267,5.125,92.625
1.6682130546213915E-5,6268,4.875,92.625
9.087613008993157E-6,6269,4.625,92.625
1.4817346783983382E-6,6270,4.375,92.625
9.922524027064252E-6,6271,4.125,92.625
7.976671332043424E-6,6272,3.875,92.625
1.1686470286000934E-5,6273,3.625,92.625
6.3918170852711755E-6,6274,3.375,92.625
5.52561807474324E-6,6275,3.125,92.625
7.340563271675979E-6,6276,2.875,92.625
1.2831771578272559E-6,6277,2.625,92.625
8.018805563313843E-6,6278,2.375,92.625
6.819201705479447E-6,6279,2.125,92.625
5.817027384121214E-6,6280,1.875,92.625
7.899630857577644E-6,6281,1.625,92.625
4.625156421449301E-6,6282,1.375,92.625
6.5305619978784645E-6,6283,1.125,92.625
8.421479171502821E-6,6284,0.875,92.625
3.324071704511974E-6,6285,0.625,92.625
,6286,0.375,92.625
,6287,0.125,92.625
,6288,-0.125,92.625
,6289,-0.375,92.625
1.4663049062626618E-6,6290,-0.625,92.625
4.047846395731876E-6,6291,-0.875,92.625
5.697477907505234E-6,6292,-1.125,92.625
3.035013028986055E-6,6293,-1.375,92.625
4.661087306073265E-6,6294,-1.625,92.625
4.428899350131107E-6,6295,-1.875,92.625
,6296,-2.125,92.625
,6297,-2.375,92.625
-3.858304239013647E-6,6298,-2.625,92.625
3.576288892314328E-6,6299,-2.875,92.625
1.5039389364665577E-6,6300,-3.125,92.625
5.872678142168801E-6,6301,-3.375,92.625
,6302,-3.625,92.625
,6303,-3.875,92.625
,6304,-4.125,92.625
,6305,-4.375,92.625
,6306,-4.625,92.625
,6307,-4.875,92.625
,6308,-5.125,92.625
,6309,-5.375,92.625
,6310,-5.625,92.625
,6311,-5.875,92.625
,6312,-6.125,92.625
,6313,-6.375,92.625
,6314,-6.625,92.625
,6315,-6.875,92.625
,6316,-7.125,92.625
,6317,-7.375,92.625
,6318,-7.625,92.625
,6319,-7.875,92.625
,6320,-8.125,92.625
,6321,-8.375,92.625
,6322,-8.625,92.625
,6323,-8.875,92.625
,6324,-9.125,92.625
,6325,-9.375,92.625
,6326,-9.625,92.625
,6327,-9.875,92.625
,6328,-10.125,92.625
,6329,-10.375,92.625
6.760527491782861E-6,6330,-10.625,92.625
8.103756928945312E-6,6331,-10.875,92.625
,6332,-11.125,92.625
,6333,-11.375,92.625
,6334,-11.625,92.625
,6335,-11.875,92.625
,6336,31.875,92.875
,6337,31.625,92.875
9.983754113179545E-6,6338,31.375,92.875
8.489123927616947E-6,6339,31.125,92.875
7.62310226643866E-6,6340,30.875,92.875
6.213179638657201E-6,6341,30.625,92.875
5.28566888505753E-6,6342,30.375,92.875
5.765103302446526E-6,6343,30.125,92.875
8.165785693427064E-7,6344,29.875,92.875
4.672021041408589E-6,6345,29.625,92.875
6.507965817705192E-6,6346,29.375,92.875
,6347,29.125,92.875
5.395175839439587E-6,6348,28.875,92.875
1.567741953584009E-5,6349,28.625,92.875
1.0937935017210622E-5,6350,28.375,92.875
5.0381010652532426E-6,6351,28.125,92.875
,6352,27.875,92.875
,6353,27.625,92.875
8.188869428518199E-6,6354,27.375,92.875
8.969361391464275E-6,6355,27.125,92.875
2.465215501682393E-5,6356,26.875,92.875
2.6699664448107E-5,6357,26.625,92.875
2.0999058150776332E-5,6358,26.375,92.875
3.3019080938351545E-5,6359,26.125,92.875
3.191400845463149E-5,6360,25.875,92.875
4.638934540651414E-5,6361,25.625,92.875
2.3050047620740214E-5,6362,25.375,92.875
2.3095368425108965E-5,6363,25.125,92.875
2.7364802654048418E-5,6364,24.875,92.875
2.5308591181953406E-5,6365,24.625,92.875
2.5892883917764275E-5,6366,24.375,92.875
1.9741178681472927E-5,6367,24.125,92.875
2.0855178379791284E-5,6368,23.875,92.875
1.8604127452002748E-5,6369,23.625,92.875
1.4837012250398528E-5,6370,23.375,92.875
1.85260243896607E-5,6371,23.125,92.875
2.6740769684659755E-5,6372,22.875,92.875
3.218198553143821E-5,6373,22.625,92.875
2.9546365546776508E-5,6374,22.375,92.875
5.194692145803725E-5,6375,22.125,92.875
4.3619851081864445E-5,6376,21.875,92.875
3.105951472706264E-5,6377,21.625,92.875
2.893631966798129E-5,6378,21.375,92.875
,6379,21.125,92.875
3.698766181548438E-5,6380,20.875,92.875
,6381,20.625,92.875
1.5516592754472888E-5,6382,20.375,92.875
2.309739391819004E-5,6383,20.125,92.875
1.7972195821979573E-5,6384,19.875,92.875
1.616072425017613E-5,6385,19.625,92.875
1.5895541306352324E-5,6386,19.375,92.875
1.9175608268112276E-5,6387,19.125,92.875
7.169505433953797E-6,6388,18.875,92.875
,6389,18.625,92.875
,6390,18.375,92.875
,6391,18.125,92.875
,6392,17.875,92.875
,6393,17.625,92.875
,6394,17.375,92.875
,6395,17.125,92.875
,6396,16.875,92.875
,6397,16.625,92.875
8.723452090748438E-6,6398,16.375,92.875
,6399,16.125,92.875
8.608280092955226E-6,6400,15.875,92.875
1.6609284900773596E-5,6401,15.625,92.875
,6402,15.375,92.875
,6403,15.125,92.875
,6404,14.875,92.875
,6405,14.625,92.875
,6406,14.375,92.875
1.313582740836681E-5,6407,14.125,92.875
4.033625719044171E-6,6408,13.875,92.875
,6409,13.625,92.875
8.588172294708948E-6,6410,13.375,92.875
,6411,13.125,92.875
,6412,12.875,92.875
1.1754338785754566E-5,6413,12.625,92.875
,6414,12.375,92.875
7.329437084636741E-6,6415,12.125,92.875
,6416,11.875,92.875
,6417,11.625,92.875
7.7119399530701E-6,6418,11.375,92.875
9.477292523771857E-6,6419,11.125,92.875
3.947914384106157E-6,6420,10.875,92.875
5.937812833047743E-6,6421,10.625,92.875
7.091770991692031E-6,6422,10.375,92.875
5.512092077704384E-6,6423,10.125,92.875
5.857042098408406E-6,6424,9.875,92.875
8.094310821247836E-7,6425,9.625,92.875
9.409374711882378E-6,6426,9.375,92.875
1.2031320010260389E-5,6427,9.125,92.875
6.1909108705329905E-6,6428,8.875,92.875
6.024799806702638E-6,6429,8.625,92.875
7.231112533987827E-6,6430,8.375,92.875
7.209315837336776E-6,6431,8.125,92.875
5.988397851548812E-6,6432,7.875,92.875
7.183367214466281E-6,6433,7.625,92.875
3.975648268517451E-6,6434,7.375,92.875
8.773609984041072E-6,6435,7.125,92.875
8.801076645359053E-6,6436,6.875,92.875
9.29277572960963E-6,6437,6.625,92.875
1.3067607273319725E-5,6438,6.375,92.875
1.2891130568578558E-5,6439,6.125,92.875
1.522852837882955E-5,6440,5.875,92.875
1.1962638387710557E-5,6441,5.625,92.875
1.0828419365529645E-5,6442,5.375,92.875
1.356488179805282E-5,6443,5.125,92.875
,6444,4.875,92.875
1.1432429624990035E-5,6445,4.625,92.875
1.3363673105170589E-5,6446,4.375,92.875
,6447,4.125,92.875
,6448,3.875,92.875
7.042239705397736E-6,6449,3.625,92.875
8.608014913496143E-6,6450,3.375,92.875
7.106650095240263E-6,6451,3.125,92.875
5.901773376695242E-6,6452,2.875,92.875
8.97041957878013E-6,6453,2.625,92.875
1.0028101234301386E-5,6454,2.375,92.875
6.269198925429935E-6,6455,2.125,92.875
9.664947804928779E-6,6456,1.875,92.875
1.7621544813421196E-6,6457,1.625,92.875
5.213297646730221E-6,6458,1.375,92.875
1.0064411192313569E-5,6459,1.125,92.875
3.959092263789028E-6,6460,0.875,92.875
4.049480534737246E-6,6461,0.625,92.875
6.3141522891671896E-6,6462,0.375,92.875
,6463,0.125,92.875
,6464,-0.125,92.875
,6465,-0.375,92.875
-9.693349044667308E-7,6466,-0.625,92.875
5.1352543710690725E-6,6467,-0.875,92.875
4.482844114414134E-6,6468,-1.125,92.875
6.491944476609424E-6,6469,-1.375,92.875
,6470,-1.625,92.875
,6471,-1.875,92.875
,6472,-2.125,92.875
,6473,-2.375,92.875
3.2120648839483435E-6,6474,-2.625,92.875
,6475,-2.875,92.875
4.03667841560966E-6,6476,-3.125,92.875
,6477,-3.375,92.875
,6478,-3.625,92.875
3.3898047618124998E-6,6479,-3.875,92.875
3.389804770857388E-6,6480,-4.125,92.875
6.346367647216446E-6,6481,-4.375,92.875
6.346367610876216E-6,6482,-4.625,92.875
,6483,-4.875,92.875
,6484,-5.125,92.875
,6485,-5.375,92.875
,6486,-5.625,92.875
,6487,-5.875,92.875
,6488,-6.125,92.875
,6489,-6.375,92.875
,6490,-6.625,92.875
,6491,-6.875,92.875
,6492,-7.125,92.875
,6493,-7.375,92.875
,6494,-7.625,92.875
,6495,-7.875,92.875
,6496,-8.125,92.875
,6497,-8.375,92.875
,6498,-8.625,92.875
,6499,-8.875,92.875
,6500,-9.125,92.875
,6501,-9.375,92.875
,6502,-9.625,92.875
,6503,-9.875,92.875
,6504,-10.125,92.875
2.897450760436096E-6,6505,-10.375,92.875
1.003293216871304E-5,6506,-10.625,92.875
4.544213777299397E-6,6507,-10.875,92.875
,6508,-11.125,92.875
,6509,-11.375,92.875
,6510,-11.625,92.875
,6511,-11.875,92.875
,6512,31.875,93.125
,6513,31.625,93.125
7.986951452319232E-6,6514,31.375,93.125
7.514703837278177E-6,6515,31.125,93.125
5.293445400472401E-6,6516,30.875,93.125
4.599701563379356E-6,6517,30.625,93.125
3.5019164361029346E-6,6518,30.375,93.125
3.553053590519011E-6,6519,30.125,93.125
3.0396491924504164E-6,6520,29.875,93.125
3.8007740017207273E-6,6521,29.625,93.125
3.263272465461861E-6,6522,29.375,93.125
,6523,29.125,93.125
5.2412822658879E-6,6524,28.875,93.125
3.023595160372538E-6,6525,28.625,93.125
,6526,28.375,93.125
-1.862339567565984E-6,6527,28.125,93.125
1.9584965446105546E-6,6528,27.875,93.125
8.403191986839145E-6,6529,27.625,93.125
8.974302728268371E-6,6530,27.375,93.125
4.128557346702981E-6,6531,27.125,93.125
2.2501572908033697E-5,6532,26.875,93.125
2.7661226112387587E-5,6533,26.625,93.125
2.7529861275979572E-5,6534,26.375,93.125
1.966055689617608E-5,6535,26.125,93.125
2.236985933956847E-5,6536,25.875,93.125
1.910939877640613E-5,6537,25.625,93.125
1.5434350307397214E-5,6538,25.375,93.125
2.4316312195679535E-5,6539,25.125,93.125
2.321893181661565E-5,6540,24.875,93.125
2.276626540665501E-5,6541,24.625,93.125
1.8647279726515117E-5,6542,24.375,93.125
1.9433226066531094E-5,6543,24.125,93.125
2.623571603932329E-5,6544,23.875,93.125
1.8509839343215108E-5,6545,23.625,93.125
2.5729181268975982E-5,6546,23.375,93.125
2.1785518522333186E-5,6547,23.125,93.125
2.3000008962722115E-5,6548,22.875,93.125
3.10264333734995E-5,6549,22.625,93.125
3.325791445914913E-5,6550,22.375,93.125
4.3705552070743445E-5,6551,22.125,93.125
2.983768765322367E-5,6552,21.875,93.125
,6553,21.625,93.125
2.2596505053686683E-5,6554,21.375,93.125
,6555,21.125,93.125
,6556,20.875,93.125
3.260793340271965E-5,6557,20.625,93.125
2.7012230689209026E-5,6558,20.375,93.125
,6559,20.125,93.125
2.21542395948856E-5,6560,19.875,93.125
,6561,19.625,93.125
,6562,19.375,93.125
,6563,19.125,93.125
,6564,18.875,93.125
,6565,18.625,93.125
,6566,18.375,93.125
,6567,18.125,93.125
,6568,17.875,93.125
,6569,17.625,93.125
,6570,17.375,93.125
,6571,17.125,93.125
,6572,16.875,93.125
,6573,16.625,93.125
,6574,16.375,93.125
,6575,16.125,93.125
,6576,15.875,93.125
,6577,15.625,93.125
,6578,15.375,93.125
,6579,15.125,93.125
,6580,14.875,93.125
,6581,14.625,93.125
,6582,14.375,93.125
1.2211020427050216E-5,6583,14.125,93.125
8.586363418632802E-6,6584,13.875,93.125
9.916680548116758E-6,6585,13.625,93.125
5.3304977989305876E-6,6586,13.375,93.125
7.060837837963531E-6,6587,13.125,93.125
5.034820658181518E-6,6588,12.875,93.125
,6589,12.625,93.125
,6590,12.375,93.125
4.1425345411563805E-6,6591,12.125,93.125
4.505384536671746E-6,6592,11.875,93.125
,6593,11.625,93.125
7.509244011443894E-6,6594,11.375,93.125
6.871918489956377E-6,6595,11.125,93.125
7.087846432600378E-6,6596,10.875,93.125
5.759261947451167E-6,6597,10.625,93.125
5.490353754216348E-6,6598,10.375,93.125
7.062294119738062E-6,6599,10.125,93.125
9.985847898509595E-6,6600,9.875,93.125
7.364956632810086E-6,6601,9.625,93.125
6.589574268520394E-6,6602,9.375,93.125
5.805717040449842E-6,6603,9.125,93.125
9.59036130579153E-6,6604,8.875,93.125
7.821628397215723E-6,6605,8.625,93.125
8.66287418887019E-6,6606,8.375,93.125
8.093000376946774E-6,6607,8.125,93.125
7.15897654139215E-6,6608,7.875,93.125
6.804816248242798E-6,6609,7.625,93.125
7.75515135094401E-6,6610,7.375,93.125
8.356297518588964E-6,6611,7.125,93.125
6.478406141778258E-6,6612,6.875,93.125
9.795759853048368E-6,6613,6.625,93.125
1.1709202912109804E-5,6614,6.375,93.125
1.3851201094236108E-5,6615,6.125,93.125
1.607204325035898E-5,6616,5.875,93.125
1.242557518881127E-5,6617,5.625,93.125
1.4982852065350209E-5,6618,5.375,93.125
3.3798451353191995E-5,6619,5.125,93.125
5.391917039308685E-6,6620,4.875,93.125
8.938548272737862E-6,6621,4.625,93.125
1.2077190778994012E-5,6622,4.375,93.125
,6623,4.125,93.125
,6624,3.875,93.125
,6625,3.625,93.125
7.28807910973719E-6,6626,3.375,93.125
7.642072542150881E-6,6627,3.125,93.125
7.110484056540237E-6,6628,2.875,93.125
9.228372748505212E-6,6629,2.625,93.125
7.500433286336972E-6,6630,2.375,93.125
5.0945368737457815E-6,6631,2.125,93.125
1.1653092448484576E-5,6632,1.875,93.125
5.339908345314833E-6,6633,1.625,93.125
6.771479350991638E-6,6634,1.375,93.125
6.986834686362121E-6,6635,1.125,93.125
7.621607939982357E-6,6636,0.875,93.125
4.164213117637125E-6,6637,0.625,93.125
4.05251592341438E-6,6638,0.375,93.125
,6639,0.125,93.125
,6640,-0.125,93.125
,6641,-0.375,93.125
9.691816977520817E-6,6642,-0.625,93.125
5.985943501312078E-6,6643,-0.875,93.125
6.409982408336343E-6,6644,-1.125,93.125
1.2161026545530447E-5,6645,-1.375,93.125
,6646,-1.625,93.125
,6647,-1.875,93.125
,6648,-2.125,93.125
,6649,-2.375,93.125
4.866367576047111E-8,6650,-2.625,93.125
3.06476522062188E-6,6651,-2.875,93.125
-3.784083834853884E-6,6652,-3.125,93.125
,6653,-3.375,93.125
,6654,-3.625,93.125
,6655,-3.875,93.125
,6656,-4.125,93.125
7.622203091830229E-6,6657,-4.375,93.125
6.110858097979566E-6,6658,-4.625,93.125
,6659,-4.875,93.125
,6660,-5.125,93.125
,6661,-5.375,93.125
,6662,-5.625,93.125
,6663,-5.875,93.125
,6664,-6.125,93.125
,6665,-6.375,93.125
,6666,-6.625,93.125
,6667,-6.875,93.125
,6668,-7.125,93.125
,6669,-7.375,93.125
,6670,-7.625,93.125
,6671,-7.875,93.125
,6672,-8.125,93.125
,6673,-8.375,93.125
,6674,-8.625,93.125
,6675,-8.875,93.125
,6676,-9.125,93.125
,6677,-9.375,93.125
,6678,-9.625,93.125
,6679,-9.875,93.125
1.242914634422514E-6,6680,-10.125,93.125
7.49350276935836E-6,6681,-10.375,93.125
7.526531271990662E-6,6682,-10.625,93.125
1.5502695566268284E-5,6683,-10.875,93.125
,6684,-11.125,93.125
,6685,-11.375,93.125
,6686,-11.625,93.125
,6687,-11.875,93.125
,6688,31.875,93.375
,6689,31.625,93.375
7.484364994406193E-6,6690,31.375,93.375
7.6255904150002464E-6,6691,31.125,93.375
5.372914413266612E-6,6692,30.875,93.375
3.9904600353701535E-6,6693,30.625,93.375
3.5504024827380184E-6,6694,30.375,93.375
2.426681330825537E-6,6695,30.125,93.375
,6696,29.875,93.375
6.017047333779465E-6,6697,29.625,93.375
5.513823625542114E-6,6698,29.375,93.375
,6699,29.125,93.375
1.168903671191492E-6,6700,28.875,93.375
3.5157087820004552E-6,6701,28.625,93.375
,6702,28.375,93.375
9.521625814678193E-6,6703,28.125,93.375
-4.625543541388501E-7,6704,27.875,93.375
8.278526381873716E-6,6705,27.625,93.375
4.398598579420864E-6,6706,27.375,93.375
8.538850682886562E-6,6707,27.125,93.375
2.5848081282269324E-5,6708,26.875,93.375
2.8277136078120032E-5,6709,26.625,93.375
2.4842280396842142E-5,6710,26.375,93.375
2.5358845967930114E-5,6711,26.125,93.375
3.065999160873426E-5,6712,25.875,93.375
1.8004593479891146E-5,6713,25.625,93.375
2.5307655073445334E-5,6714,25.375,93.375
2.484345206328113E-5,6715,25.125,93.375
2.1601549677678986E-5,6716,24.875,93.375
2.1099907452446298E-5,6717,24.625,93.375
2.306658687895233E-5,6718,24.375,93.375
2.2748434559118002E-5,6719,24.125,93.375
1.717787999799654E-5,6720,23.875,93.375
1.8209552933264192E-5,6721,23.625,93.375
2.6932674250756575E-5,6722,23.375,93.375
2.03797984526809E-5,6723,23.125,93.375
3.0226148945386533E-5,6724,22.875,93.375
4.5100535388974255E-5,6725,22.625,93.375
,6726,22.375,93.375
3.8668515755674046E-5,6727,22.125,93.375
,6728,21.875,93.375
3.436145577210682E-5,6729,21.625,93.375
3.8790887534338916E-5,6730,21.375,93.375
,6731,21.125,93.375
,6732,20.875,93.375
2.855199315806679E-5,6733,20.625,93.375
2.36810761435824E-5,6734,20.375,93.375
,6735,20.125,93.375
,6736,19.875,93.375
,6737,19.625,93.375
,6738,19.375,93.375
,6739,19.125,93.375
,6740,18.875,93.375
,6741,18.625,93.375
,6742,18.375,93.375
,6743,18.125,93.375
,6744,17.875,93.375
,6745,17.625,93.375
,6746,17.375,93.375
,6747,17.125,93.375
,6748,16.875,93.375
,6749,16.625,93.375
,6750,16.375,93.375
,6751,16.125,93.375
,6752,15.875,93.375
,6753,15.625,93.375
,6754,15.375,93.375
,6755,15.125,93.375
,6756,14.875,93.375
,6757,14.625,93.375
,6758,14.375,93.375
5.863315342489698E-6,6759,14.125,93.375
1.0953687084890227E-5,6760,13.875,93.375
1.0512053077966742E-5,6761,13.625,93.375
1.1139228967878775E-5,6762,13.375,93.375
7.508485572313528E-6,6763,13.125,93.375
8.103057050968735E-6,6764,12.875,93.375
-4.082498250816115E-6,6765,12.625,93.375
1.1811202814774375E-6,6766,12.375,93.375
5.408552808552215E-6,6767,12.125,93.375
8.584644125096791E-6,6768,11.875,93.375
5.886393878209667E-6,6769,11.625,93.375
5.819645493533876E-6,6770,11.375,93.375
5.9418663215653444E-6,6771,11.125,93.375
3.5794773592258164E-6,6772,10.875,93.375
1.3372282411667532E-6,6773,10.625,93.375
3.969973928288251E-6,6774,10.375,93.375
4.97189047236424E-6,6775,10.125,93.375
3.942553983590717E-6,6776,9.875,93.375
6.808405417345523E-6,6777,9.625,93.375
4.587106233617901E-6,6778,9.375,93.375
1.1880884123734017E-5,6779,9.125,93.375
3.801093202583933E-6,6780,8.875,93.375
6.275400986098509E-6,6781,8.625,93.375
5.964736455060796E-6,6782,8.375,93.375
7.509760126697247E-6,6783,8.125,93.375
5.2111156107342146E-6,6784,7.875,93.375
6.533437797001051E-6,6785,7.625,93.375
1.0325411977250124E-5,6786,7.375,93.375
9.90536024692213E-6,6787,7.125,93.375
9.773246577824734E-6,6788,6.875,93.375
1.015197259489454E-5,6789,6.625,93.375
1.4322640882776794E-5,6790,6.375,93.375
1.7248484960169456E-5,6791,6.125,93.375
1.5501997483759395E-5,6792,5.875,93.375
1.453402906260519E-5,6793,5.625,93.375
1.1423740384975138E-5,6794,5.375,93.375
1.0520137942529928E-5,6795,5.125,93.375
1.3186222910650976E-5,6796,4.875,93.375
1.3767177910735991E-5,6797,4.625,93.375
1.1918880584458597E-5,6798,4.375,93.375
1.0896053029589863E-5,6799,4.125,93.375
,6800,3.875,93.375
,6801,3.625,93.375
,6802,3.375,93.375
5.160898195860892E-6,6803,3.125,93.375
7.347458687175773E-6,6804,2.875,93.375
9.230429338607318E-6,6805,2.625,93.375
5.277129964906193E-6,6806,2.375,93.375
7.229027841697296E-6,6807,2.125,93.375
5.159985546129827E-6,6808,1.875,93.375
5.193805679095586E-6,6809,1.625,93.375
6.8587234024951425E-6,6810,1.375,93.375
5.3342481001666615E-6,6811,1.125,93.375
2.8182497048434325E-6,6812,0.875,93.375
7.265591708988464E-6,6813,0.625,93.375
,6814,0.375,93.375
,6815,0.125,93.375
,6816,-0.125,93.375
,6817,-0.375,93.375
1.4995923273695887E-6,6818,-0.625,93.375
2.0096183025222165E-6,6819,-0.875,93.375
3.4111391053035166E-6,6820,-1.125,93.375
4.509300910018721E-6,6821,-1.375,93.375
,6822,-1.625,93.375
,6823,-1.875,93.375
,6824,-2.125,93.375
,6825,-2.375,93.375
-1.8958336258639887E-7,6826,-2.625,93.375
,6827,-2.875,93.375
,6828,-3.125,93.375
8.442170836639509E-6,6829,-3.375,93.375
,6830,-3.625,93.375
,6831,-3.875,93.375
,6832,-4.125,93.375
,6833,-4.375,93.375
4.517172377674811E-6,6834,-4.625,93.375
,6835,-4.875,93.375
,6836,-5.125,93.375
,6837,-5.375,93.375
,6838,-5.625,93.375
,6839,-5.875,93.375
,6840,-6.125,93.375
,6841,-6.375,93.375
,6842,-6.625,93.375
,6843,-6.875,93.375
,6844,-7.125,93.375
,6845,-7.375,93.375
,6846,-7.625,93.375
,6847,-7.875,93.375
,6848,-8.125,93.375
,6849,-8.375,93.375
,6850,-8.625,93.375
,6851,-8.875,93.375
,6852,-9.125,93.375
,6853,-9.375,93.375
,6854,-9.625,93.375
,6855,-9.875,93.375
9.355272720651927E-6,6856,-10.125,93.375
9.991982030095478E-6,6857,-10.375,93.375
9.896250161336819E-6,6858,-10.625,93.375
,6859,-10.875,93.375
,6860,-11.125,93.375
,6861,-11.375,93.375
,6862,-11.625,93.375
,6863,-11.875,93.375
,6864,31.875,93.625
,6865,31.625,93.625
8.093548166493912E-6,6866,31.375,93.625
7.734530302734468E-6,6867,31.125,93.625
4.276883596557387E-6,6868,30.875,93.625
2.3745514267072017E-6,6869,30.625,93.625
,6870,30.375,93.625
,6871,30.125,93.625
7.446147665738822E-6,6872,29.875,93.625
5.509032281472952E-6,6873,29.625,93.625
4.352174417228331E-6,6874,29.375,93.625
1.622928548007268E-6,6875,29.125,93.625
2.3882057568217676E-6,6876,28.875,93.625
9.962270538189319E-7,6877,28.625,93.625
2.7969523751091764E-6,6878,28.375,93.625
9.817884547302998E-6,6879,28.125,93.625
1.0670036504177706E-5,6880,27.875,93.625
1.3736006335787903E-5,6881,27.625,93.625
1.0281250892724994E-5,6882,27.375,93.625
1.8822825889863565E-5,6883,27.125,93.625
2.2952765227863954E-5,6884,26.875,93.625
2.2187243403147524E-5,6885,26.625,93.625
2.1169281209042573E-5,6886,26.375,93.625
2.398470380651381E-5,6887,26.125,93.625
2.9181981229368717E-5,6888,25.875,93.625
1.7308689899713415E-5,6889,25.625,93.625
1.7287406925466995E-5,6890,25.375,93.625
1.6066941795165033E-5,6891,25.125,93.625
2.1625502883102863E-5,6892,24.875,93.625
2.1229801722333682E-5,6893,24.625,93.625
2.8146771133418718E-5,6894,24.375,93.625
2.131939283007993E-5,6895,24.125,93.625
2.324405641605528E-5,6896,23.875,93.625
2.1748255055022715E-5,6897,23.625,93.625
3.677657826336874E-5,6898,23.375,93.625
5.927774210394396E-5,6899,23.125,93.625
,6900,22.875,93.625
,6901,22.625,93.625
,6902,22.375,93.625
2.5693623526170165E-5,6903,22.125,93.625
4.955011086323764E-5,6904,21.875,93.625
,6905,21.625,93.625
,6906,21.375,93.625
,6907,21.125,93.625
,6908,20.875,93.625
2.5802579088249705E-5,6909,20.625,93.625
2.3204140498591043E-5,6910,20.375,93.625
2.1184976455510584E-5,6911,20.125,93.625
2.2204948480823785E-5,6912,19.875,93.625
1.7790265770085668E-5,6913,19.625,93.625
,6914,19.375,93.625
,6915,19.125,93.625
,6916,18.875,93.625
,6917,18.625,93.625
,6918,18.375,93.625
,6919,18.125,93.625
,6920,17.875,93.625
,6921,17.625,93.625
,6922,17.375,93.625
,6923,17.125,93.625
,6924,16.875,93.625
,6925,16.625,93.625
,6926,16.375,93.625
,6927,16.125,93.625
,6928,15.875,93.625
,6929,15.625,93.625
,6930,15.375,93.625
,6931,15.125,93.625
,6932,14.875,93.625
,6933,14.625,93.625
,6934,14.375,93.625
6.394174104365521E-6,6935,14.125,93.625
1.0575749085903295E-5,6936,13.875,93.625
9.497160106096853E-6,6937,13.625,93.625
9.863500558200214E-6,6938,13.375,93.625
,6939,13.125,93.625
,6940,12.875,93.625
,6941,12.625,93.625
,6942,12.375,93.625
5.321733751902897E-6,6943,12.125,93.625
4.821015981575679E-6,6944,11.875,93.625
5.382393582195808E-6,6945,11.625,93.625
6.418039368113094E-6,6946,11.375,93.625
7.187332068798159E-6,6947,11.125,93.625
4.020585070736976E-6,6948,10.875,93.625
3.5455296708029424E-6,6949,10.625,93.625
9.470623001393774E-6,6950,10.375,93.625
7.923191489504642E-6,6951,10.125,93.625
1.297097200083476E-6,6952,9.875,93.625
1.3236071972292718E-7,6953,9.625,93.625
9.085167029745519E-6,6954,9.375,93.625
,6955,9.125,93.625
,6956,8.875,93.625
7.4525158447667635E-6,6957,8.625,93.625
7.0100087933236105E-6,6958,8.375,93.625
8.83661349420529E-6,6959,8.125,93.625
8.344043219213847E-6,6960,7.875,93.625
6.625577682041644E-6,6961,7.625,93.625
8.412072467155788E-6,6962,7.375,93.625
8.640124953630452E-6,6963,7.125,93.625
9.18321910707857E-6,6964,6.875,93.625
1.1458957241511386E-5,6965,6.625,93.625
1.2138850569212144E-5,6966,6.375,93.625
1.1644732315538243E-5,6967,6.125,93.625
1.6170940453432618E-5,6968,5.875,93.625
1.5276848837530834E-5,6969,5.625,93.625
1.8550476304465453E-5,6970,5.375,93.625
1.6274716842642944E-5,6971,5.125,93.625
1.4942475132616941E-5,6972,4.875,93.625
1.3104116093736841E-5,6973,4.625,93.625
1.4787221638580652E-5,6974,4.375,93.625
1.1876991047531224E-5,6975,4.125,93.625
1.1804393311681896E-5,6976,3.875,93.625
,6977,3.625,93.625
,6978,3.375,93.625
,6979,3.125,93.625
7.823740165953865E-6,6980,2.875,93.625
7.021028630712778E-6,6981,2.625,93.625
4.519400989364019E-6,6982,2.375,93.625
4.53016512449741E-6,6983,2.125,93.625
8.160261264359017E-6,6984,1.875,93.625
5.070038851712095E-6,6985,1.625,93.625
3.832751239009899E-6,6986,1.375,93.625
9.310798898638853E-6,6987,1.125,93.625
4.7257235251142385E-6,6988,0.875,93.625
,6989,0.625,93.625
,6990,0.375,93.625
,6991,0.125,93.625
,6992,-0.125,93.625
,6993,-0.375,93.625
1.3262187476652978E-6,6994,-0.625,93.625
3.251903963277554E-6,6995,-0.875,93.625
4.54961081321125E-6,6996,-1.125,93.625
,6997,-1.375,93.625
,6998,-1.625,93.625
,6999,-1.875,93.625
,7000,-2.125,93.625
,7001,-2.375,93.625
3.5016559473229325E-7,7002,-2.625,93.625
,7003,-2.875,93.625
,7004,-3.125,93.625
,7005,-3.375,93.625
,7006,-3.625,93.625
,7007,-3.875,93.625
,7008,-4.125,93.625
,7009,-4.375,93.625
1.7768845227443594E-5,7010,-4.625,93.625
,7011,-4.875,93.625
,7012,-5.125,93.625
,7013,-5.375,93.625
,7014,-5.625,93.625
,7015,-5.875,93.625
,7016,-6.125,93.625
,7017,-6.375,93.625
,7018,-6.625,93.625
,7019,-6.875,93.625
,7020,-7.125,93.625
,7021,-7.375,93.625
,7022,-7.625,93.625
,7023,-7.875,93.625
,7024,-8.125,93.625
,7025,-8.375,93.625
,7026,-8.625,93.625
,7027,-8.875,93.625
,7028,-9.125,93.625
,7029,-9.375,93.625
,7030,-9.625,93.625
,7031,-9.875,93.625
,7032,-10.125,93.625
,7033,-10.375,93.625
,7034,-10.625,93.625
,7035,-10.875,93.625
,7036,-11.125,93.625
,7037,-11.375,93.625
,7038,-11.625,93.625
,7039,-11.875,93.625
,7040,31.875,93.875
,7041,31.625,93.875
7.2709015373768256E-6,7042,31.375,93.875
7.5166578508368615E-6,7043,31.125,93.875
4.454888094593348E-6,7044,30.875,93.875
1.8177301063379853E-6,7045,30.625,93.875
,7046,30.375,93.875
4.810738074053672E-6,7047,30.125,93.875
5.501495622017355E-6,7048,29.875,93.875
5.564767604661681E-6,7049,29.625,93.875
4.031155470618245E-6,7050,29.375,93.875
5.890527893498586E-6,7051,29.125,93.875
9.3850378384189E-6,7052,28.875,93.875
-3.90724057249372E-6,7053,28.625,93.875
4.763782223398229E-6,7054,28.375,93.875
7.949273798856483E-6,7055,28.125,93.875
1.7231333230604018E-5,7056,27.875,93.875
,7057,27.625,93.875
1.0713571979435275E-5,7058,27.375,93.875
1.9715132840990283E-5,7059,27.125,93.875
2.228382110308859E-5,7060,26.875,93.875
2.2975567861243186E-5,7061,26.625,93.875
2.769538366234125E-5,7062,26.375,93.875
2.7559571918796113E-5,7063,26.125,93.875
2.6036322299908875E-5,7064,25.875,93.875
1.5122944422212772E-5,7065,25.625,93.875
1.478054404834535E-5,7066,25.375,93.875
1.697231050489754E-5,7067,25.125,93.875
2.517952571668764E-5,7068,24.875,93.875
2.6528081701665677E-5,7069,24.625,93.875
2.639231952581122E-5,7070,24.375,93.875
2.2876902892199163E-5,7071,24.125,93.875
3.058145649489511E-5,7072,23.875,93.875
,7073,23.625,93.875
5.0453379756156114E-5,7074,23.375,93.875
4.5260773085742365E-5,7075,23.125,93.875
3.7423108424656986E-5,7076,22.875,93.875
4.267948324326661E-5,7077,22.625,93.875
7.049968589571311E-5,7078,22.375,93.875
2.505111690257595E-5,7079,22.125,93.875
3.492698196004726E-5,7080,21.875,93.875
,7081,21.625,93.875
,7082,21.375,93.875
,7083,21.125,93.875
,7084,20.875,93.875
,7085,20.625,93.875
,7086,20.375,93.875
,7087,20.125,93.875
5.2002494996132585E-5,7088,19.875,93.875
,7089,19.625,93.875
,7090,19.375,93.875
,7091,19.125,93.875
,7092,18.875,93.875
,7093,18.625,93.875
,7094,18.375,93.875
,7095,18.125,93.875
,7096,17.875,93.875
,7097,17.625,93.875
,7098,17.375,93.875
,7099,17.125,93.875
,7100,16.875,93.875
,7101,16.625,93.875
,7102,16.375,93.875
,7103,16.125,93.875
,7104,15.875,93.875
1.742148565191674E-5,7105,15.625,93.875
,7106,15.375,93.875
,7107,15.125,93.875
5.999961159667074E-6,7108,14.875,93.875
,7109,14.625,93.875
,7110,14.375,93.875
4.508889758394723E-6,7111,14.125,93.875
6.2705635397489285E-6,7112,13.875,93.875
8.778105635224036E-6,7113,13.625,93.875
,7114,13.375,93.875
,7115,13.125,93.875
,7116,12.875,93.875
,7117,12.625,93.875
,7118,12.375,93.875
3.39972497111451E-6,7119,12.125,93.875
5.473877456153892E-6,7120,11.875,93.875
5.799300456583337E-6,7121,11.625,93.875
5.5327503986314474E-6,7122,11.375,93.875
3.720247031084223E-6,7123,11.125,93.875
3.0038599564236246E-6,7124,10.875,93.875
3.955436975083973E-6,7125,10.625,93.875
,7126,10.375,93.875
6.040596192975228E-7,7127,10.125,93.875
4.7347225456181525E-6,7128,9.875,93.875
,7129,9.625,93.875
,7130,9.375,93.875
,7131,9.125,93.875
,7132,8.875,93.875
1.0799393779199968E-5,7133,8.625,93.875
4.37159232194741E-6,7134,8.375,93.875
2.34956449893637E-6,7135,8.125,93.875
8.18874823998893E-6,7136,7.875,93.875
6.813297810711168E-6,7137,7.625,93.875
7.265848987344324E-6,7138,7.375,93.875
1.058992722060681E-5,7139,7.125,93.875
6.323560486895832E-6,7140,6.875,93.875
9.754886120652698E-6,7141,6.625,93.875
1.1128021852008636E-5,7142,6.375,93.875
1.4275964316577842E-5,7143,6.125,93.875
1.1911626065917624E-5,7144,5.875,93.875
1.855502202603132E-5,7145,5.625,93.875
1.567101899900165E-5,7146,5.375,93.875
3.645940381142721E-5,7147,5.125,93.875
1.2952140553039482E-5,7148,4.875,93.875
8.783527856581977E-6,7149,4.625,93.875
5.0422073657849074E-6,7150,4.375,93.875
1.0425189645891236E-5,7151,4.125,93.875
8.36682344525077E-6,7152,3.875,93.875
,7153,3.625,93.875
2.2361855410228075E-6,7154,3.375,93.875
6.354627574969779E-6,7155,3.125,93.875
5.627851134413153E-6,7156,2.875,93.875
5.572014677579703E-6,7157,2.625,93.875
7.1812587008230635E-6,7158,2.375,93.875
8.955837174287631E-6,7159,2.125,93.875
3.6516531372779054E-6,7160,1.875,93.875
8.290048091688638E-6,7161,1.625,93.875
5.309995058321895E-6,7162,1.375,93.875
1.4998991935764685E-5,7163,1.125,93.875
9.376556304716349E-7,7164,0.875,93.875
2.6346727810370316E-6,7165,0.625,93.875
,7166,0.375,93.875
,7167,0.125,93.875
,7168,-0.125,93.875
,7169,-0.375,93.875
-2.9063906518842574E-6,7170,-0.625,93.875
5.108999374385113E-6,7171,-0.875,93.875
,7172,-1.125,93.875
,7173,-1.375,93.875
,7174,-1.625,93.875
,7175,-1.875,93.875
,7176,-2.125,93.875
6.088998841373805E-7,7177,-2.375,93.875
3.150547797411088E-6,7178,-2.625,93.875
,7179,-2.875,93.875
,7180,-3.125,93.875
,7181,-3.375,93.875
,7182,-3.625,93.875
1.326851248107386E-6,7183,-3.875,93.875
2.209901103157956E-6,7184,-4.125,93.875
-4.014507275581478E-6,7185,-4.375,93.875
2.4295370401926266E-6,7186,-4.625,93.875
,7187,-4.875,93.875
,7188,-5.125,93.875
,7189,-5.375,93.875
,7190,-5.625,93.875
,7191,-5.875,93.875
,7192,-6.125,93.875
,7193,-6.375,93.875
,7194,-6.625,93.875
,7195,-6.875,93.875
,7196,-7.125,93.875
,7197,-7.375,93.875
,7198,-7.625,93.875
,7199,-7.875,93.875
,7200,-8.125,93.875
,7201,-8.375,93.875
,7202,-8.625,93.875
,7203,-8.875,93.875
,7204,-9.125,93.875
,7205,-9.375,93.875
,7206,-9.625,93.875
,7207,-9.875,93.875
,7208,-10.125,93.875
,7209,-10.375,93.875
,7210,-10.625,93.875
,7211,-10.875,93.875
,7212,-11.125,93.875
,7213,-11.375,93.875
,7214,-11.625,93.875
,7215,-11.875,93.875
9.74823009102747E-6,7216,31.875,94.125
1.1647662059067608E-5,7217,31.625,94.125
9.317849272273166E-6,7218,31.375,94.125
6.18561418444389E-6,7219,31.125,94.125
4.08303127853651E-6,7220,30.875,94.125
4.231100548575866E-6,7221,30.625,94.125
4.272225539137132E-6,7222,30.375,94.125
6.296508653109624E-6,7223,30.125,94.125
3.3261908590229825E-6,7224,29.875,94.125
5.49208325654077E-6,7225,29.625,94.125
3.846876781032225E-6,7226,29.375,94.125
5.3721665173297825E-6,7227,29.125,94.125
4.049456695842396E-6,7228,28.875,94.125
,7229,28.625,94.125
1.3153722704661758E-5,7230,28.375,94.125
1.2000085683164989E-5,7231,28.125,94.125
1.266542533608329E-5,7232,27.875,94.125
1.0790614491108449E-5,7233,27.625,94.125
1.9070513769803382E-5,7234,27.375,94.125
1.9384037688478504E-5,7235,27.125,94.125
2.4616565902545605E-5,7236,26.875,94.125
2.6324439805324576E-5,7237,26.625,94.125
2.0374225946904854E-5,7238,26.375,94.125
2.5201801998540693E-5,7239,26.125,94.125
1.9536803417431278E-5,7240,25.875,94.125
1.160634679061709E-5,7241,25.625,94.125
1.5633836397243535E-5,7242,25.375,94.125
2.485832167151623E-5,7243,25.125,94.125
2.5370529867187595E-5,7244,24.875,94.125
2.6371852330249052E-5,7245,24.625,94.125
2.4216032944819117E-5,7246,24.375,94.125
2.3273572023863246E-5,7247,24.125,94.125
2.948907211846601E-5,7248,23.875,94.125
6.0684153802222616E-5,7249,23.625,94.125
5.596649346379565E-5,7250,23.375,94.125
5.2862024353274066E-5,7251,23.125,94.125
6.288242031824138E-5,7252,22.875,94.125
5.313554646177697E-5,7253,22.625,94.125
4.4429806881362545E-5,7254,22.375,94.125
4.3025096211881305E-5,7255,22.125,94.125
3.905755570372953E-5,7256,21.875,94.125
,7257,21.625,94.125
,7258,21.375,94.125
5.497589739932367E-5,7259,21.125,94.125
5.786295072333645E-5,7260,20.875,94.125
,7261,20.625,94.125
,7262,20.375,94.125
,7263,20.125,94.125
,7264,19.875,94.125
,7265,19.625,94.125
,7266,19.375,94.125
,7267,19.125,94.125
,7268,18.875,94.125
,7269,18.625,94.125
,7270,18.375,94.125
,7271,18.125,94.125
,7272,17.875,94.125
,7273,17.625,94.125
,7274,17.375,94.125
,7275,17.125,94.125
,7276,16.875,94.125
,7277,16.625,94.125
,7278,16.375,94.125
,7279,16.125,94.125
1.2694873882009805E-5,7280,15.875,94.125
1.848882509494852E-5,7281,15.625,94.125
1.3356726247035585E-5,7282,15.375,94.125
1.2130023355236096E-5,7283,15.125,94.125
1.1658644016966191E-5,7284,14.875,94.125
1.0720315234554904E-5,7285,14.625,94.125
9.925574797596444E-6,7286,14.375,94.125
6.362227667094241E-6,7287,14.125,94.125
1.323114759145162E-5,7288,13.875,94.125
1.0632774880466927E-5,7289,13.625,94.125
,7290,13.375,94.125
,7291,13.125,94.125
,7292,12.875,94.125
,7293,12.625,94.125
,7294,12.375,94.125
6.173748244524946E-6,7295,12.125,94.125
6.653883236174078E-6,7296,11.875,94.125
6.710160310086867E-6,7297,11.625,94.125
2.9716132158520442E-6,7298,11.375,94.125
4.039020258724673E-6,7299,11.125,94.125
2.9662595338571503E-6,7300,10.875,94.125
1.9015258337024132E-6,7301,10.625,94.125
2.5230403764710915E-6,7302,10.375,94.125
4.386833158953181E-6,7303,10.125,94.125
,7304,9.875,94.125
1.2262314867253625E-6,7305,9.625,94.125
1.4650060245460728E-6,7306,9.375,94.125
,7307,9.125,94.125
,7308,8.875,94.125
,7309,8.625,94.125
,7310,8.375,94.125
,7311,8.125,94.125
2.481260269337602E-6,7312,7.875,94.125
1.1723686596145134E-6,7313,7.625,94.125
5.2143434335704865E-6,7314,7.375,94.125
6.169322452454118E-6,7315,7.125,94.125
7.968483780705534E-6,7316,6.875,94.125
6.457496275485756E-6,7317,6.625,94.125
1.675660841515937E-5,7318,6.375,94.125
1.6456709985006556E-5,7319,6.125,94.125
1.5713905224474193E-5,7320,5.875,94.125
1.4374056713224217E-5,7321,5.625,94.125
1.5712970826720136E-5,7322,5.375,94.125
1.4771367005912414E-5,7323,5.125,94.125
3.220725355387734E-6,7324,4.875,94.125
1.059520837290879E-5,7325,4.625,94.125
2.121495367576085E-6,7326,4.375,94.125
1.1391976657148731E-5,7327,4.125,94.125
1.1617707933261331E-5,7328,3.875,94.125
,7329,3.625,94.125
,7330,3.375,94.125
7.23850874201211E-6,7331,3.125,94.125
2.8652979354652177E-6,7332,2.875,94.125
8.658682345217232E-6,7333,2.625,94.125
7.871738165315073E-6,7334,2.375,94.125
7.504820281593985E-6,7335,2.125,94.125
4.00546556249512E-6,7336,1.875,94.125
4.830126385087476E-6,7337,1.625,94.125
4.876730134895894E-6,7338,1.375,94.125
8.671497344909605E-6,7339,1.125,94.125
2.70790515630583E-6,7340,0.875,94.125
8.350170949467016E-6,7341,0.625,94.125
,7342,0.375,94.125
,7343,0.125,94.125
,7344,-0.125,94.125
,7345,-0.375,94.125
2.7428492914245465E-6,7346,-0.625,94.125
5.666350054872827E-6,7347,-0.875,94.125
,7348,-1.125,94.125
,7349,-1.375,94.125
,7350,-1.625,94.125
,7351,-1.875,94.125
,7352,-2.125,94.125
4.0166607146447805E-7,7353,-2.375,94.125
6.901224742153221E-6,7354,-2.625,94.125
,7355,-2.875,94.125
,7356,-3.125,94.125
,7357,-3.375,94.125
-2.3468088634537613E-6,7358,-3.625,94.125
7.473150795661043E-6,7359,-3.875,94.125
7.69040148700323E-6,7360,-4.125,94.125
,7361,-4.375,94.125
6.889512883489597E-6,7362,-4.625,94.125
,7363,-4.875,94.125
,7364,-5.125,94.125
,7365,-5.375,94.125
,7366,-5.625,94.125
,7367,-5.875,94.125
,7368,-6.125,94.125
,7369,-6.375,94.125
,7370,-6.625,94.125
,7371,-6.875,94.125
,7372,-7.125,94.125
,7373,-7.375,94.125
,7374,-7.625,94.125
,7375,-7.875,94.125
,7376,-8.125,94.125
,7377,-8.375,94.125
,7378,-8.625,94.125
,7379,-8.875,94.125
,7380,-9.125,94.125
,7381,-9.375,94.125
,7382,-9.625,94.125
,7383,-9.875,94.125
,7384,-10.125,94.125
,7385,-10.375,94.125
,7386,-10.625,94.125
,7387,-10.875,94.125
,7388,-11.125,94.125
,7389,-11.375,94.125
,7390,-11.625,94.125
,7391,-11.875,94.125
8.939742594038619E-6,7392,31.875,94.375
8.626289877801852E-6,7393,31.625,94.375
9.134702964807283E-6,7394,31.375,94.375
8.102339003755077E-6,7395,31.125,94.375
4.4331650593921955E-6,7396,30.875,94.375
3.694273890394037E-6,7397,30.625,94.375
3.878192912461384E-6,7398,30.375,94.375
1.6923883999536274E-6,7399,30.125,94.375
3.881423212184635E-6,7400,29.875,94.375
5.527133749481678E-6,7401,29.625,94.375
6.517701393519396E-6,7402,29.375,94.375
,7403,29.125,94.375
,7404,28.875,94.375
5.514692561768189E-6,7405,28.625,94.375
8.199504240365166E-6,7406,28.375,94.375
1.480735979933454E-5,7407,28.125,94.375
1.373365725008596E-5,7408,27.875,94.375
1.5960255722183957E-5,7409,27.625,94.375
1.8776166770971766E-5,7410,27.375,94.375
2.170405250404985E-5,7411,27.125,94.375
2.6720442692955924E-5,7412,26.875,94.375
2.353672592227112E-5,7413,26.625,94.375
1.6340549365634543E-5,7414,26.375,94.375
,7415,26.125,94.375
1.2791227076862003E-5,7416,25.875,94.375
1.5754249197119393E-5,7417,25.625,94.375
1.8743573252905723E-5,7418,25.375,94.375
2.244139474188861E-5,7419,25.125,94.375
2.042518837586923E-5,7420,24.875,94.375
2.601258171377485E-5,7421,24.625,94.375
2.4352501835733186E-5,7422,24.375,94.375
,7423,24.125,94.375
5.9590854589701214E-5,7424,23.875,94.375
7.82340031871218E-5,7425,23.625,94.375
4.434405882522473E-5,7426,23.375,94.375
4.745122327970826E-5,7427,23.125,94.375
3.819431643117984E-5,7428,22.875,94.375
3.336874299779461E-5,7429,22.625,94.375
2.8829095220301463E-5,7430,22.375,94.375
3.1125626694848804E-5,7431,22.125,94.375
3.04330120034552E-5,7432,21.875,94.375
3.7984459384718634E-5,7433,21.625,94.375
4.7680696491122864E-5,7434,21.375,94.375
,7435,21.125,94.375
,7436,20.875,94.375
,7437,20.625,94.375
,7438,20.375,94.375
,7439,20.125,94.375
,7440,19.875,94.375
,7441,19.625,94.375
,7442,19.375,94.375
,7443,19.125,94.375
,7444,18.875,94.375
,7445,18.625,94.375
,7446,18.375,94.375
,7447,18.125,94.375
,7448,17.875,94.375
,7449,17.625,94.375
,7450,17.375,94.375
,7451,17.125,94.375
,7452,16.875,94.375
,7453,16.625,94.375
,7454,16.375,94.375
,7455,16.125,94.375
,7456,15.875,94.375
2.1688472873905082E-5,7457,15.625,94.375
1.0121351684578034E-5,7458,15.375,94.375
1.4565592364300527E-5,7459,15.125,94.375
1.3306076883229127E-5,7460,14.875,94.375
1.3722209867359255E-5,7461,14.625,94.375
1.2645100291394889E-5,7462,14.375,94.375
1.1972007026628052E-5,7463,14.125,94.375
9.937237084340095E-6,7464,13.875,94.375
8.280224297889768E-6,7465,13.625,94.375
,7466,13.375,94.375
,7467,13.125,94.375
,7468,12.875,94.375
,7469,12.625,94.375
,7470,12.375,94.375
4.287665905710345E-6,7471,12.125,94.375
1.0236598276402893E-6,7472,11.875,94.375
4.520545224067391E-6,7473,11.625,94.375
3.260392415006113E-6,7474,11.375,94.375
3.350966759031703E-6,7475,11.125,94.375
3.6562355088963644E-6,7476,10.875,94.375
1.7461755428528736E-6,7477,10.625,94.375
1.6159627538505367E-6,7478,10.375,94.375
-8.463096703288501E-7,7479,10.125,94.375
,7480,9.875,94.375
1.598174536915738E-6,7481,9.625,94.375
4.0457268785993E-6,7482,9.375,94.375
-3.5383605964186127E-6,7483,9.125,94.375
,7484,8.875,94.375
,7485,8.625,94.375
,7486,8.375,94.375
,7487,8.125,94.375
1.8086454048865234E-6,7488,7.875,94.375
2.7411774790706458E-6,7489,7.625,94.375
6.768075968543753E-6,7490,7.375,94.375
8.279445900391134E-6,7491,7.125,94.375
4.877235431804372E-6,7492,6.875,94.375
6.410492842605506E-6,7493,6.625,94.375
1.6190876377365892E-5,7494,6.375,94.375
1.0946352033689019E-5,7495,6.125,94.375
1.4669814361002879E-5,7496,5.875,94.375
1.522887284853424E-5,7497,5.625,94.375
,7498,5.375,94.375
1.317021521225365E-5,7499,5.125,94.375
1.2623587932853434E-5,7500,4.875,94.375
5.246238659327692E-6,7501,4.625,94.375
3.151703033450287E-6,7502,4.375,94.375
1.0099479897712599E-5,7503,4.125,94.375
8.740182710530327E-6,7504,3.875,94.375
9.513250438033393E-6,7505,3.625,94.375
1.1079085963722235E-5,7506,3.375,94.375
8.22243745512682E-6,7507,3.125,94.375
3.913685784383578E-6,7508,2.875,94.375
6.5150430431457725E-6,7509,2.625,94.375
6.693704426718047E-6,7510,2.375,94.375
8.082329233588281E-6,7511,2.125,94.375
6.05012927766731E-6,7512,1.875,94.375
4.417657969330128E-6,7513,1.625,94.375
4.419037663115881E-6,7514,1.375,94.375
5.811841073936731E-6,7515,1.125,94.375
-4.044028546738744E-7,7516,0.875,94.375
8.84729193482891E-6,7517,0.625,94.375
9.253936709343125E-6,7518,0.375,94.375
,7519,0.125,94.375
,7520,-0.125,94.375
,7521,-0.375,94.375
4.5011010729098824E-6,7522,-0.625,94.375
4.593823586606312E-6,7523,-0.875,94.375
,7524,-1.125,94.375
,7525,-1.375,94.375
,7526,-1.625,94.375
,7527,-1.875,94.375
2.6156962846364032E-6,7528,-2.125,94.375
6.702150725944164E-6,7529,-2.375,94.375
4.054659329668594E-6,7530,-2.625,94.375
,7531,-2.875,94.375
,7532,-3.125,94.375
,7533,-3.375,94.375
3.815117516877116E-8,7534,-3.625,94.375
7.289797239036298E-6,7535,-3.875,94.375
,7536,-4.125,94.375
,7537,-4.375,94.375
,7538,-4.625,94.375
,7539,-4.875,94.375
,7540,-5.125,94.375
,7541,-5.375,94.375
,7542,-5.625,94.375
,7543,-5.875,94.375
,7544,-6.125,94.375
,7545,-6.375,94.375
,7546,-6.625,94.375
,7547,-6.875,94.375
,7548,-7.125,94.375
,7549,-7.375,94.375
,7550,-7.625,94.375
,7551,-7.875,94.375
,7552,-8.125,94.375
,7553,-8.375,94.375
,7554,-8.625,94.375
,7555,-8.875,94.375
,7556,-9.125,94.375
,7557,-9.375,94.375
,7558,-9.625,94.375
,7559,-9.875,94.375
,7560,-10.125,94.375
,7561,-10.375,94.375
,7562,-10.625,94.375
,7563,-10.875,94.375
,7564,-11.125,94.375
,7565,-11.375,94.375
,7566,-11.625,94.375
,7567,-11.875,94.375
7.549824571051073E-6,7568,31.875,94.625
7.12813649259636E-6,7569,31.625,94.625
6.919825110265587E-6,7570,31.375,94.625
8.39365868534896E-6,7571,31.125,94.625
4.855733037268383E-6,7572,30.875,94.625
4.264970263968167E-6,7573,30.625,94.625
4.766459809721504E-6,7574,30.375,94.625
8.337143078098353E-6,7575,30.125,94.625
7.399139860261489E-6,7576,29.875,94.625
9.50840942018044E-6,7577,29.625,94.625
9.960724207071483E-6,7578,29.375,94.625
,7579,29.125,94.625
,7580,28.875,94.625
9.877831247867362E-6,7581,28.625,94.625
1.754346374444908E-5,7582,28.375,94.625
1.8484698470064096E-5,7583,28.125,94.625
1.7418528452528832E-5,7584,27.875,94.625
1.6597043421562943E-5,7585,27.625,94.625
1.9554326386859406E-5,7586,27.375,94.625
2.2158994687200445E-5,7587,27.125,94.625
2.7992320478999044E-5,7588,26.875,94.625
2.55590645521015E-5,7589,26.625,94.625
,7590,26.375,94.625
9.12248952479988E-6,7591,26.125,94.625
1.498581727312739E-5,7592,25.875,94.625
1.6679713619696437E-5,7593,25.625,94.625
1.70438535083076E-5,7594,25.375,94.625
1.900422489082181E-5,7595,25.125,94.625
2.1092332052935374E-5,7596,24.875,94.625
3.196613269277128E-5,7597,24.625,94.625
3.078788980405211E-5,7598,24.375,94.625
4.4416615382965495E-5,7599,24.125,94.625
3.715387426794879E-5,7600,23.875,94.625
5.467756804979866E-5,7601,23.625,94.625
6.798919235208444E-5,7602,23.375,94.625
6.367272157051228E-5,7603,23.125,94.625
2.886457289881901E-5,7604,22.875,94.625
,7605,22.625,94.625
2.5610417117810114E-5,7606,22.375,94.625
,7607,22.125,94.625
,7608,21.875,94.625
,7609,21.625,94.625
,7610,21.375,94.625
3.619633635110389E-5,7611,21.125,94.625
4.296252258254274E-5,7612,20.875,94.625
,7613,20.625,94.625
,7614,20.375,94.625
,7615,20.125,94.625
,7616,19.875,94.625
,7617,19.625,94.625
,7618,19.375,94.625
,7619,19.125,94.625
,7620,18.875,94.625
,7621,18.625,94.625
,7622,18.375,94.625
,7623,18.125,94.625
,7624,17.875,94.625
,7625,17.625,94.625
,7626,17.375,94.625
,7627,17.125,94.625
,7628,16.875,94.625
,7629,16.625,94.625
,7630,16.375,94.625
,7631,16.125,94.625
,7632,15.875,94.625
,7633,15.625,94.625
1.2875107632666432E-5,7634,15.375,94.625
1.4404147528035466E-5,7635,15.125,94.625
1.2929451297049127E-5,7636,14.875,94.625
1.3747455570167017E-5,7637,14.625,94.625
1.22785724524071E-5,7638,14.375,94.625
8.911863588700813E-6,7639,14.125,94.625
1.0084401368092745E-5,7640,13.875,94.625
1.06474289297679E-5,7641,13.625,94.625
7.356854825593633E-6,7642,13.375,94.625
,7643,13.125,94.625
1.2895986441553327E-5,7644,12.875,94.625
7.984049924815548E-6,7645,12.625,94.625
6.071798356005475E-6,7646,12.375,94.625
1.3987615534676808E-6,7647,12.125,94.625
4.249347612495572E-6,7648,11.875,94.625
5.310738072233078E-6,7649,11.625,94.625
4.141594251032135E-6,7650,11.375,94.625
6.546054901894584E-6,7651,11.125,94.625
2.4221692601417876E-6,7652,10.875,94.625
-2.2044721540170556E-7,7653,10.625,94.625
,7654,10.375,94.625
,7655,10.125,94.625
,7656,9.875,94.625
,7657,9.625,94.625
5.043367876028096E-6,7658,9.375,94.625
3.30014081345312E-6,7659,9.125,94.625
4.680633141608225E-6,7660,8.875,94.625
-2.9807491659890114E-6,7661,8.625,94.625
,7662,8.375,94.625
,7663,8.125,94.625
,7664,7.875,94.625
,7665,7.625,94.625
5.5050434084146105E-6,7666,7.375,94.625
,7667,7.125,94.625
9.377752290857183E-6,7668,6.875,94.625
7.412843209902032E-6,7669,6.625,94.625
1.015256083749963E-5,7670,6.375,94.625
1.8213837423210078E-5,7671,6.125,94.625
,7672,5.875,94.625
3.2112632425484927E-6,7673,5.625,94.625
,7674,5.375,94.625
1.1471174676111104E-5,7675,5.125,94.625
1.1623553213269396E-5,7676,4.875,94.625
1.1678195748126346E-5,7677,4.625,94.625
1.3108171097407567E-5,7678,4.375,94.625
7.678493487156687E-6,7679,4.125,94.625
1.0451753016486743E-5,7680,3.875,94.625
,7681,3.625,94.625
1.1113887923575444E-5,7682,3.375,94.625
8.699473547821238E-6,7683,3.125,94.625
8.750341087478985E-6,7684,2.875,94.625
1.3494864807225964E-6,7685,2.625,94.625
4.9814042378489365E-6,7686,2.375,94.625
5.672515932129781E-6,7687,2.125,94.625
4.69186912460464E-6,7688,1.875,94.625
5.254093151027344E-6,7689,1.625,94.625
2.0664241682025055E-6,7690,1.375,94.625
4.615278896816328E-6,7691,1.125,94.625
4.355314548185337E-6,7692,0.875,94.625
5.48820256377986E-6,7693,0.625,94.625
6.308813706058579E-6,7694,0.375,94.625
4.473435426854459E-6,7695,0.125,94.625
,7696,-0.125,94.625
8.967642060407115E-6,7697,-0.375,94.625
5.644637610426544E-6,7698,-0.625,94.625
3.131081524584063E-6,7699,-0.875,94.625
,7700,-1.125,94.625
,7701,-1.375,94.625
,7702,-1.625,94.625
,7703,-1.875,94.625
1.7710111798209838E-6,7704,-2.125,94.625
6.719809575369053E-6,7705,-2.375,94.625
1.5046502466578252E-6,7706,-2.625,94.625
,7707,-2.875,94.625
,7708,-3.125,94.625
,7709,-3.375,94.625
7.708782359193778E-6,7710,-3.625,94.625
2.9184163999050316E-6,7711,-3.875,94.625
4.196540834769626E-6,7712,-4.125,94.625
-1.6913038585541891E-6,7713,-4.375,94.625
1.4909504944743032E-5,7714,-4.625,94.625
,7715,-4.875,94.625
,7716,-5.125,94.625
,7717,-5.375,94.625
,7718,-5.625,94.625
,7719,-5.875,94.625
,7720,-6.125,94.625
,7721,-6.375,94.625
,7722,-6.625,94.625
,7723,-6.875,94.625
,7724,-7.125,94.625
,7725,-7.375,94.625
,7726,-7.625,94.625
,7727,-7.875,94.625
,7728,-8.125,94.625
,7729,-8.375,94.625
,7730,-8.625,94.625
,7731,-8.875,94.625
,7732,-9.125,94.625
,7733,-9.375,94.625
,7734,-9.625,94.625
,7735,-9.875,94.625
,7736,-10.125,94.625
,7737,-10.375,94.625
,7738,-10.625,94.625
,7739,-10.875,94.625
,7740,-11.125,94.625
,7741,-11.375,94.625
,7742,-11.625,94.625
1.080154654541854E-5,7743,-11.875,94.625
6.646609815081154E-6,7744,31.875,94.875
6.8130282764459505E-6,7745,31.625,94.875
6.1702111811112125E-6,7746,31.375,94.875
6.77997978318827E-6,7747,31.125,94.875
4.942525335694987E-6,7748,30.875,94.875
3.1395179774779655E-6,7749,30.625,94.875
3.8588149392010825E-6,7750,30.375,94.875
7.91917338735392E-6,7751,30.125,94.875
4.544382162411902E-6,7752,29.875,94.875
9.76261197345566E-6,7753,29.625,94.875
6.90968354687898E-6,7754,29.375,94.875
8.952512225007864E-6,7755,29.125,94.875
1.2364891550862866E-5,7756,28.875,94.875
1.3723396571888701E-5,7757,28.625,94.875
1.612356213468305E-5,7758,28.375,94.875
1.525654452860245E-5,7759,28.125,94.875
1.9401032398645032E-5,7760,27.875,94.875
1.9437156364769247E-5,7761,27.625,94.875
2.2673281751743753E-5,7762,27.375,94.875
2.1194769087288366E-5,7763,27.125,94.875
1.5236840746922322E-5,7764,26.875,94.875
2.2551577640428594E-5,7765,26.625,94.875
,7766,26.375,94.875
1.1320091778425061E-5,7767,26.125,94.875
1.4641543044740165E-5,7768,25.875,94.875
1.8649843910064236E-5,7769,25.625,94.875
2.1465146540570384E-5,7770,25.375,94.875
2.4163843252919716E-5,7771,25.125,94.875
2.4419898465712922E-5,7772,24.875,94.875
5.215407714108229E-5,7773,24.625,94.875
4.39665495497874E-5,7774,24.375,94.875
3.274788452727404E-5,7775,24.125,94.875
2.9889053002784024E-5,7776,23.875,94.875
3.589994439991285E-5,7777,23.625,94.875
4.693842055132721E-5,7778,23.375,94.875
5.163369434113599E-5,7779,23.125,94.875
,7780,22.875,94.875
,7781,22.625,94.875
3.050323180509925E-5,7782,22.375,94.875
,7783,22.125,94.875
,7784,21.875,94.875
,7785,21.625,94.875
,7786,21.375,94.875
,7787,21.125,94.875
,7788,20.875,94.875
,7789,20.625,94.875
,7790,20.375,94.875
,7791,20.125,94.875
,7792,19.875,94.875
,7793,19.625,94.875
,7794,19.375,94.875
,7795,19.125,94.875
,7796,18.875,94.875
,7797,18.625,94.875
,7798,18.375,94.875
,7799,18.125,94.875
,7800,17.875,94.875
,7801,17.625,94.875
,7802,17.375,94.875
,7803,17.125,94.875
,7804,16.875,94.875
,7805,16.625,94.875
,7806,16.375,94.875
,7807,16.125,94.875
,7808,15.875,94.875
,7809,15.625,94.875
,7810,15.375,94.875
,7811,15.125,94.875
1.1796393181804365E-5,7812,14.875,94.875
1.2653150751150145E-5,7813,14.625,94.875
1.073888292952959E-5,7814,14.375,94.875
1.0426847713080138E-5,7815,14.125,94.875
1.0515140269480166E-5,7816,13.875,94.875
1.1227779842284513E-5,7817,13.625,94.875
1.9772115823825902E-5,7818,13.375,94.875
,7819,13.125,94.875
8.280190711512004E-6,7820,12.875,94.875
9.11311942203331E-6,7821,12.625,94.875
7.517382044011998E-6,7822,12.375,94.875
8.029748482373012E-6,7823,12.125,94.875
5.418326265237488E-6,7824,11.875,94.875
5.776161427865601E-6,7825,11.625,94.875
2.3600767524051227E-6,7826,11.375,94.875
5.08143609542739E-6,7827,11.125,94.875
-2.1037958632071406E-6,7828,10.875,94.875
-7.211200568152769E-7,7829,10.625,94.875
,7830,10.375,94.875
,7831,10.125,94.875
,7832,9.875,94.875
1.1773836966550166E-6,7833,9.625,94.875
3.854049248202017E-6,7834,9.375,94.875
2.4695812804067845E-6,7835,9.125,94.875
3.970593091221618E-6,7836,8.875,94.875
1.0329343339861372E-6,7837,8.625,94.875
1.0645411076664195E-7,7838,8.375,94.875
,7839,8.125,94.875
,7840,7.875,94.875
,7841,7.625,94.875
3.0383918720072E-8,7842,7.375,94.875
5.831775147156971E-6,7843,7.125,94.875
8.179869009219232E-6,7844,6.875,94.875
6.456170552240727E-6,7845,6.625,94.875
1.2614588753131198E-5,7846,6.375,94.875
1.504807124198685E-5,7847,6.125,94.875
,7848,5.875,94.875
,7849,5.625,94.875
1.4455821986445479E-5,7850,5.375,94.875
1.0089423477818062E-5,7851,5.125,94.875
1.362295974850867E-5,7852,4.875,94.875
7.1860000914847755E-6,7853,4.625,94.875
8.710755668184905E-6,7854,4.375,94.875
8.565173050662769E-6,7855,4.125,94.875
9.547291717837707E-6,7856,3.875,94.875
,7857,3.625,94.875
6.629125841328535E-6,7858,3.375,94.875
7.714971058456026E-6,7859,3.125,94.875
6.977721373542058E-6,7860,2.875,94.875
,7861,2.625,94.875
9.783637369258762E-6,7862,2.375,94.875
6.46813789103253E-6,7863,2.125,94.875
6.387573279203177E-6,7864,1.875,94.875
3.821335447908647E-6,7865,1.625,94.875
2.598711584295499E-6,7866,1.375,94.875
4.2237134735226845E-6,7867,1.125,94.875
2.2789299126128194E-6,7868,0.875,94.875
4.44132943554435E-6,7869,0.625,94.875
3.0708068799270534E-6,7870,0.375,94.875
6.237328355664264E-6,7871,0.125,94.875
2.096134901119236E-6,7872,-0.125,94.875
6.719977530236419E-6,7873,-0.375,94.875
7.8932648880404E-6,7874,-0.625,94.875
4.792757193214857E-6,7875,-0.875,94.875
4.746762362455834E-6,7876,-1.125,94.875
4.251780887016167E-6,7877,-1.375,94.875
,7878,-1.625,94.875
,7879,-1.875,94.875
,7880,-2.125,94.875
,7881,-2.375,94.875
4.018731493586967E-6,7882,-2.625,94.875
4.850984068281635E-6,7883,-2.875,94.875
,7884,-3.125,94.875
,7885,-3.375,94.875
,7886,-3.625,94.875
3.1305229633500973E-6,7887,-3.875,94.875
9.958454859299213E-6,7888,-4.125,94.875
4.2263204077862495E-6,7889,-4.375,94.875
9.670149135639335E-6,7890,-4.625,94.875
,7891,-4.875,94.875
,7892,-5.125,94.875
,7893,-5.375,94.875
,7894,-5.625,94.875
,7895,-5.875,94.875
,7896,-6.125,94.875
,7897,-6.375,94.875
,7898,-6.625,94.875
,7899,-6.875,94.875
,7900,-7.125,94.875
,7901,-7.375,94.875
,7902,-7.625,94.875
,7903,-7.875,94.875
,7904,-8.125,94.875
,7905,-8.375,94.875
,7906,-8.625,94.875
,7907,-8.875,94.875
,7908,-9.125,94.875
,7909,-9.375,94.875
,7910,-9.625,94.875
,7911,-9.875,94.875
,7912,-10.125,94.875
,7913,-10.375,94.875
,7914,-10.625,94.875
,7915,-10.875,94.875
,7916,-11.125,94.875
8.66169565622225E-7,7917,-11.375,94.875
,7918,-11.625,94.875
1.0490072479593158E-5,7919,-11.875,94.875
6.344934524528578E-6,7920,31.875,95.125
5.821719206845113E-6,7921,31.625,95.125
5.687101321628004E-6,7922,31.375,95.125
6.820769819818032E-6,7923,31.125,95.125
6.690585950480555E-6,7924,30.875,95.125
6.795695805297867E-6,7925,30.625,95.125
6.818919285240288E-6,7926,30.375,95.125
9.891669798057171E-6,7927,30.125,95.125
5.580552920631626E-6,7928,29.875,95.125
7.307832032063431E-6,7929,29.625,95.125
,7930,29.375,95.125
8.183669095529625E-6,7931,29.125,95.125
1.3167679584948768E-5,7932,28.875,95.125
1.7367716529968817E-5,7933,28.625,95.125
1.607943978533268E-5,7934,28.375,95.125
1.1660991062966807E-5,7935,28.125,95.125
1.95726543431192E-5,7936,27.875,95.125
2.0555837219374976E-5,7937,27.625,95.125
1.951257048825298E-5,7938,27.375,95.125
2.2576858519093492E-5,7939,27.125,95.125
1.8590459647567204E-5,7940,26.875,95.125
2.585730202982417E-5,7941,26.625,95.125
1.0293956075197074E-5,7942,26.375,95.125
1.19791371856351E-5,7943,26.125,95.125
1.5309722004885104E-5,7944,25.875,95.125
1.5682473638543794E-5,7945,25.625,95.125
2.1597583091062E-5,7946,25.375,95.125
2.1523389268711053E-5,7947,25.125,95.125
2.531685583094752E-5,7948,24.875,95.125
5.1903969338670943E-5,7949,24.625,95.125
4.6794013526793156E-5,7950,24.375,95.125
4.0115368554161315E-5,7951,24.125,95.125
3.750449871727954E-5,7952,23.875,95.125
3.3592797465914714E-5,7953,23.625,95.125
4.240077807093126E-5,7954,23.375,95.125
4.202162495707411E-5,7955,23.125,95.125
,7956,22.875,95.125
,7957,22.625,95.125
,7958,22.375,95.125
,7959,22.125,95.125
,7960,21.875,95.125
,7961,21.625,95.125
,7962,21.375,95.125
,7963,21.125,95.125
,7964,20.875,95.125
,7965,20.625,95.125
,7966,20.375,95.125
,7967,20.125,95.125
,7968,19.875,95.125
,7969,19.625,95.125
,7970,19.375,95.125
,7971,19.125,95.125
,7972,18.875,95.125
,7973,18.625,95.125
,7974,18.375,95.125
,7975,18.125,95.125
,7976,17.875,95.125
,7977,17.625,95.125
,7978,17.375,95.125
,7979,17.125,95.125
,7980,16.875,95.125
,7981,16.625,95.125
,7982,16.375,95.125
,7983,16.125,95.125
,7984,15.875,95.125
2.8952938129925333E-5,7985,15.625,95.125
,7986,15.375,95.125
,7987,15.125,95.125
9.914681385100477E-6,7988,14.875,95.125
1.0350712910758543E-5,7989,14.625,95.125
1.084866908481497E-5,7990,14.375,95.125
8.622496499300974E-6,7991,14.125,95.125
1.2765252964014059E-5,7992,13.875,95.125
9.688848041830415E-6,7993,13.625,95.125
1.1741293581345161E-5,7994,13.375,95.125
,7995,13.125,95.125
1.2754966551497783E-5,7996,12.875,95.125
9.88400701508584E-6,7997,12.625,95.125
1.1236594789956153E-5,7998,12.375,95.125
6.147768529503685E-6,7999,12.125,95.125
5.634914729224785E-6,8000,11.875,95.125
6.034864750979926E-6,8001,11.625,95.125
,8002,11.375,95.125
,8003,11.125,95.125
-6.8320454941102405E-6,8004,10.875,95.125
4.3142482015112335E-6,8005,10.625,95.125
,8006,10.375,95.125
,8007,10.125,95.125
3.6666748675810082E-6,8008,9.875,95.125
-3.158856466898551E-6,8009,9.625,95.125
-3.1494464814039905E-6,8010,9.375,95.125
3.997045889450064E-6,8011,9.125,95.125
2.7832695505833846E-6,8012,8.875,95.125
2.4243420580102738E-6,8013,8.625,95.125
5.1516407718775004E-6,8014,8.375,95.125
3.4462851777292893E-6,8015,8.125,95.125
,8016,7.875,95.125
,8017,7.625,95.125
4.074348845925939E-6,8018,7.375,95.125
9.60108661532294E-6,8019,7.125,95.125
6.439554154835716E-6,8020,6.875,95.125
3.980285095959396E-6,8021,6.625,95.125
2.439034147179986E-5,8022,6.375,95.125
2.0475008601146887E-5,8023,6.125,95.125
,8024,5.875,95.125
1.3951306174231016E-5,8025,5.625,95.125
1.1876065037060035E-5,8026,5.375,95.125
7.619925554280511E-6,8027,5.125,95.125
,8028,4.875,95.125
,8029,4.625,95.125
1.1113589647390268E-5,8030,4.375,95.125
7.982238719859024E-6,8031,4.125,95.125
1.2377637434131422E-5,8032,3.875,95.125
,8033,3.625,95.125
,8034,3.375,95.125
,8035,3.125,95.125
1.2156931013284718E-5,8036,2.875,95.125
1.0111750788946877E-5,8037,2.625,95.125
4.732717589896103E-6,8038,2.375,95.125
5.3792532766330705E-6,8039,2.125,95.125
6.880458432946356E-6,8040,1.875,95.125
6.287968220114976E-6,8041,1.625,95.125
7.718437912071925E-6,8042,1.375,95.125
9.531039689152962E-6,8043,1.125,95.125
-2.5374257132250664E-6,8044,0.875,95.125
4.088929784114192E-6,8045,0.625,95.125
4.465761000697336E-6,8046,0.375,95.125
4.510937784224518E-6,8047,0.125,95.125
4.923712222430775E-6,8048,-0.125,95.125
4.536650586834724E-6,8049,-0.375,95.125
4.907600090004641E-6,8050,-0.625,95.125
3.636826093544019E-6,8051,-0.875,95.125
1.2886526776347587E-6,8052,-1.125,95.125
4.806921675084969E-6,8053,-1.375,95.125
6.390846463247319E-6,8054,-1.625,95.125
,8055,-1.875,95.125
,8056,-2.125,95.125
,8057,-2.375,95.125
8.104357094666586E-6,8058,-2.625,95.125
6.242668390910479E-6,8059,-2.875,95.125
,8060,-3.125,95.125
,8061,-3.375,95.125
,8062,-3.625,95.125
,8063,-3.875,95.125
,8064,-4.125,95.125
,8065,-4.375,95.125
,8066,-4.625,95.125
,8067,-4.875,95.125
,8068,-5.125,95.125
,8069,-5.375,95.125
,8070,-5.625,95.125
,8071,-5.875,95.125
,8072,-6.125,95.125
,8073,-6.375,95.125
,8074,-6.625,95.125
,8075,-6.875,95.125
,8076,-7.125,95.125
,8077,-7.375,95.125
,8078,-7.625,95.125
,8079,-7.875,95.125
,8080,-8.125,95.125
,8081,-8.375,95.125
,8082,-8.625,95.125
,8083,-8.875,95.125
,8084,-9.125,95.125
,8085,-9.375,95.125
,8086,-9.625,95.125
,8087,-9.875,95.125
,8088,-10.125,95.125
,8089,-10.375,95.125
,8090,-10.625,95.125
,8091,-10.875,95.125
,8092,-11.125,95.125
,8093,-11.375,95.125
1.3970943593259936E-5,8094,-11.625,95.125
,8095,-11.875,95.125
6.025428459830321E-6,8096,31.875,95.375
6.5851105493263075E-6,8097,31.625,95.375
6.272659975085529E-6,8098,31.375,95.375
6.353763711753382E-6,8099,31.125,95.375
1.2273013604534604E-5,8100,30.875,95.375
6.45789567973375E-6,8101,30.625,95.375
1.2580907923073203E-5,8102,30.375,95.375
6.935813479239739E-6,8103,30.125,95.375
6.7055157316004566E-6,8104,29.875,95.375
4.4856187406070114E-6,8105,29.625,95.375
7.943408460519485E-6,8106,29.375,95.375
2.025360141161385E-6,8107,29.125,95.375
,8108,28.875,95.375
,8109,28.625,95.375
9.723370870255249E-6,8110,28.375,95.375
1.6261533742088293E-5,8111,28.125,95.375
1.8142875313900504E-5,8112,27.875,95.375
2.0720490980382505E-5,8113,27.625,95.375
3.769393054633447E-5,8114,27.375,95.375
2.5059849463373034E-5,8115,27.125,95.375
-9.670914724283219E-6,8116,26.875,95.375
8.417159951414702E-6,8117,26.625,95.375
1.0250819301730875E-5,8118,26.375,95.375
1.4178793121617853E-5,8119,26.125,95.375
1.265025455901694E-5,8120,25.875,95.375
1.9717903116444568E-5,8121,25.625,95.375
,8122,25.375,95.375
2.046064308483714E-5,8123,25.125,95.375
3.131433328702403E-5,8124,24.875,95.375
5.568002381396989E-5,8125,24.625,95.375
6.173978011133702E-5,8126,24.375,95.375
4.9943664824731446E-5,8127,24.125,95.375
4.8916443526472646E-5,8128,23.875,95.375
4.913132051959688E-5,8129,23.625,95.375
,8130,23.375,95.375
,8131,23.125,95.375
,8132,22.875,95.375
,8133,22.625,95.375
,8134,22.375,95.375
,8135,22.125,95.375
,8136,21.875,95.375
,8137,21.625,95.375
,8138,21.375,95.375
,8139,21.125,95.375
,8140,20.875,95.375
,8141,20.625,95.375
,8142,20.375,95.375
,8143,20.125,95.375
,8144,19.875,95.375
,8145,19.625,95.375
,8146,19.375,95.375
,8147,19.125,95.375
,8148,18.875,95.375
,8149,18.625,95.375
,8150,18.375,95.375
,8151,18.125,95.375
,8152,17.875,95.375
,8153,17.625,95.375
,8154,17.375,95.375
,8155,17.125,95.375
,8156,16.875,95.375
,8157,16.625,95.375
,8158,16.375,95.375
,8159,16.125,95.375
,8160,15.875,95.375
,8161,15.625,95.375
,8162,15.375,95.375
,8163,15.125,95.375
1.3893620849417658E-5,8164,14.875,95.375
1.154537315286285E-5,8165,14.625,95.375
1.1061396933379292E-5,8166,14.375,95.375
9.915452590581328E-6,8167,14.125,95.375
1.047546945637368E-5,8168,13.875,95.375
1.1722198630160346E-5,8169,13.625,95.375
1.0712158771474885E-5,8170,13.375,95.375
1.499179404003672E-5,8171,13.125,95.375
1.1970557306009786E-5,8172,12.875,95.375
5.602147273351122E-6,8173,12.625,95.375
7.999263809242471E-6,8174,12.375,95.375
8.360663353546597E-6,8175,12.125,95.375
8.854768407224335E-6,8176,11.875,95.375
6.412181996397124E-6,8177,11.625,95.375
,8178,11.375,95.375
,8179,11.125,95.375
,8180,10.875,95.375
,8181,10.625,95.375
,8182,10.375,95.375
2.9737476830091423E-6,8183,10.125,95.375
3.392487522697918E-6,8184,9.875,95.375
2.421713824152262E-6,8185,9.625,95.375
,8186,9.375,95.375
2.7838439662238754E-6,8187,9.125,95.375
2.952269797316008E-6,8188,8.875,95.375
3.132053917454174E-6,8189,8.625,95.375
4.232534528796455E-6,8190,8.375,95.375
4.8502518556439885E-6,8191,8.125,95.375
4.176511090916472E-6,8192,7.875,95.375
3.2808003875811347E-6,8193,7.625,95.375
,8194,7.375,95.375
,8195,7.125,95.375
1.0258025991470424E-5,8196,6.875,95.375
5.18061994974769E-6,8197,6.625,95.375
1.4568946598330636E-5,8198,6.375,95.375
,8199,6.125,95.375
2.2541752195265147E-5,8200,5.875,95.375
1.0970889930459384E-5,8201,5.625,95.375
1.2320050919147737E-5,8202,5.375,95.375
,8203,5.125,95.375
,8204,4.875,95.375
,8205,4.625,95.375
1.0153943206118312E-5,8206,4.375,95.375
1.0445915957832314E-5,8207,4.125,95.375
1.1280479601951497E-5,8208,3.875,95.375
,8209,3.625,95.375
,8210,3.375,95.375
,8211,3.125,95.375
1.5203396313858616E-5,8212,2.875,95.375
1.5203396472176372E-5,8213,2.625,95.375
8.366723532579384E-7,8214,2.375,95.375
4.2491205691653655E-6,8215,2.125,95.375
7.066061905561089E-6,8216,1.875,95.375
6.538335283875992E-6,8217,1.625,95.375
7.362359653994823E-6,8218,1.375,95.375
,8219,1.125,95.375
3.7844592179260735E-6,8220,0.875,95.375
3.501320476648958E-6,8221,0.625,95.375
4.488481584930842E-6,8222,0.375,95.375
7.468599079920903E-6,8223,0.125,95.375
1.026131297628E-6,8224,-0.125,95.375
6.131203866819645E-6,8225,-0.375,95.375
2.427471055626783E-6,8226,-0.625,95.375
2.3737850143797923E-6,8227,-0.875,95.375
6.912951827293782E-7,8228,-1.125,95.375
4.819268563631686E-6,8229,-1.375,95.375
9.33260427131173E-6,8230,-1.625,95.375
,8231,-1.875,95.375
,8232,-2.125,95.375
,8233,-2.375,95.375
,8234,-2.625,95.375
,8235,-2.875,95.375
,8236,-3.125,95.375
,8237,-3.375,95.375
,8238,-3.625,95.375
,8239,-3.875,95.375
,8240,-4.125,95.375
,8241,-4.375,95.375
,8242,-4.625,95.375
,8243,-4.875,95.375
,8244,-5.125,95.375
,8245,-5.375,95.375
,8246,-5.625,95.375
,8247,-5.875,95.375
,8248,-6.125,95.375
,8249,-6.375,95.375
,8250,-6.625,95.375
,8251,-6.875,95.375
,8252,-7.125,95.375
,8253,-7.375,95.375
,8254,-7.625,95.375
,8255,-7.875,95.375
,8256,-8.125,95.375
,8257,-8.375,95.375
,8258,-8.625,95.375
,8259,-8.875,95.375
,8260,-9.125,95.375
,8261,-9.375,95.375
,8262,-9.625,95.375
,8263,-9.875,95.375
,8264,-10.125,95.375
,8265,-10.375,95.375
,8266,-10.625,95.375
,8267,-10.875,95.375
,8268,-11.125,95.375
,8269,-11.375,95.375
9.44910257288336E-6,8270,-11.625,95.375
,8271,-11.875,95.375
5.9731923355947676E-6,8272,31.875,95.625
4.491924977651059E-6,8273,31.625,95.625
5.778645577424922E-6,8274,31.375,95.625
5.462317823979593E-6,8275,31.125,95.625
7.824591201689505E-6,8276,30.875,95.625
7.504736889210664E-6,8277,30.625,95.625
8.22737909474863E-6,8278,30.375,95.625
,8279,30.125,95.625
7.560984787273679E-6,8280,29.875,95.625
7.246477003565541E-6,8281,29.625,95.625
9.245297124828407E-6,8282,29.375,95.625
1.385244789103917E-6,8283,29.125,95.625
1.0683326071213981E-5,8284,28.875,95.625
-1.704649826344857E-6,8285,28.625,95.625
1.560349369816295E-5,8286,28.375,95.625
1.6421605671530085E-5,8287,28.125,95.625
1.765364857903915E-5,8288,27.875,95.625
1.621744662294496E-5,8289,27.625,95.625
2.1924266139850594E-5,8290,27.375,95.625
1.1984072802553614E-5,8291,27.125,95.625
6.700151162956476E-6,8292,26.875,95.625
1.3772604741911017E-5,8293,26.625,95.625
1.2048764329438042E-5,8294,26.375,95.625
9.08517995850934E-6,8295,26.125,95.625
1.0564531177554394E-5,8296,25.875,95.625
6.250384859511345E-6,8297,25.625,95.625
6.204663868681634E-6,8298,25.375,95.625
1.7756569937425387E-5,8299,25.125,95.625
2.8472128032403887E-5,8300,24.875,95.625
6.062088618516453E-5,8301,24.625,95.625
5.669091661703835E-5,8302,24.375,95.625
5.721167692325402E-5,8303,24.125,95.625
4.301023214736948E-5,8304,23.875,95.625
3.696682759993386E-5,8305,23.625,95.625
,8306,23.375,95.625
,8307,23.125,95.625
,8308,22.875,95.625
,8309,22.625,95.625
,8310,22.375,95.625
,8311,22.125,95.625
,8312,21.875,95.625
,8313,21.625,95.625
,8314,21.375,95.625
,8315,21.125,95.625
,8316,20.875,95.625
,8317,20.625,95.625
,8318,20.375,95.625
,8319,20.125,95.625
,8320,19.875,95.625
,8321,19.625,95.625
,8322,19.375,95.625
,8323,19.125,95.625
,8324,18.875,95.625
,8325,18.625,95.625
,8326,18.375,95.625
,8327,18.125,95.625
,8328,17.875,95.625
,8329,17.625,95.625
,8330,17.375,95.625
,8331,17.125,95.625
,8332,16.875,95.625
,8333,16.625,95.625
,8334,16.375,95.625
,8335,16.125,95.625
,8336,15.875,95.625
,8337,15.625,95.625
,8338,15.375,95.625
,8339,15.125,95.625
1.3348303932790582E-5,8340,14.875,95.625
1.3257441277327288E-5,8341,14.625,95.625
1.051955518073146E-5,8342,14.375,95.625
9.696488901161243E-6,8343,14.125,95.625
1.0855881690033614E-5,8344,13.875,95.625
9.88274236306826E-6,8345,13.625,95.625
1.0290978839009094E-5,8346,13.375,95.625
1.0602531365719698E-5,8347,13.125,95.625
1.1114777140097213E-5,8348,12.875,95.625
6.960686989762899E-6,8349,12.625,95.625
1.183317626205997E-5,8350,12.375,95.625
,8351,12.125,95.625
,8352,11.875,95.625
,8353,11.625,95.625
,8354,11.375,95.625
,8355,11.125,95.625
,8356,10.875,95.625
,8357,10.625,95.625
,8358,10.375,95.625
2.6619006154316307E-6,8359,10.125,95.625
4.831627289882329E-6,8360,9.875,95.625
2.066726931418479E-6,8361,9.625,95.625
2.3462704999217448E-6,8362,9.375,95.625
3.996207853951104E-6,8363,9.125,95.625
1.5689079379109552E-6,8364,8.875,95.625
4.564088193552464E-6,8365,8.625,95.625
4.466362515720385E-6,8366,8.375,95.625
6.415517204634112E-6,8367,8.125,95.625
4.860566091749409E-6,8368,7.875,95.625
6.537457801295029E-6,8369,7.625,95.625
6.9030211698294035E-6,8370,7.375,95.625
3.901829556316789E-6,8371,7.125,95.625
,8372,6.875,95.625
2.811768506752392E-6,8373,6.625,95.625
1.341726069252048E-5,8374,6.375,95.625
2.126116834633122E-5,8375,6.125,95.625
1.3099634408723149E-5,8376,5.875,95.625
1.1673332937185244E-5,8377,5.625,95.625
6.391279618573984E-6,8378,5.375,95.625
,8379,5.125,95.625
,8380,4.875,95.625
,8381,4.625,95.625
,8382,4.375,95.625
8.641083819733507E-6,8383,4.125,95.625
,8384,3.875,95.625
8.67908475203709E-6,8385,3.625,95.625
,8386,3.375,95.625
,8387,3.125,95.625
,8388,2.875,95.625
,8389,2.625,95.625
5.887447470494342E-6,8390,2.375,95.625
3.1321139135724672E-6,8391,2.125,95.625
9.023699610556053E-6,8392,1.875,95.625
4.429187424036331E-6,8393,1.625,95.625
4.041771763783141E-6,8394,1.375,95.625
2.965144520484305E-6,8395,1.125,95.625
2.9640399810785115E-6,8396,0.875,95.625
4.923102414679879E-6,8397,0.625,95.625
5.744953611186592E-6,8398,0.375,95.625
3.0719386147808363E-6,8399,0.125,95.625
4.816862074787992E-6,8400,-0.125,95.625
4.709475621836718E-6,8401,-0.375,95.625
4.229953729499796E-6,8402,-0.625,95.625
3.735668333933472E-6,8403,-0.875,95.625
4.492600420502978E-6,8404,-1.125,95.625
4.551335875573399E-6,8405,-1.375,95.625
2.248781637488622E-6,8406,-1.625,95.625
5.112072022056099E-6,8407,-1.875,95.625
-7.37111772898028E-6,8408,-2.125,95.625
,8409,-2.375,95.625
,8410,-2.625,95.625
,8411,-2.875,95.625
,8412,-3.125,95.625
,8413,-3.375,95.625
,8414,-3.625,95.625
,8415,-3.875,95.625
,8416,-4.125,95.625
,8417,-4.375,95.625
,8418,-4.625,95.625
,8419,-4.875,95.625
,8420,-5.125,95.625
,8421,-5.375,95.625
,8422,-5.625,95.625
,8423,-5.875,95.625
,8424,-6.125,95.625
,8425,-6.375,95.625
,8426,-6.625,95.625
,8427,-6.875,95.625
,8428,-7.125,95.625
,8429,-7.375,95.625
,8430,-7.625,95.625
,8431,-7.875,95.625
,8432,-8.125,95.625
,8433,-8.375,95.625
,8434,-8.625,95.625
,8435,-8.875,95.625
,8436,-9.125,95.625
,8437,-9.375,95.625
,8438,-9.625,95.625
,8439,-9.875,95.625
,8440,-10.125,95.625
,8441,-10.375,95.625
,8442,-10.625,95.625
,8443,-10.875,95.625
1.2600530841728449E-5,8444,-11.125,95.625
1.2901867120683485E-5,8445,-11.375,95.625
,8446,-11.625,95.625
,8447,-11.875,95.625
3.1723289979737683E-6,8448,31.875,95.875
1.8632292168839046E-6,8449,31.625,95.875
,8450,31.375,95.875
,8451,31.125,95.875
1.2276434138669581E-5,8452,30.875,95.875
9.881140665458393E-6,8453,30.625,95.875
7.3988347839119E-6,8454,30.375,95.875
6.070543265429862E-6,8455,30.125,95.875
6.6837094682989875E-6,8456,29.875,95.875
4.401620371933721E-6,8457,29.625,95.875
5.62091554118029E-6,8458,29.375,95.875
3.0364599366403425E-6,8459,29.125,95.875
5.73189335938035E-6,8460,28.875,95.875
1.4706714454555396E-5,8461,28.625,95.875
9.893216771361637E-6,8462,28.375,95.875
1.3456330301938503E-5,8463,28.125,95.875
1.7169705583707815E-5,8464,27.875,95.875
1.500519739121045E-5,8465,27.625,95.875
1.214581029021823E-5,8466,27.375,95.875
1.3577804095348805E-5,8467,27.125,95.875
,8468,26.875,95.875
,8469,26.625,95.875
,8470,26.375,95.875
1.2404326040331E-7,8471,26.125,95.875
1.9802949785975974E-5,8472,25.875,95.875
2.071609664956325E-5,8473,25.625,95.875
2.6213905395765987E-5,8474,25.375,95.875
2.3441349268654842E-5,8475,25.125,95.875
3.322123101571285E-5,8476,24.875,95.875
4.334075846063819E-5,8477,24.625,95.875
4.055153087660548E-5,8478,24.375,95.875
,8479,24.125,95.875
,8480,23.875,95.875
,8481,23.625,95.875
,8482,23.375,95.875
,8483,23.125,95.875
,8484,22.875,95.875
,8485,22.625,95.875
,8486,22.375,95.875
,8487,22.125,95.875
,8488,21.875,95.875
,8489,21.625,95.875
,8490,21.375,95.875
,8491,21.125,95.875
,8492,20.875,95.875
,8493,20.625,95.875
,8494,20.375,95.875
,8495,20.125,95.875
,8496,19.875,95.875
,8497,19.625,95.875
,8498,19.375,95.875
,8499,19.125,95.875
,8500,18.875,95.875
,8501,18.625,95.875
,8502,18.375,95.875
,8503,18.125,95.875
,8504,17.875,95.875
,8505,17.625,95.875
,8506,17.375,95.875
,8507,17.125,95.875
,8508,16.875,95.875
,8509,16.625,95.875
,8510,16.375,95.875
,8511,16.125,95.875
,8512,15.875,95.875
,8513,15.625,95.875
,8514,15.375,95.875
,8515,15.125,95.875
2.6868534272761744E-5,8516,14.875,95.875
1.2079606438659283E-5,8517,14.625,95.875
1.099555860627355E-5,8518,14.375,95.875
9.586068025798567E-6,8519,14.125,95.875
1.0536370339292755E-5,8520,13.875,95.875
1.090689157507992E-5,8521,13.625,95.875
1.2194020230339951E-5,8522,13.375,95.875
7.1999757061657655E-6,8523,13.125,95.875
9.16321986699771E-6,8524,12.875,95.875
,8525,12.625,95.875
6.061304592320252E-6,8526,12.375,95.875
7.677441705863545E-6,8527,12.125,95.875
,8528,11.875,95.875
,8529,11.625,95.875
,8530,11.375,95.875
,8531,11.125,95.875
,8532,10.875,95.875
,8533,10.625,95.875
1.2724612306028753E-6,8534,10.375,95.875
4.578908337564255E-6,8535,10.125,95.875
3.429419860030597E-6,8536,9.875,95.875
1.7929333386214529E-6,8537,9.625,95.875
2.03562228038636E-6,8538,9.375,95.875
3.816541321072839E-6,8539,9.125,95.875
4.555052028986923E-6,8540,8.875,95.875
9.060941809659537E-6,8541,8.625,95.875
5.864508146151106E-6,8542,8.375,95.875
6.021775025517422E-6,8543,8.125,95.875
5.52674028855826E-6,8544,7.875,95.875
6.761983812530587E-6,8545,7.625,95.875
7.787867000508157E-6,8546,7.375,95.875
5.785132845963604E-6,8547,7.125,95.875
1.1345182362070291E-5,8548,6.875,95.875
6.000136194600958E-6,8549,6.625,95.875
1.3807098039017876E-5,8550,6.375,95.875
1.2473537304410458E-5,8551,6.125,95.875
2.2325694717451308E-5,8552,5.875,95.875
3.240163155310541E-7,8553,5.625,95.875
1.6566288184970337E-5,8554,5.375,95.875
,8555,5.125,95.875
,8556,4.875,95.875
,8557,4.625,95.875
,8558,4.375,95.875
,8559,4.125,95.875
,8560,3.875,95.875
,8561,3.625,95.875
,8562,3.375,95.875
,8563,3.125,95.875
,8564,2.875,95.875
,8565,2.625,95.875
7.716732339639137E-6,8566,2.375,95.875
7.22298077647993E-6,8567,2.125,95.875
2.550817502423855E-6,8568,1.875,95.875
4.416149168329961E-6,8569,1.625,95.875
6.6800473932049556E-6,8570,1.375,95.875
7.126425608237566E-7,8571,1.125,95.875
3.774065480559379E-6,8572,0.875,95.875
8.325729236167057E-7,8573,0.625,95.875
3.118350309688707E-6,8574,0.375,95.875
4.6280481420604815E-6,8575,0.125,95.875
7.20405094651878E-6,8576,-0.125,95.875
7.988050427555644E-6,8577,-0.375,95.875
6.835507006394737E-6,8578,-0.625,95.875
3.083591670023459E-6,8579,-0.875,95.875
3.326506111095783E-6,8580,-1.125,95.875
5.725501290689386E-6,8581,-1.375,95.875
7.853592925077784E-6,8582,-1.625,95.875
4.793838065048204E-6,8583,-1.875,95.875
9.976963416023984E-6,8584,-2.125,95.875
,8585,-2.375,95.875
,8586,-2.625,95.875
,8587,-2.875,95.875
,8588,-3.125,95.875
,8589,-3.375,95.875
,8590,-3.625,95.875
,8591,-3.875,95.875
,8592,-4.125,95.875
,8593,-4.375,95.875
,8594,-4.625,95.875
,8595,-4.875,95.875
,8596,-5.125,95.875
,8597,-5.375,95.875
,8598,-5.625,95.875
,8599,-5.875,95.875
,8600,-6.125,95.875
,8601,-6.375,95.875
,8602,-6.625,95.875
,8603,-6.875,95.875
,8604,-7.125,95.875
,8605,-7.375,95.875
,8606,-7.625,95.875
,8607,-7.875,95.875
,8608,-8.125,95.875
,8609,-8.375,95.875
,8610,-8.625,95.875
,8611,-8.875,95.875
,8612,-9.125,95.875
,8613,-9.375,95.875
,8614,-9.625,95.875
,8615,-9.875,95.875
,8616,-10.125,95.875
,8617,-10.375,95.875
,8618,-10.625,95.875
,8619,-10.875,95.875
,8620,-11.125,95.875
1.1338951166545167E-5,8621,-11.375,95.875
7.244246729093637E-6,8622,-11.625,95.875
,8623,-11.875,95.875
2.198637950468882E-6,8624,31.875,96.125
1.0514531553673463E-6,8625,31.625,96.125
,8626,31.375,96.125
2.991768730389401E-6,8627,31.125,96.125
1.3128329710058526E-5,8628,30.875,96.125
7.05740226501705E-6,8629,30.625,96.125
6.756243498800944E-6,8630,30.375,96.125
6.106344648225894E-6,8631,30.125,96.125
3.834762653627786E-6,8632,29.875,96.125
5.637784320208498E-6,8633,29.625,96.125
5.62685936290412E-6,8634,29.375,96.125
9.150400571271777E-6,8635,29.125,96.125
1.025440109060973E-5,8636,28.875,96.125
1.562164106817489E-5,8637,28.625,96.125
9.07985597436496E-6,8638,28.375,96.125
1.345173991764125E-5,8639,28.125,96.125
9.65757565743062E-6,8640,27.875,96.125
1.4693519339004552E-5,8641,27.625,96.125
4.622070128925498E-6,8642,27.375,96.125
,8643,27.125,96.125
,8644,26.875,96.125
,8645,26.625,96.125
,8646,26.375,96.125
9.260549834797414E-6,8647,26.125,96.125
1.9377575065460265E-5,8648,25.875,96.125
2.581485944080928E-5,8649,25.625,96.125
2.5296187134481237E-5,8650,25.375,96.125
2.242489824141827E-5,8651,25.125,96.125
2.500864209970895E-5,8652,24.875,96.125
,8653,24.625,96.125
,8654,24.375,96.125
,8655,24.125,96.125
,8656,23.875,96.125
,8657,23.625,96.125
,8658,23.375,96.125
,8659,23.125,96.125
,8660,22.875,96.125
,8661,22.625,96.125
,8662,22.375,96.125
,8663,22.125,96.125
,8664,21.875,96.125
,8665,21.625,96.125
,8666,21.375,96.125
,8667,21.125,96.125
,8668,20.875,96.125
,8669,20.625,96.125
,8670,20.375,96.125
,8671,20.125,96.125
,8672,19.875,96.125
,8673,19.625,96.125
,8674,19.375,96.125
,8675,19.125,96.125
,8676,18.875,96.125
,8677,18.625,96.125
,8678,18.375,96.125
,8679,18.125,96.125
,8680,17.875,96.125
,8681,17.625,96.125
,8682,17.375,96.125
,8683,17.125,96.125
,8684,16.875,96.125
,8685,16.625,96.125
,8686,16.375,96.125
,8687,16.125,96.125
,8688,15.875,96.125
,8689,15.625,96.125
,8690,15.375,96.125
,8691,15.125,96.125
1.417149672185042E-5,8692,14.875,96.125
1.4110278137087086E-5,8693,14.625,96.125
1.2100950761285523E-5,8694,14.375,96.125
1.294077343071582E-5,8695,14.125,96.125
1.0844161651797672E-5,8696,13.875,96.125
1.029435908532368E-5,8697,13.625,96.125
1.2849165859717225E-5,8698,13.375,96.125
7.677045516913343E-6,8699,13.125,96.125
1.1301380163060658E-5,8700,12.875,96.125
8.490717627098162E-6,8701,12.625,96.125
1.0315861370969788E-5,8702,12.375,96.125
1.0826034737318463E-5,8703,12.125,96.125
7.551958122966164E-6,8704,11.875,96.125
1.1993985281447108E-5,8705,11.625,96.125
,8706,11.375,96.125
,8707,11.125,96.125
,8708,10.875,96.125
,8709,10.625,96.125
,8710,10.375,96.125
,8711,10.125,96.125
3.483548518378833E-6,8712,9.875,96.125
,8713,9.625,96.125
2.5569357526080194E-6,8714,9.375,96.125
3.447212490024913E-6,8715,9.125,96.125
3.4835231751464254E-6,8716,8.875,96.125
,8717,8.625,96.125
4.159489585021389E-6,8718,8.375,96.125
7.605287000020264E-6,8719,8.125,96.125
6.5328549095473344E-6,8720,7.875,96.125
7.5490509134790585E-6,8721,7.625,96.125
8.369618830888331E-6,8722,7.375,96.125
6.241324257214411E-6,8723,7.125,96.125
8.132992250849264E-6,8724,6.875,96.125
8.278596098394576E-6,8725,6.625,96.125
8.896865336854334E-6,8726,6.375,96.125
1.4017415536566397E-5,8727,6.125,96.125
2.2860099685626983E-5,8728,5.875,96.125
1.2767588713606923E-5,8729,5.625,96.125
1.4832295145523787E-5,8730,5.375,96.125
,8731,5.125,96.125
,8732,4.875,96.125
8.241529886436322E-6,8733,4.625,96.125
1.1311975783467476E-5,8734,4.375,96.125
,8735,4.125,96.125
,8736,3.875,96.125
,8737,3.625,96.125
,8738,3.375,96.125
,8739,3.125,96.125
,8740,2.875,96.125
,8741,2.625,96.125
6.917629148031395E-6,8742,2.375,96.125
6.985656289163306E-6,8743,2.125,96.125
1.0522560255351123E-5,8744,1.875,96.125
5.324582018846361E-6,8745,1.625,96.125
5.8574360403115085E-6,8746,1.375,96.125
5.053196932520658E-6,8747,1.125,96.125
7.75280094123153E-6,8748,0.875,96.125
5.8803175756463515E-6,8749,0.625,96.125
5.152820913177479E-6,8750,0.375,96.125
2.5053980370673164E-6,8751,0.125,96.125
6.884470929503909E-6,8752,-0.125,96.125
6.8450516907089215E-6,8753,-0.375,96.125
6.682983256170748E-6,8754,-0.625,96.125
4.80918270082619E-6,8755,-0.875,96.125
3.659736274163155E-6,8756,-1.125,96.125
4.7262911949405555E-6,8757,-1.375,96.125
2.6542022145286537E-6,8758,-1.625,96.125
2.6232699060731072E-6,8759,-1.875,96.125
1.0542685329638481E-5,8760,-2.125,96.125
,8761,-2.375,96.125
,8762,-2.625,96.125
,8763,-2.875,96.125
,8764,-3.125,96.125
,8765,-3.375,96.125
,8766,-3.625,96.125
,8767,-3.875,96.125
,8768,-4.125,96.125
,8769,-4.375,96.125
,8770,-4.625,96.125
,8771,-4.875,96.125
,8772,-5.125,96.125
,8773,-5.375,96.125
,8774,-5.625,96.125
,8775,-5.875,96.125
,8776,-6.125,96.125
,8777,-6.375,96.125
,8778,-6.625,96.125
,8779,-6.875,96.125
,8780,-7.125,96.125
,8781,-7.375,96.125
,8782,-7.625,96.125
,8783,-7.875,96.125
,8784,-8.125,96.125
,8785,-8.375,96.125
,8786,-8.625,96.125
,8787,-8.875,96.125
,8788,-9.125,96.125
,8789,-9.375,96.125
,8790,-9.625,96.125
,8791,-9.875,96.125
,8792,-10.125,96.125
,8793,-10.375,96.125
,8794,-10.625,96.125
,8795,-10.875,96.125
,8796,-11.125,96.125
,8797,-11.375,96.125
7.516097511780339E-6,8798,-11.625,96.125
1.1598921384329403E-5,8799,-11.875,96.125
,8800,31.875,96.375
,8801,31.625,96.375
7.1068324231389006E-6,8802,31.375,96.375
8.199389772772948E-6,8803,31.125,96.375
1.1497849385497584E-5,8804,30.875,96.375
8.768462274352395E-6,8805,30.625,96.375
8.231403867781528E-6,8806,30.375,96.375
5.007072859095572E-6,8807,30.125,96.375
5.7153065671853435E-6,8808,29.875,96.375
7.414786495114914E-6,8809,29.625,96.375
5.5778754512782744E-6,8810,29.375,96.375
6.066648561648346E-6,8811,29.125,96.375
2.7770280982860688E-6,8812,28.875,96.375
1.0787509466368542E-5,8813,28.625,96.375
,8814,28.375,96.375
8.672329727839981E-6,8815,28.125,96.375
1.4841006356355479E-5,8816,27.875,96.375
1.4905839462583724E-5,8817,27.625,96.375
,8818,27.375,96.375
,8819,27.125,96.375
,8820,26.875,96.375
6.828024618516372E-6,8821,26.625,96.375
9.162005263947303E-6,8822,26.375,96.375
1.4063676540640446E-5,8823,26.125,96.375
1.575943470908019E-5,8824,25.875,96.375
1.9274497223733045E-5,8825,25.625,96.375
2.424913372247015E-5,8826,25.375,96.375
2.5964006310158512E-5,8827,25.125,96.375
2.673319881592689E-5,8828,24.875,96.375
,8829,24.625,96.375
,8830,24.375,96.375
,8831,24.125,96.375
,8832,23.875,96.375
,8833,23.625,96.375
,8834,23.375,96.375
,8835,23.125,96.375
,8836,22.875,96.375
,8837,22.625,96.375
,8838,22.375,96.375
,8839,22.125,96.375
,8840,21.875,96.375
,8841,21.625,96.375
,8842,21.375,96.375
,8843,21.125,96.375
,8844,20.875,96.375
,8845,20.625,96.375
,8846,20.375,96.375
,8847,20.125,96.375
,8848,19.875,96.375
,8849,19.625,96.375
,8850,19.375,96.375
,8851,19.125,96.375
,8852,18.875,96.375
,8853,18.625,96.375
,8854,18.375,96.375
,8855,18.125,96.375
,8856,17.875,96.375
,8857,17.625,96.375
,8858,17.375,96.375
,8859,17.125,96.375
,8860,16.875,96.375
,8861,16.625,96.375
,8862,16.375,96.375
,8863,16.125,96.375
,8864,15.875,96.375
,8865,15.625,96.375
,8866,15.375,96.375
4.447679851189076E-6,8867,15.125,96.375
1.1336574716421163E-5,8868,14.875,96.375
1.2128703074351362E-5,8869,14.625,96.375
1.0479494816760199E-5,8870,14.375,96.375
1.0205646121011313E-5,8871,14.125,96.375
7.879360633518691E-6,8872,13.875,96.375
6.347551628656254E-6,8873,13.625,96.375
8.593096632723474E-6,8874,13.375,96.375
1.5132822008981016E-5,8875,13.125,96.375
9.33613375570695E-6,8876,12.875,96.375
1.1744284803617255E-5,8877,12.625,96.375
1.0316512921402089E-5,8878,12.375,96.375
6.583250284990665E-6,8879,12.125,96.375
9.288742341762925E-6,8880,11.875,96.375
8.80023347692705E-6,8881,11.625,96.375
5.960180649095212E-6,8882,11.375,96.375
3.4886819633433876E-6,8883,11.125,96.375
3.8944831612057844E-7,8884,10.875,96.375
1.591320856098088E-6,8885,10.625,96.375
,8886,10.375,96.375
,8887,10.125,96.375
3.4291332692449914E-6,8888,9.875,96.375
1.9411099742917646E-6,8889,9.625,96.375
,8890,9.375,96.375
5.006209903264415E-7,8891,9.125,96.375
1.610880160843507E-6,8892,8.875,96.375
,8893,8.625,96.375
,8894,8.375,96.375
6.500408935596854E-6,8895,8.125,96.375
8.474369520057245E-6,8896,7.875,96.375
8.970940746304389E-6,8897,7.625,96.375
6.608345252447692E-6,8898,7.375,96.375
8.552182683535134E-6,8899,7.125,96.375
8.659001250914951E-6,8900,6.875,96.375
1.0138905004323735E-5,8901,6.625,96.375
,8902,6.375,96.375
1.730786180853186E-5,8903,6.125,96.375
1.5517731558615315E-5,8904,5.875,96.375
1.223889158037684E-5,8905,5.625,96.375
1.3264633128052701E-5,8906,5.375,96.375
,8907,5.125,96.375
,8908,4.875,96.375
,8909,4.625,96.375
,8910,4.375,96.375
,8911,4.125,96.375
,8912,3.875,96.375
,8913,3.625,96.375
,8914,3.375,96.375
,8915,3.125,96.375
,8916,2.875,96.375
,8917,2.625,96.375
1.012398914364149E-5,8918,2.375,96.375
9.357773379794601E-6,8919,2.125,96.375
8.187997694113319E-6,8920,1.875,96.375
6.161628256379134E-6,8921,1.625,96.375
4.4595713845611864E-6,8922,1.375,96.375
4.668444423475927E-6,8923,1.125,96.375
6.573964748141317E-6,8924,0.875,96.375
5.3525522812526354E-6,8925,0.625,96.375
3.7700963432636747E-6,8926,0.375,96.375
7.1324278290353015E-6,8927,0.125,96.375
3.191893954136114E-6,8928,-0.125,96.375
4.334103509666085E-6,8929,-0.375,96.375
6.119572406164611E-6,8930,-0.625,96.375
5.271515199780115E-6,8931,-0.875,96.375
6.809808966654552E-6,8932,-1.125,96.375
5.392766558580015E-6,8933,-1.375,96.375
4.217008177313391E-6,8934,-1.625,96.375
5.783603868156625E-6,8935,-1.875,96.375
3.8277688973154174E-6,8936,-2.125,96.375
2.2286042328429408E-6,8937,-2.375,96.375
,8938,-2.625,96.375
6.137475664477335E-6,8939,-2.875,96.375
6.694361382953585E-6,8940,-3.125,96.375
,8941,-3.375,96.375
,8942,-3.625,96.375
,8943,-3.875,96.375
,8944,-4.125,96.375
,8945,-4.375,96.375
,8946,-4.625,96.375
,8947,-4.875,96.375
,8948,-5.125,96.375
,8949,-5.375,96.375
,8950,-5.625,96.375
,8951,-5.875,96.375
,8952,-6.125,96.375
,8953,-6.375,96.375
,8954,-6.625,96.375
,8955,-6.875,96.375
,8956,-7.125,96.375
,8957,-7.375,96.375
,8958,-7.625,96.375
,8959,-7.875,96.375
,8960,-8.125,96.375
,8961,-8.375,96.375
,8962,-8.625,96.375
,8963,-8.875,96.375
,8964,-9.125,96.375
,8965,-9.375,96.375
,8966,-9.625,96.375
,8967,-9.875,96.375
,8968,-10.125,96.375
,8969,-10.375,96.375
,8970,-10.625,96.375
,8971,-10.875,96.375
,8972,-11.125,96.375
,8973,-11.375,96.375
1.5401464588117913E-5,8974,-11.625,96.375
,8975,-11.875,96.375
,8976,31.875,96.625
,8977,31.625,96.625
6.324815289510274E-6,8978,31.375,96.625
9.55278611724472E-6,8979,31.125,96.625
9.64722962428809E-6,8980,30.875,96.625
7.439068619699278E-6,8981,30.625,96.625
,8982,30.375,96.625
4.855651319517415E-6,8983,30.125,96.625
5.706656245067786E-6,8984,29.875,96.625
7.230067032417648E-6,8985,29.625,96.625
5.856345377424038E-6,8986,29.375,96.625
4.165301538614082E-6,8987,29.125,96.625
7.8088360234998E-6,8988,28.875,96.625
7.33065476273675E-6,8989,28.625,96.625
,8990,28.375,96.625
,8991,28.125,96.625
,8992,27.875,96.625
,8993,27.625,96.625
,8994,27.375,96.625
2.14089874412087E-6,8995,27.125,96.625
5.476186301676739E-6,8996,26.875,96.625
8.46979242412147E-6,8997,26.625,96.625
1.6620099204042503E-5,8998,26.375,96.625
1.7073452167259145E-5,8999,26.125,96.625
2.022867363187688E-5,9000,25.875,96.625
3.147631070236453E-5,9001,25.625,96.625
,9002,25.375,96.625
,9003,25.125,96.625
,9004,24.875,96.625
,9005,24.625,96.625
,9006,24.375,96.625
,9007,24.125,96.625
,9008,23.875,96.625
,9009,23.625,96.625
,9010,23.375,96.625
,9011,23.125,96.625
,9012,22.875,96.625
,9013,22.625,96.625
,9014,22.375,96.625
,9015,22.125,96.625
,9016,21.875,96.625
,9017,21.625,96.625
,9018,21.375,96.625
,9019,21.125,96.625
,9020,20.875,96.625
,9021,20.625,96.625
,9022,20.375,96.625
,9023,20.125,96.625
,9024,19.875,96.625
,9025,19.625,96.625
,9026,19.375,96.625
,9027,19.125,96.625
,9028,18.875,96.625
,9029,18.625,96.625
,9030,18.375,96.625
,9031,18.125,96.625
,9032,17.875,96.625
,9033,17.625,96.625
,9034,17.375,96.625
,9035,17.125,96.625
,9036,16.875,96.625
,9037,16.625,96.625
,9038,16.375,96.625
,9039,16.125,96.625
,9040,15.875,96.625
,9041,15.625,96.625
9.022962509256924E-6,9042,15.375,96.625
1.1577008533853689E-5,9043,15.125,96.625
1.2023795832577498E-5,9044,14.875,96.625
1.1926375170519916E-5,9045,14.625,96.625
1.1935101956059094E-5,9046,14.375,96.625
1.1843210509471987E-5,9047,14.125,96.625
1.094445586005294E-5,9048,13.875,96.625
9.914056920045329E-6,9049,13.625,96.625
8.349668261990031E-6,9050,13.375,96.625
1.07433251600106E-5,9051,13.125,96.625
7.907795251748379E-6,9052,12.875,96.625
8.800544830923385E-6,9053,12.625,96.625
1.01366638070454E-5,9054,12.375,96.625
1.0307094242975203E-5,9055,12.125,96.625
7.557578090633594E-6,9056,11.875,96.625
8.84241090310008E-6,9057,11.625,96.625
7.123986882214045E-6,9058,11.375,96.625
6.011424224832444E-6,9059,11.125,96.625
6.305389098076775E-6,9060,10.875,96.625
6.493593795625604E-6,9061,10.625,96.625
,9062,10.375,96.625
,9063,10.125,96.625
4.2062284129638115E-6,9064,9.875,96.625
4.342636673132225E-6,9065,9.625,96.625
,9066,9.375,96.625
1.614048437549332E-6,9067,9.125,96.625
3.6243067198925945E-6,9068,8.875,96.625
,9069,8.625,96.625
,9070,8.375,96.625
6.9008537281721045E-6,9071,8.125,96.625
8.207544461859725E-6,9072,7.875,96.625
7.862672169266458E-6,9073,7.625,96.625
7.846935445808744E-6,9074,7.375,96.625
8.230923674455875E-6,9075,7.125,96.625
1.1391556983017394E-5,9076,6.875,96.625
1.0229147080093777E-5,9077,6.625,96.625
8.634551491855945E-6,9078,6.375,96.625
1.3004571131691053E-5,9079,6.125,96.625
1.8399705738826717E-5,9080,5.875,96.625
1.1107794358275576E-5,9081,5.625,96.625
1.2962810409511988E-5,9082,5.375,96.625
1.7201127244876586E-5,9083,5.125,96.625
,9084,4.875,96.625
,9085,4.625,96.625
,9086,4.375,96.625
8.581415185996561E-6,9087,4.125,96.625
6.362790520061047E-6,9088,3.875,96.625
,9089,3.625,96.625
,9090,3.375,96.625
,9091,3.125,96.625
,9092,2.875,96.625
,9093,2.625,96.625
1.059049421998661E-5,9094,2.375,96.625
8.080587249167477E-6,9095,2.125,96.625
9.077630497074619E-6,9096,1.875,96.625
7.646457867935458E-6,9097,1.625,96.625
4.739980739976758E-6,9098,1.375,96.625
5.092720515248377E-6,9099,1.125,96.625
6.314140596068884E-6,9100,0.875,96.625
-4.239953521179014E-6,9101,0.625,96.625
5.015164288786555E-6,9102,0.375,96.625
7.233847754771416E-6,9103,0.125,96.625
5.030754971420163E-6,9104,-0.125,96.625
4.902196611799172E-6,9105,-0.375,96.625
7.568311946769541E-6,9106,-0.625,96.625
6.149683838269767E-6,9107,-0.875,96.625
4.9258411578681194E-6,9108,-1.125,96.625
4.122811276235579E-6,9109,-1.375,96.625
4.60606949219912E-6,9110,-1.625,96.625
6.090773217130796E-6,9111,-1.875,96.625
4.440871014773702E-6,9112,-2.125,96.625
5.190999308746678E-6,9113,-2.375,96.625
1.050457400441334E-6,9114,-2.625,96.625
3.2612825882462714E-6,9115,-2.875,96.625
6.109712601579712E-6,9116,-3.125,96.625
,9117,-3.375,96.625
,9118,-3.625,96.625
,9119,-3.875,96.625
,9120,-4.125,96.625
,9121,-4.375,96.625
,9122,-4.625,96.625
,9123,-4.875,96.625
,9124,-5.125,96.625
,9125,-5.375,96.625
,9126,-5.625,96.625
,9127,-5.875,96.625
,9128,-6.125,96.625
,9129,-6.375,96.625
,9130,-6.625,96.625
,9131,-6.875,96.625
,9132,-7.125,96.625
,9133,-7.375,96.625
,9134,-7.625,96.625
,9135,-7.875,96.625
,9136,-8.125,96.625
,9137,-8.375,96.625
,9138,-8.625,96.625
,9139,-8.875,96.625
,9140,-9.125,96.625
,9141,-9.375,96.625
,9142,-9.625,96.625
,9143,-9.875,96.625
,9144,-10.125,96.625
,9145,-10.375,96.625
,9146,-10.625,96.625
,9147,-10.875,96.625
,9148,-11.125,96.625
,9149,-11.375,96.625
1.757513607477638E-5,9150,-11.625,96.625
,9151,-11.875,96.625
,9152,31.875,96.875
,9153,31.625,96.875
2.0669417533883386E-6,9154,31.375,96.875
1.1108619503229487E-5,9155,31.125,96.875
1.0933490190497668E-5,9156,30.875,96.875
,9157,30.625,96.875
,9158,30.375,96.875
8.765617897800302E-6,9159,30.125,96.875
6.853220147725541E-6,9160,29.875,96.875
5.583643148618511E-6,9161,29.625,96.875
7.541391065274988E-6,9162,29.375,96.875
9.22880331668987E-6,9163,29.125,96.875
9.577126470590643E-6,9164,28.875,96.875
7.878681205522002E-6,9165,28.625,96.875
,9166,28.375,96.875
,9167,28.125,96.875
,9168,27.875,96.875
,9169,27.625,96.875
,9170,27.375,96.875
,9171,27.125,96.875
1.2003993181660208E-5,9172,26.875,96.875
9.51423163586051E-6,9173,26.625,96.875
1.3477491464463606E-5,9174,26.375,96.875
1.592826379326834E-5,9175,26.125,96.875
1.6599604777024577E-5,9176,25.875,96.875
,9177,25.625,96.875
,9178,25.375,96.875
,9179,25.125,96.875
,9180,24.875,96.875
,9181,24.625,96.875
,9182,24.375,96.875
,9183,24.125,96.875
,9184,23.875,96.875
,9185,23.625,96.875
,9186,23.375,96.875
,9187,23.125,96.875
,9188,22.875,96.875
,9189,22.625,96.875
,9190,22.375,96.875
,9191,22.125,96.875
,9192,21.875,96.875
,9193,21.625,96.875
,9194,21.375,96.875
,9195,21.125,96.875
,9196,20.875,96.875
,9197,20.625,96.875
,9198,20.375,96.875
,9199,20.125,96.875
,9200,19.875,96.875
,9201,19.625,96.875
,9202,19.375,96.875
,9203,19.125,96.875
,9204,18.875,96.875
,9205,18.625,96.875
1.376304238794059E-5,9206,18.375,96.875
,9207,18.125,96.875
,9208,17.875,96.875
,9209,17.625,96.875
,9210,17.375,96.875
,9211,17.125,96.875
,9212,16.875,96.875
,9213,16.625,96.875
,9214,16.375,96.875
,9215,16.125,96.875
,9216,15.875,96.875
,9217,15.625,96.875
1.4690309915955126E-5,9218,15.375,96.875
1.148236295023055E-5,9219,15.125,96.875
1.3097626905654755E-5,9220,14.875,96.875
1.0800415282280731E-5,9221,14.625,96.875
8.319350792121367E-6,9222,14.375,96.875
1.2807581801011013E-5,9223,14.125,96.875
1.0490153829782384E-5,9224,13.875,96.875
9.623811443217099E-6,9225,13.625,96.875
1.0842938288987255E-5,9226,13.375,96.875
1.0482122298428678E-5,9227,13.125,96.875
1.0164243877167799E-5,9228,12.875,96.875
8.577718360393737E-6,9229,12.625,96.875
9.154142245508767E-6,9230,12.375,96.875
8.9410331095721E-6,9231,12.125,96.875
8.532337847833821E-6,9232,11.875,96.875
7.376413943458633E-6,9233,11.625,96.875
6.342835129296912E-6,9234,11.375,96.875
5.177297402152678E-6,9235,11.125,96.875
6.145637240555496E-6,9236,10.875,96.875
3.339740263018475E-6,9237,10.625,96.875
1.2242596164493098E-6,9238,10.375,96.875
4.729738887607822E-6,9239,10.125,96.875
,9240,9.875,96.875
,9241,9.625,96.875
,9242,9.375,96.875
,9243,9.125,96.875
,9244,8.875,96.875
,9245,8.625,96.875
,9246,8.375,96.875
,9247,8.125,96.875
1.0212209886896469E-5,9248,7.875,96.875
9.274396341098875E-6,9249,7.625,96.875
1.073830944097609E-5,9250,7.375,96.875
1.161061987225135E-5,9251,7.125,96.875
8.154352984266333E-6,9252,6.875,96.875
1.2114648137894831E-5,9253,6.625,96.875
1.1630418388702006E-5,9254,6.375,96.875
1.2148888817558768E-5,9255,6.125,96.875
1.3063799807937023E-5,9256,5.875,96.875
1.4014177066337099E-5,9257,5.625,96.875
9.56921121443975E-6,9258,5.375,96.875
,9259,5.125,96.875
,9260,4.875,96.875
,9261,4.625,96.875
,9262,4.375,96.875
,9263,4.125,96.875
,9264,3.875,96.875
,9265,3.625,96.875
2.3486138454731932E-6,9266,3.375,96.875
2.348613855196929E-6,9267,3.125,96.875
,9268,2.875,96.875
,9269,2.625,96.875
,9270,2.375,96.875
6.419830079832235E-6,9271,2.125,96.875
8.055617663602161E-6,9272,1.875,96.875
7.541747940260598E-6,9273,1.625,96.875
7.190370938267319E-6,9274,1.375,96.875
6.39588405400822E-6,9275,1.125,96.875
5.87369285530771E-6,9276,0.875,96.875
,9277,0.625,96.875
,9278,0.375,96.875
4.690039983407023E-6,9279,0.125,96.875
5.269966079459274E-6,9280,-0.125,96.875
7.379918380112988E-6,9281,-0.375,96.875
2.2183649230672156E-6,9282,-0.625,96.875
4.908306120196937E-6,9283,-0.875,96.875
4.499227416142432E-6,9284,-1.125,96.875
3.1409735854016307E-6,9285,-1.375,96.875
1.1121185992119696E-5,9286,-1.625,96.875
8.404622226348946E-6,9287,-1.875,96.875
2.388099632650825E-6,9288,-2.125,96.875
7.042929758202506E-6,9289,-2.375,96.875
,9290,-2.625,96.875
3.5356823313199445E-6,9291,-2.875,96.875
,9292,-3.125,96.875
8.192428483281068E-6,9293,-3.375,96.875
5.969775120146088E-6,9294,-3.625,96.875
,9295,-3.875,96.875
,9296,-4.125,96.875
,9297,-4.375,96.875
,9298,-4.625,96.875
,9299,-4.875,96.875
,9300,-5.125,96.875
,9301,-5.375,96.875
,9302,-5.625,96.875
,9303,-5.875,96.875
,9304,-6.125,96.875
,9305,-6.375,96.875
,9306,-6.625,96.875
,9307,-6.875,96.875
,9308,-7.125,96.875
,9309,-7.375,96.875
,9310,-7.625,96.875
,9311,-7.875,96.875
,9312,-8.125,96.875
,9313,-8.375,96.875
,9314,-8.625,96.875
,9315,-8.875,96.875
,9316,-9.125,96.875
,9317,-9.375,96.875
,9318,-9.625,96.875
,9319,-9.875,96.875
,9320,-10.125,96.875
,9321,-10.375,96.875
,9322,-10.625,96.875
,9323,-10.875,96.875
,9324,-11.125,96.875
8.136466107077973E-6,9325,-11.375,96.875
,9326,-11.625,96.875
,9327,-11.875,96.875
,9328,31.875,97.125
,9329,31.625,97.125
4.815436060486627E-6,9330,31.375,97.125
8.534997281881915E-6,9331,31.125,97.125
1.1298685783599954E-5,9332,30.875,97.125
7.813387736052056E-6,9333,30.625,97.125
,9334,30.375,97.125
8.880599727430697E-6,9335,30.125,97.125
7.502820622800379E-6,9336,29.875,97.125
6.5534351530826E-6,9337,29.625,97.125
6.743698154271867E-6,9338,29.375,97.125
7.088903392328974E-6,9339,29.125,97.125
7.77171628823902E-6,9340,28.875,97.125
,9341,28.625,97.125
,9342,28.375,97.125
4.097608681061821E-6,9343,28.125,97.125
,9344,27.875,97.125
,9345,27.625,97.125
3.8380163841957346E-6,9346,27.375,97.125
,9347,27.125,97.125
5.5385659516304615E-6,9348,26.875,97.125
8.995066755700605E-6,9349,26.625,97.125
1.366901708915578E-5,9350,26.375,97.125
1.8423409528002987E-5,9351,26.125,97.125
1.898008639699906E-5,9352,25.875,97.125
,9353,25.625,97.125
,9354,25.375,97.125
,9355,25.125,97.125
,9356,24.875,97.125
,9357,24.625,97.125
,9358,24.375,97.125
,9359,24.125,97.125
,9360,23.875,97.125
,9361,23.625,97.125
,9362,23.375,97.125
,9363,23.125,97.125
,9364,22.875,97.125
,9365,22.625,97.125
,9366,22.375,97.125
,9367,22.125,97.125
,9368,21.875,97.125
,9369,21.625,97.125
,9370,21.375,97.125
,9371,21.125,97.125
,9372,20.875,97.125
,9373,20.625,97.125
,9374,20.375,97.125
,9375,20.125,97.125
,9376,19.875,97.125
,9377,19.625,97.125
,9378,19.375,97.125
,9379,19.125,97.125
,9380,18.875,97.125
,9381,18.625,97.125
,9382,18.375,97.125
,9383,18.125,97.125
,9384,17.875,97.125
,9385,17.625,97.125
,9386,17.375,97.125
,9387,17.125,97.125
,9388,16.875,97.125
,9389,16.625,97.125
,9390,16.375,97.125
,9391,16.125,97.125
,9392,15.875,97.125
1.201849239991194E-5,9393,15.625,97.125
1.2229787366940648E-5,9394,15.375,97.125
4.642859641624994E-6,9395,15.125,97.125
1.137424095821585E-5,9396,14.875,97.125
1.1281610140356998E-5,9397,14.625,97.125
9.947447712727748E-6,9398,14.375,97.125
1.0986020126064304E-5,9399,14.125,97.125
9.042333418216556E-6,9400,13.875,97.125
9.340498296602133E-6,9401,13.625,97.125
1.0215846718344696E-5,9402,13.375,97.125
1.014176193953486E-5,9403,13.125,97.125
8.332781217466347E-6,9404,12.875,97.125
1.1368508505199293E-5,9405,12.625,97.125
9.996847586071946E-6,9406,12.375,97.125
1.0375428841203433E-5,9407,12.125,97.125
7.986455250542441E-6,9408,11.875,97.125
6.3089195406173E-6,9409,11.625,97.125
5.962108036737757E-6,9410,11.375,97.125
4.510856192381707E-6,9411,11.125,97.125
2.61866461654345E-6,9412,10.875,97.125
4.210297043737844E-6,9413,10.625,97.125
4.415293425768577E-6,9414,10.375,97.125
6.16094490706866E-6,9415,10.125,97.125
1.4431784218081994E-6,9416,9.875,97.125
7.452244894909836E-7,9417,9.625,97.125
,9418,9.375,97.125
,9419,9.125,97.125
,9420,8.875,97.125
,9421,8.625,97.125
,9422,8.375,97.125
,9423,8.125,97.125
,9424,7.875,97.125
,9425,7.625,97.125
6.306243339258117E-6,9426,7.375,97.125
1.7707987577944253E-5,9427,7.125,97.125
8.447454113750083E-6,9428,6.875,97.125
1.0664088558082639E-5,9429,6.625,97.125
1.2295453441447852E-5,9430,6.375,97.125
1.2128449581568717E-5,9431,6.125,97.125
1.1141357954441979E-5,9432,5.875,97.125
1.4218063833459894E-5,9433,5.625,97.125
1.2202264880506554E-5,9434,5.375,97.125
,9435,5.125,97.125
,9436,4.875,97.125
,9437,4.625,97.125
,9438,4.375,97.125
,9439,4.125,97.125
,9440,3.875,97.125
8.426535689548538E-6,9441,3.625,97.125
7.834376426695444E-6,9442,3.375,97.125
7.834376318348871E-6,9443,3.125,97.125
,9444,2.875,97.125
,9445,2.625,97.125
,9446,2.375,97.125
9.68806846995117E-6,9447,2.125,97.125
7.263030851515376E-6,9448,1.875,97.125
7.521237461363003E-6,9449,1.625,97.125
6.09698297969432E-6,9450,1.375,97.125
6.963023649684802E-6,9451,1.125,97.125
5.8991280623642686E-6,9452,0.875,97.125
,9453,0.625,97.125
,9454,0.375,97.125
6.101299710232346E-6,9455,0.125,97.125
8.678863018000065E-6,9456,-0.125,97.125
6.668572895252404E-6,9457,-0.375,97.125
5.522590946815303E-6,9458,-0.625,97.125
4.435963346431843E-6,9459,-0.875,97.125
4.554273209389373E-6,9460,-1.125,97.125
5.827245460417731E-6,9461,-1.375,97.125
1.509309362019278E-6,9462,-1.625,97.125
,9463,-1.875,97.125
4.424472980526196E-6,9464,-2.125,97.125
4.745708002526559E-6,9465,-2.375,97.125
,9466,-2.625,97.125
,9467,-2.875,97.125
,9468,-3.125,97.125
,9469,-3.375,97.125
2.8328139388420327E-6,9470,-3.625,97.125
,9471,-3.875,97.125
,9472,-4.125,97.125
,9473,-4.375,97.125
,9474,-4.625,97.125
,9475,-4.875,97.125
,9476,-5.125,97.125
,9477,-5.375,97.125
,9478,-5.625,97.125
,9479,-5.875,97.125
,9480,-6.125,97.125
,9481,-6.375,97.125
,9482,-6.625,97.125
,9483,-6.875,97.125
,9484,-7.125,97.125
,9485,-7.375,97.125
,9486,-7.625,97.125
,9487,-7.875,97.125
,9488,-8.125,97.125
,9489,-8.375,97.125
,9490,-8.625,97.125
,9491,-8.875,97.125
,9492,-9.125,97.125
,9493,-9.375,97.125
,9494,-9.625,97.125
,9495,-9.875,97.125
,9496,-10.125,97.125
,9497,-10.375,97.125
,9498,-10.625,97.125
,9499,-10.875,97.125
,9500,-11.125,97.125
,9501,-11.375,97.125
,9502,-11.625,97.125
1.0957923624407725E-5,9503,-11.875,97.125
5.172071085911668E-6,9504,31.875,97.375
,9505,31.625,97.375
6.0658514700890445E-6,9506,31.375,97.375
7.726091703884062E-6,9507,31.125,97.375
6.070212610912022E-6,9508,30.875,97.375
5.042315857545772E-6,9509,30.625,97.375
3.6587343847380584E-6,9510,30.375,97.375
7.946766892447429E-6,9511,30.125,97.375
9.252176910985384E-6,9512,29.875,97.375
7.949191945943978E-6,9513,29.625,97.375
8.22310877686139E-6,9514,29.375,97.375
,9515,29.125,97.375
9.841387474971175E-6,9516,28.875,97.375
7.650000181518074E-6,9517,28.625,97.375
5.7864809294239E-6,9518,28.375,97.375
4.416183369225189E-6,9519,28.125,97.375
,9520,27.875,97.375
,9521,27.625,97.375
6.14987394669971E-6,9522,27.375,97.375
,9523,27.125,97.375
9.743529095983333E-6,9524,26.875,97.375
9.005708348696218E-6,9525,26.625,97.375
1.5879911213249232E-5,9526,26.375,97.375
1.6370807208707568E-5,9527,26.125,97.375
1.810639064471756E-5,9528,25.875,97.375
,9529,25.625,97.375
,9530,25.375,97.375
,9531,25.125,97.375
,9532,24.875,97.375
,9533,24.625,97.375
,9534,24.375,97.375
,9535,24.125,97.375
,9536,23.875,97.375
,9537,23.625,97.375
,9538,23.375,97.375
,9539,23.125,97.375
,9540,22.875,97.375
,9541,22.625,97.375
,9542,22.375,97.375
,9543,22.125,97.375
,9544,21.875,97.375
,9545,21.625,97.375
,9546,21.375,97.375
,9547,21.125,97.375
,9548,20.875,97.375
,9549,20.625,97.375
,9550,20.375,97.375
,9551,20.125,97.375
,9552,19.875,97.375
,9553,19.625,97.375
,9554,19.375,97.375
,9555,19.125,97.375
,9556,18.875,97.375
,9557,18.625,97.375
,9558,18.375,97.375
,9559,18.125,97.375
,9560,17.875,97.375
,9561,17.625,97.375
,9562,17.375,97.375
,9563,17.125,97.375
,9564,16.875,97.375
,9565,16.625,97.375
,9566,16.375,97.375
,9567,16.125,97.375
,9568,15.875,97.375
1.4896458865081998E-5,9569,15.625,97.375
1.225182904678312E-5,9570,15.375,97.375
1.032051184032741E-5,9571,15.125,97.375
8.920232735995136E-6,9572,14.875,97.375
8.56667064178264E-6,9573,14.625,97.375
8.476880386654983E-6,9574,14.375,97.375
7.89298462837682E-6,9575,14.125,97.375
8.927314775474411E-6,9576,13.875,97.375
9.92304974628783E-6,9577,13.625,97.375
1.1252417068711036E-5,9578,13.375,97.375
1.2493026544006887E-5,9579,13.125,97.375
1.2032179314344693E-5,9580,12.875,97.375
1.1574629823070894E-5,9581,12.625,97.375
1.0918041439885431E-5,9582,12.375,97.375
9.378210591811353E-6,9583,12.125,97.375
9.706463017792008E-6,9584,11.875,97.375
6.10182099502537E-6,9585,11.625,97.375
6.544293583415447E-6,9586,11.375,97.375
7.800835017491167E-6,9587,11.125,97.375
5.982671540286792E-6,9588,10.875,97.375
5.2335118851811335E-6,9589,10.625,97.375
4.2602217196680684E-6,9590,10.375,97.375
6.445399481558808E-6,9591,10.125,97.375
6.959185540717044E-6,9592,9.875,97.375
5.841571096895766E-6,9593,9.625,97.375
4.593314282634379E-6,9594,9.375,97.375
4.737924712927034E-6,9595,9.125,97.375
1.0542992075056613E-5,9596,8.875,97.375
8.262276410513264E-6,9597,8.625,97.375
,9598,8.375,97.375
,9599,8.125,97.375
,9600,7.875,97.375
,9601,7.625,97.375
9.013902568877894E-6,9602,7.375,97.375
,9603,7.125,97.375
1.03733691401158E-5,9604,6.875,97.375
9.691917763252045E-6,9605,6.625,97.375
1.2714382279250456E-5,9606,6.375,97.375
1.1940674279876474E-5,9607,6.125,97.375
,9608,5.875,97.375
,9609,5.625,97.375
,9610,5.375,97.375
,9611,5.125,97.375
,9612,4.875,97.375
2.714093083517884E-6,9613,4.625,97.375
7.692802408984774E-6,9614,4.375,97.375
7.309935750887396E-6,9615,4.125,97.375
6.439648636609564E-6,9616,3.875,97.375
,9617,3.625,97.375
4.741814784658584E-6,9618,3.375,97.375
1.2713375675809175E-5,9619,3.125,97.375
,9620,2.875,97.375
,9621,2.625,97.375
,9622,2.375,97.375
,9623,2.125,97.375
8.251191425112525E-6,9624,1.875,97.375
,9625,1.625,97.375
8.280956819775018E-6,9626,1.375,97.375
8.794450613063431E-6,9627,1.125,97.375
1.0520022104002803E-5,9628,0.875,97.375
8.661097847063335E-6,9629,0.625,97.375
6.752022649411938E-6,9630,0.375,97.375
4.3437064261848E-6,9631,0.125,97.375
3.395719133453284E-6,9632,-0.125,97.375
4.3494660529657875E-6,9633,-0.375,97.375
1.1972489075020616E-5,9634,-0.625,97.375
4.3774024409604966E-6,9635,-0.875,97.375
4.29764413109836E-6,9636,-1.125,97.375
5.165344856194115E-6,9637,-1.375,97.375
5.1277196332855556E-6,9638,-1.625,97.375
4.300998575399672E-6,9639,-1.875,97.375
5.797509735979229E-6,9640,-2.125,97.375
6.501277301811307E-6,9641,-2.375,97.375
-1.8148280832916263E-6,9642,-2.625,97.375
,9643,-2.875,97.375
,9644,-3.125,97.375
,9645,-3.375,97.375
1.7064517707940371E-6,9646,-3.625,97.375
,9647,-3.875,97.375
,9648,-4.125,97.375
,9649,-4.375,97.375
,9650,-4.625,97.375
,9651,-4.875,97.375
,9652,-5.125,97.375
,9653,-5.375,97.375
,9654,-5.625,97.375
,9655,-5.875,97.375
,9656,-6.125,97.375
,9657,-6.375,97.375
,9658,-6.625,97.375
,9659,-6.875,97.375
,9660,-7.125,97.375
,9661,-7.375,97.375
,9662,-7.625,97.375
,9663,-7.875,97.375
,9664,-8.125,97.375
,9665,-8.375,97.375
,9666,-8.625,97.375
,9667,-8.875,97.375
,9668,-9.125,97.375
,9669,-9.375,97.375
,9670,-9.625,97.375
,9671,-9.875,97.375
,9672,-10.125,97.375
,9673,-10.375,97.375
,9674,-10.625,97.375
,9675,-10.875,97.375
,9676,-11.125,97.375
,9677,-11.375,97.375
1.279469732506615E-6,9678,-11.625,97.375
1.7578520606706165E-5,9679,-11.875,97.375
,9680,31.875,97.625
,9681,31.625,97.625
,9682,31.375,97.625
7.245926608659705E-6,9683,31.125,97.625
5.819147350939627E-6,9684,30.875,97.625
,9685,30.625,97.625
,9686,30.375,97.625
6.038648364274684E-6,9687,30.125,97.625
1.147068968032357E-5,9688,29.875,97.625
,9689,29.625,97.625
5.835571200560257E-6,9690,29.375,97.625
,9691,29.125,97.625
3.4014251390243196E-6,9692,28.875,97.625
5.793184906619898E-6,9693,28.625,97.625
6.418169576149762E-6,9694,28.375,97.625
,9695,28.125,97.625
,9696,27.875,97.625
1.5454718435306078E-6,9697,27.625,97.625
4.974914519024504E-6,9698,27.375,97.625
1.0054557673889788E-5,9699,27.125,97.625
1.0297090403672019E-5,9700,26.875,97.625
7.280693927243049E-6,9701,26.625,97.625
1.547087368274651E-5,9702,26.375,97.625
1.8790981957195127E-5,9703,26.125,97.625
2.9699993030795185E-5,9704,25.875,97.625
,9705,25.625,97.625
,9706,25.375,97.625
,9707,25.125,97.625
,9708,24.875,97.625
,9709,24.625,97.625
,9710,24.375,97.625
,9711,24.125,97.625
,9712,23.875,97.625
,9713,23.625,97.625
,9714,23.375,97.625
,9715,23.125,97.625
,9716,22.875,97.625
,9717,22.625,97.625
,9718,22.375,97.625
,9719,22.125,97.625
,9720,21.875,97.625
,9721,21.625,97.625
,9722,21.375,97.625
,9723,21.125,97.625
,9724,20.875,97.625
,9725,20.625,97.625
,9726,20.375,97.625
,9727,20.125,97.625
,9728,19.875,97.625
,9729,19.625,97.625
,9730,19.375,97.625
,9731,19.125,97.625
,9732,18.875,97.625
,9733,18.625,97.625
,9734,18.375,97.625
,9735,18.125,97.625
,9736,17.875,97.625
,9737,17.625,97.625
,9738,17.375,97.625
,9739,17.125,97.625
,9740,16.875,97.625
,9741,16.625,97.625
,9742,16.375,97.625
,9743,16.125,97.625
,9744,15.875,97.625
7.336125358533297E-6,9745,15.625,97.625
1.1252398113159035E-5,9746,15.375,97.625
1.3645577135291606E-5,9747,15.125,97.625
1.0466856327663838E-5,9748,14.875,97.625
1.134151414068245E-5,9749,14.625,97.625
1.1331228755231283E-5,9750,14.375,97.625
1.3710584531453127E-5,9751,14.125,97.625
1.0640102998571574E-5,9752,13.875,97.625
1.0026168831671E-5,9753,13.625,97.625
1.1572107849347444E-5,9754,13.375,97.625
1.1125482322759797E-5,9755,13.125,97.625
1.1951271403778623E-5,9756,12.875,97.625
8.27041139700671E-6,9757,12.625,97.625
1.0816476064395463E-5,9758,12.375,97.625
1.1188251371372348E-5,9759,12.125,97.625
5.794317048592987E-6,9760,11.875,97.625
7.514778494966965E-6,9761,11.625,97.625
5.847194638376808E-6,9762,11.375,97.625
6.03008409709657E-6,9763,11.125,97.625
-2.6030947012561987E-7,9764,10.875,97.625
2.133968756163423E-6,9765,10.625,97.625
3.700442116740218E-6,9766,10.375,97.625
6.702303387398688E-6,9767,10.125,97.625
5.307096016853458E-6,9768,9.875,97.625
4.73924777772835E-6,9769,9.625,97.625
6.984739405029859E-6,9770,9.375,97.625
5.314568353377486E-6,9771,9.125,97.625
4.311864752459799E-6,9772,8.875,97.625
,9773,8.625,97.625
,9774,8.375,97.625
,9775,8.125,97.625
,9776,7.875,97.625
,9777,7.625,97.625
9.004605954714574E-6,9778,7.375,97.625
9.004606040900502E-6,9779,7.125,97.625
1.1710449820589417E-5,9780,6.875,97.625
5.817618291009442E-6,9781,6.625,97.625
1.1942688264911237E-5,9782,6.375,97.625
1.3271322625634103E-5,9783,6.125,97.625
,9784,5.875,97.625
,9785,5.625,97.625
,9786,5.375,97.625
,9787,5.125,97.625
,9788,4.875,97.625
5.541251116892924E-6,9789,4.625,97.625
7.257383034260923E-6,9790,4.375,97.625
9.364416164150455E-6,9791,4.125,97.625
1.2596129909114312E-5,9792,3.875,97.625
5.7111791734291935E-6,9793,3.625,97.625
3.3273146588935337E-6,9794,3.375,97.625
1.3569404297341413E-5,9795,3.125,97.625
,9796,2.875,97.625
,9797,2.625,97.625
,9798,2.375,97.625
,9799,2.125,97.625
,9800,1.875,97.625
,9801,1.625,97.625
1.2684061931125165E-5,9802,1.375,97.625
9.104968405704425E-6,9803,1.125,97.625
9.123040518876375E-6,9804,0.875,97.625
9.261977223871076E-6,9805,0.625,97.625
7.361149345543801E-6,9806,0.375,97.625
6.140302261139274E-6,9807,0.125,97.625
,9808,-0.125,97.625
-4.729876957439797E-7,9809,-0.375,97.625
-7.161790679876067E-7,9810,-0.625,97.625
3.284378174037058E-7,9811,-0.875,97.625
4.3477528914865E-6,9812,-1.125,97.625
4.946998424547954E-6,9813,-1.375,97.625
4.246000453593163E-6,9814,-1.625,97.625
4.683425256996858E-6,9815,-1.875,97.625
3.3308435547423394E-6,9816,-2.125,97.625
5.756258704187979E-6,9817,-2.375,97.625
,9818,-2.625,97.625
,9819,-2.875,97.625
,9820,-3.125,97.625
4.768327834316776E-6,9821,-3.375,97.625
,9822,-3.625,97.625
,9823,-3.875,97.625
,9824,-4.125,97.625
,9825,-4.375,97.625
,9826,-4.625,97.625
,9827,-4.875,97.625
,9828,-5.125,97.625
,9829,-5.375,97.625
,9830,-5.625,97.625
,9831,-5.875,97.625
,9832,-6.125,97.625
,9833,-6.375,97.625
,9834,-6.625,97.625
,9835,-6.875,97.625
,9836,-7.125,97.625
,9837,-7.375,97.625
,9838,-7.625,97.625
,9839,-7.875,97.625
,9840,-8.125,97.625
,9841,-8.375,97.625
,9842,-8.625,97.625
,9843,-8.875,97.625
,9844,-9.125,97.625
,9845,-9.375,97.625
,9846,-9.625,97.625
,9847,-9.875,97.625
,9848,-10.125,97.625
,9849,-10.375,97.625
,9850,-10.625,97.625
,9851,-10.875,97.625
,9852,-11.125,97.625
,9853,-11.375,97.625
1.6291081457975643E-5,9854,-11.625,97.625
1.8166864002450143E-5,9855,-11.875,97.625
,9856,31.875,97.875
,9857,31.625,97.875
6.409615108254712E-6,9858,31.375,97.875
6.537597992280125E-6,9859,31.125,97.875
5.0024847071539996E-6,9860,30.875,97.875
,9861,30.625,97.875
,9862,30.375,97.875
6.755232717280042E-6,9863,30.125,97.875
1.0898534152348292E-5,9864,29.875,97.875
,9865,29.625,97.875
4.500895579581979E-6,9866,29.375,97.875
,9867,29.125,97.875
5.070035991034979E-6,9868,28.875,97.875
6.849526117364858E-6,9869,28.625,97.875
2.7233747403028303E-6,9870,28.375,97.875
,9871,28.125,97.875
-2.3086070525272238E-6,9872,27.875,97.875
6.805772072875378E-6,9873,27.625,97.875
9.587576086084027E-6,9874,27.375,97.875
9.205743175595068E-6,9875,27.125,97.875
9.059431536669375E-6,9876,26.875,97.875
1.0475965585657376E-5,9877,26.625,97.875
1.5174039737908318E-5,9878,26.375,97.875
,9879,26.125,97.875
,9880,25.875,97.875
,9881,25.625,97.875
,9882,25.375,97.875
,9883,25.125,97.875
,9884,24.875,97.875
,9885,24.625,97.875
,9886,24.375,97.875
,9887,24.125,97.875
,9888,23.875,97.875
,9889,23.625,97.875
,9890,23.375,97.875
,9891,23.125,97.875
,9892,22.875,97.875
,9893,22.625,97.875
,9894,22.375,97.875
,9895,22.125,97.875
,9896,21.875,97.875
,9897,21.625,97.875
,9898,21.375,97.875
,9899,21.125,97.875
,9900,20.875,97.875
,9901,20.625,97.875
,9902,20.375,97.875
,9903,20.125,97.875
,9904,19.875,97.875
,9905,19.625,97.875
,9906,19.375,97.875
,9907,19.125,97.875
,9908,18.875,97.875
,9909,18.625,97.875
,9910,18.375,97.875
,9911,18.125,97.875
,9912,17.875,97.875
,9913,17.625,97.875
,9914,17.375,97.875
,9915,17.125,97.875
,9916,16.875,97.875
,9917,16.625,97.875
,9918,16.375,97.875
,9919,16.125,97.875
,9920,15.875,97.875
,9921,15.625,97.875
1.1836989093796981E-5,9922,15.375,97.875
1.2046057734689704E-5,9923,15.125,97.875
1.2351161502351663E-5,9924,14.875,97.875
1.2385669818644215E-5,9925,14.625,97.875
1.3212006229327424E-5,9926,14.375,97.875
1.58169069093833E-5,9927,14.125,97.875
1.321461850458848E-5,9928,13.875,97.875
1.2041261348900356E-5,9929,13.625,97.875
9.648518720004065E-6,9930,13.375,97.875
1.2111097118878636E-5,9931,13.125,97.875
1.0977684273412118E-5,9932,12.875,97.875
2.1383428581889032E-5,9933,12.625,97.875
3.0338732243287815E-6,9934,12.375,97.875
5.708834514680851E-6,9935,12.125,97.875
9.624439572934623E-6,9936,11.875,97.875
1.0122524010068963E-5,9937,11.625,97.875
8.105060182265068E-6,9938,11.375,97.875
8.377624216555513E-6,9939,11.125,97.875
7.638457875712875E-6,9940,10.875,97.875
,9941,10.625,97.875
,9942,10.375,97.875
,9943,10.125,97.875
4.4884229863448655E-6,9944,9.875,97.875
6.1578882897647786E-6,9945,9.625,97.875
4.70506939092789E-6,9946,9.375,97.875
-1.2945391787967006E-6,9947,9.125,97.875
8.34025151014116E-6,9948,8.875,97.875
9.670959521125493E-6,9949,8.625,97.875
,9950,8.375,97.875
,9951,8.125,97.875
,9952,7.875,97.875
,9953,7.625,97.875
1.0264476034163611E-5,9954,7.375,97.875
6.8908691877936755E-6,9955,7.125,97.875
,9956,6.875,97.875
,9957,6.625,97.875
9.505849532348785E-6,9958,6.375,97.875
,9959,6.125,97.875
2.2157800429114057E-5,9960,5.875,97.875
,9961,5.625,97.875
,9962,5.375,97.875
,9963,5.125,97.875
,9964,4.875,97.875
,9965,4.625,97.875
,9966,4.375,97.875
1.8190577518434327E-5,9967,4.125,97.875
1.2332023529341458E-5,9968,3.875,97.875
6.004607561015273E-6,9969,3.625,97.875
1.2778115347737552E-5,9970,3.375,97.875
8.59524837230049E-6,9971,3.125,97.875
1.237538476278645E-5,9972,2.875,97.875
1.1676688206862868E-5,9973,2.625,97.875
,9974,2.375,97.875
,9975,2.125,97.875
1.1328721650181124E-5,9976,1.875,97.875
8.828394793078994E-6,9977,1.625,97.875
2.083730205843729E-5,9978,1.375,97.875
1.055180176175476E-5,9979,1.125,97.875
1.2364005438360036E-5,9980,0.875,97.875
9.242013411488075E-6,9981,0.625,97.875
7.76615464792827E-6,9982,0.375,97.875
,9983,0.125,97.875
9.740135995876034E-6,9984,-0.125,97.875
,9985,-0.375,97.875
6.49376671698746E-6,9986,-0.625,97.875
7.54044830014502E-6,9987,-0.875,97.875
4.120253382114807E-6,9988,-1.125,97.875
4.321872790350243E-6,9989,-1.375,97.875
4.4546342225458885E-6,9990,-1.625,97.875
4.447625172337664E-6,9991,-1.875,97.875
3.973859875259672E-6,9992,-2.125,97.875
6.884611200585016E-6,9993,-2.375,97.875
4.515770984921797E-6,9994,-2.625,97.875
4.4555892085143565E-6,9995,-2.875,97.875
5.9129152103552554E-6,9996,-3.125,97.875
3.2940036370216003E-6,9997,-3.375,97.875
,9998,-3.625,97.875
,9999,-3.875,97.875
,10000,-4.125,97.875
,10001,-4.375,97.875
,10002,-4.625,97.875
,10003,-4.875,97.875
,10004,-5.125,97.875
,10005,-5.375,97.875
,10006,-5.625,97.875
,10007,-5.875,97.875
,10008,-6.125,97.875
,10009,-6.375,97.875
,10010,-6.625,97.875
,10011,-6.875,97.875
,10012,-7.125,97.875
,10013,-7.375,97.875
,10014,-7.625,97.875
,10015,-7.875,97.875
,10016,-8.125,97.875
,10017,-8.375,97.875
,10018,-8.625,97.875
,10019,-8.875,97.875
,10020,-9.125,97.875
,10021,-9.375,97.875
,10022,-9.625,97.875
,10023,-9.875,97.875
,10024,-10.125,97.875
,10025,-10.375,97.875
,10026,-10.625,97.875
,10027,-10.875,97.875
,10028,-11.125,97.875
,10029,-11.375,97.875
,10030,-11.625,97.875
8.793631371526589E-6,10031,-11.875,97.875
4.682371182387455E-6,10032,31.875,98.125
3.6081596483780107E-6,10033,31.625,98.125
3.2509237140032186E-6,10034,31.375,98.125
8.364358368305434E-6,10035,31.125,98.125
1.2851431643626166E-5,10036,30.875,98.125
,10037,30.625,98.125
6.447213586009453E-6,10038,30.375,98.125
3.96322319059702E-6,10039,30.125,98.125
3.963223196853446E-6,10040,29.875,98.125
,10041,29.625,98.125
,10042,29.375,98.125
,10043,29.125,98.125
,10044,28.875,98.125
,10045,28.625,98.125
,10046,28.375,98.125
,10047,28.125,98.125
6.488750542896839E-6,10048,27.875,98.125
5.263207842322892E-6,10049,27.625,98.125
1.1315569224188853E-5,10050,27.375,98.125
2.5986290649498284E-6,10051,27.125,98.125
7.877133382528983E-6,10052,26.875,98.125
1.0059705875762606E-5,10053,26.625,98.125
1.5209406388651408E-5,10054,26.375,98.125
2.185105207598983E-5,10055,26.125,98.125
,10056,25.875,98.125
,10057,25.625,98.125
,10058,25.375,98.125
,10059,25.125,98.125
,10060,24.875,98.125
,10061,24.625,98.125
,10062,24.375,98.125
,10063,24.125,98.125
,10064,23.875,98.125
,10065,23.625,98.125
,10066,23.375,98.125
,10067,23.125,98.125
,10068,22.875,98.125
,10069,22.625,98.125
,10070,22.375,98.125
,10071,22.125,98.125
,10072,21.875,98.125
,10073,21.625,98.125
,10074,21.375,98.125
,10075,21.125,98.125
,10076,20.875,98.125
,10077,20.625,98.125
,10078,20.375,98.125
,10079,20.125,98.125
,10080,19.875,98.125
,10081,19.625,98.125
,10082,19.375,98.125
,10083,19.125,98.125
,10084,18.875,98.125
,10085,18.625,98.125
,10086,18.375,98.125
,10087,18.125,98.125
,10088,17.875,98.125
,10089,17.625,98.125
,10090,17.375,98.125
,10091,17.125,98.125
,10092,16.875,98.125
,10093,16.625,98.125
,10094,16.375,98.125
,10095,16.125,98.125
,10096,15.875,98.125
,10097,15.625,98.125
,10098,15.375,98.125
,10099,15.125,98.125
1.3516801586416295E-5,10100,14.875,98.125
1.997676457454017E-5,10101,14.625,98.125
1.31366879302784E-5,10102,14.375,98.125
2.2739217191825834E-5,10103,14.125,98.125
1.4407116791805224E-5,10104,13.875,98.125
1.5493392257966372E-5,10105,13.625,98.125
1.5490932639625927E-5,10106,13.375,98.125
1.2066546112182046E-5,10107,13.125,98.125
1.4349703468130589E-5,10108,12.875,98.125
,10109,12.625,98.125
,10110,12.375,98.125
,10111,12.125,98.125
,10112,11.875,98.125
6.035801665578688E-6,10113,11.625,98.125
7.965478838790624E-6,10114,11.375,98.125
8.622698843284153E-6,10115,11.125,98.125
7.760173929912684E-6,10116,10.875,98.125
7.767396361869597E-6,10117,10.625,98.125
6.082254076957835E-6,10118,10.375,98.125
2.3092085806067514E-6,10119,10.125,98.125
3.1606075903790825E-6,10120,9.875,98.125
7.065009802594942E-6,10121,9.625,98.125
8.925233407178888E-6,10122,9.375,98.125
1.2228660646107168E-6,10123,9.125,98.125
5.5172024908757455E-6,10124,8.875,98.125
5.7909494674029885E-6,10125,8.625,98.125
,10126,8.375,98.125
,10127,8.125,98.125
,10128,7.875,98.125
,10129,7.625,98.125
,10130,7.375,98.125
,10131,7.125,98.125
,10132,6.875,98.125
,10133,6.625,98.125
,10134,6.375,98.125
,10135,6.125,98.125
,10136,5.875,98.125
,10137,5.625,98.125
,10138,5.375,98.125
,10139,5.125,98.125
,10140,4.875,98.125
,10141,4.625,98.125
,10142,4.375,98.125
2.7297101004599642E-5,10143,4.125,98.125
2.2199582212930406E-5,10144,3.875,98.125
1.8980579705609912E-5,10145,3.625,98.125
1.4826720205092097E-5,10146,3.375,98.125
6.996831436930726E-6,10147,3.125,98.125
2.164480886505418E-5,10148,2.875,98.125
7.06458345508812E-6,10149,2.625,98.125
,10150,2.375,98.125
,10151,2.125,98.125
7.873705637671711E-6,10152,1.875,98.125
6.704938406026944E-6,10153,1.625,98.125
6.597420335302947E-6,10154,1.375,98.125
8.388083570295464E-6,10155,1.125,98.125
9.748858529591852E-6,10156,0.875,98.125
,10157,0.625,98.125
6.252836752731803E-6,10158,0.375,98.125
8.101814330132805E-6,10159,0.125,98.125
7.65704405534716E-6,10160,-0.125,98.125
,10161,-0.375,98.125
7.624070192161229E-6,10162,-0.625,98.125
,10163,-0.875,98.125
7.039990398798497E-6,10164,-1.125,98.125
1.2992430867130745E-6,10165,-1.375,98.125
1.0062947579213071E-5,10166,-1.625,98.125
,10167,-1.875,98.125
5.869428671935825E-6,10168,-2.125,98.125
6.0473335980034176E-6,10169,-2.375,98.125
6.7231321819654784E-6,10170,-2.625,98.125
8.006133730249831E-6,10171,-2.875,98.125
7.311617112169482E-6,10172,-3.125,98.125
2.9835840135378105E-6,10173,-3.375,98.125
8.735205342329749E-6,10174,-3.625,98.125
,10175,-3.875,98.125
,10176,-4.125,98.125
,10177,-4.375,98.125
,10178,-4.625,98.125
,10179,-4.875,98.125
,10180,-5.125,98.125
,10181,-5.375,98.125
,10182,-5.625,98.125
,10183,-5.875,98.125
,10184,-6.125,98.125
,10185,-6.375,98.125
,10186,-6.625,98.125
,10187,-6.875,98.125
,10188,-7.125,98.125
,10189,-7.375,98.125
,10190,-7.625,98.125
,10191,-7.875,98.125
,10192,-8.125,98.125
,10193,-8.375,98.125
,10194,-8.625,98.125
,10195,-8.875,98.125
,10196,-9.125,98.125
,10197,-9.375,98.125
,10198,-9.625,98.125
,10199,-9.875,98.125
,10200,-10.125,98.125
,10201,-10.375,98.125
,10202,-10.625,98.125
,10203,-10.875,98.125
,10204,-11.125,98.125
,10205,-11.375,98.125
,10206,-11.625,98.125
,10207,-11.875,98.125
7.551816353476205E-6,10208,31.875,98.375
8.592430853704494E-7,10209,31.625,98.375
6.033726453121843E-6,10210,31.375,98.375
7.671296833452402E-6,10211,31.125,98.375
-3.329727505045371E-6,10212,30.875,98.375
1.529030777760595E-6,10213,30.625,98.375
-5.47057880905518E-7,10214,30.375,98.375
2.2704514370025716E-6,10215,30.125,98.375
-1.1076600682467864E-6,10216,29.875,98.375
,10217,29.625,98.375
,10218,29.375,98.375
4.205325592369209E-6,10219,29.125,98.375
1.6884392165439732E-6,10220,28.875,98.375
,10221,28.625,98.375
,10222,28.375,98.375
,10223,28.125,98.375
,10224,27.875,98.375
,10225,27.625,98.375
,10226,27.375,98.375
4.899713439891081E-6,10227,27.125,98.375
6.925330512348374E-6,10228,26.875,98.375
9.594065062051402E-6,10229,26.625,98.375
1.3031174657517384E-5,10230,26.375,98.375
1.478867326063092E-5,10231,26.125,98.375
9.750162006599543E-6,10232,25.875,98.375
,10233,25.625,98.375
,10234,25.375,98.375
,10235,25.125,98.375
,10236,24.875,98.375
,10237,24.625,98.375
,10238,24.375,98.375
,10239,24.125,98.375
,10240,23.875,98.375
,10241,23.625,98.375
,10242,23.375,98.375
,10243,23.125,98.375
,10244,22.875,98.375
,10245,22.625,98.375
,10246,22.375,98.375
,10247,22.125,98.375
,10248,21.875,98.375
,10249,21.625,98.375
,10250,21.375,98.375
,10251,21.125,98.375
,10252,20.875,98.375
,10253,20.625,98.375
,10254,20.375,98.375
,10255,20.125,98.375
,10256,19.875,98.375
,10257,19.625,98.375
,10258,19.375,98.375
,10259,19.125,98.375
,10260,18.875,98.375
,10261,18.625,98.375
,10262,18.375,98.375
,10263,18.125,98.375
,10264,17.875,98.375
,10265,17.625,98.375
,10266,17.375,98.375
,10267,17.125,98.375
,10268,16.875,98.375
,10269,16.625,98.375
,10270,16.375,98.375
,10271,16.125,98.375
,10272,15.875,98.375
,10273,15.625,98.375
,10274,15.375,98.375
,10275,15.125,98.375
,10276,14.875,98.375
,10277,14.625,98.375
,10278,14.375,98.375
,10279,14.125,98.375
1.4953269084191809E-5,10280,13.875,98.375
1.8360179747914704E-5,10281,13.625,98.375
1.6000075459107352E-5,10282,13.375,98.375
1.3888694632339894E-5,10283,13.125,98.375
1.4424144715015278E-5,10284,12.875,98.375
,10285,12.625,98.375
,10286,12.375,98.375
,10287,12.125,98.375
,10288,11.875,98.375
,10289,11.625,98.375
2.7293018947959778E-6,10290,11.375,98.375
8.345174249125598E-6,10291,11.125,98.375
5.275910093968616E-6,10292,10.875,98.375
1.0212279729667735E-5,10293,10.625,98.375
3.4765772269037516E-6,10294,10.375,98.375
2.8794875312132684E-6,10295,10.125,98.375
,10296,9.875,98.375
9.545200973922582E-6,10297,9.625,98.375
6.632769084154783E-6,10298,9.375,98.375
,10299,9.125,98.375
6.588834091692034E-6,10300,8.875,98.375
4.791759900820804E-6,10301,8.625,98.375
6.797149605541069E-6,10302,8.375,98.375
,10303,8.125,98.375
,10304,7.875,98.375
,10305,7.625,98.375
,10306,7.375,98.375
,10307,7.125,98.375
-1.9454494018233897E-6,10308,6.875,98.375
-1.945449361371502E-6,10309,6.625,98.375
,10310,6.375,98.375
,10311,6.125,98.375
,10312,5.875,98.375
,10313,5.625,98.375
,10314,5.375,98.375
,10315,5.125,98.375
,10316,4.875,98.375
,10317,4.625,98.375
,10318,4.375,98.375
5.527084383656438E-5,10319,4.125,98.375
1.3902774342216356E-5,10320,3.875,98.375
1.693070522160528E-5,10321,3.625,98.375
1.2615459388923685E-5,10322,3.375,98.375
1.1155288321304618E-5,10323,3.125,98.375
1.4537538222925048E-5,10324,2.875,98.375
2.6269766247956204E-5,10325,2.625,98.375
,10326,2.375,98.375
,10327,2.125,98.375
6.527105896181322E-6,10328,1.875,98.375
9.47745092513648E-6,10329,1.625,98.375
7.813400486197619E-6,10330,1.375,98.375
6.973988346712777E-6,10331,1.125,98.375
7.911657813919082E-6,10332,0.875,98.375
7.424174069067745E-6,10333,0.625,98.375
5.473040933726613E-6,10334,0.375,98.375
7.907785031472398E-6,10335,0.125,98.375
,10336,-0.125,98.375
,10337,-0.375,98.375
,10338,-0.625,98.375
7.040216140403289E-6,10339,-0.875,98.375
7.766142123863383E-6,10340,-1.125,98.375
,10341,-1.375,98.375
5.541375738760856E-6,10342,-1.625,98.375
1.977544020083694E-6,10343,-1.875,98.375
7.189643578850781E-6,10344,-2.125,98.375
9.478237600854571E-6,10345,-2.375,98.375
7.221336712030263E-6,10346,-2.625,98.375
7.535102363227872E-6,10347,-2.875,98.375
5.559839245475553E-6,10348,-3.125,98.375
3.2490476784758175E-6,10349,-3.375,98.375
3.2180390247620095E-6,10350,-3.625,98.375
,10351,-3.875,98.375
,10352,-4.125,98.375
,10353,-4.375,98.375
,10354,-4.625,98.375
,10355,-4.875,98.375
,10356,-5.125,98.375
,10357,-5.375,98.375
,10358,-5.625,98.375
,10359,-5.875,98.375
,10360,-6.125,98.375
,10361,-6.375,98.375
,10362,-6.625,98.375
,10363,-6.875,98.375
,10364,-7.125,98.375
,10365,-7.375,98.375
,10366,-7.625,98.375
,10367,-7.875,98.375
,10368,-8.125,98.375
,10369,-8.375,98.375
,10370,-8.625,98.375
,10371,-8.875,98.375
,10372,-9.125,98.375
,10373,-9.375,98.375
,10374,-9.625,98.375
,10375,-9.875,98.375
,10376,-10.125,98.375
,10377,-10.375,98.375
,10378,-10.625,98.375
,10379,-10.875,98.375
,10380,-11.125,98.375
,10381,-11.375,98.375
,10382,-11.625,98.375
,10383,-11.875,98.375
1.1722939590162714E-5,10384,31.875,98.625
5.152768754302361E-6,10385,31.625,98.625
-1.7127460956978513E-6,10386,31.375,98.625
-6.5828485009292604E-6,10387,31.125,98.625
1.815346136149322E-6,10388,30.875,98.625
-1.2642611599321622E-6,10389,30.625,98.625
2.2137133840953936E-7,10390,30.375,98.625
-2.6506512870242958E-6,10391,30.125,98.625
,10392,29.875,98.625
,10393,29.625,98.625
,10394,29.375,98.625
,10395,29.125,98.625
,10396,28.875,98.625
,10397,28.625,98.625
5.230886297981215E-6,10398,28.375,98.625
2.6088311400819083E-6,10399,28.125,98.625
2.012543684558367E-6,10400,27.875,98.625
5.557610609931507E-6,10401,27.625,98.625
2.5229274274990833E-6,10402,27.375,98.625
8.01884133221885E-6,10403,27.125,98.625
6.133173265679775E-6,10404,26.875,98.625
2.4546287951237063E-6,10405,26.625,98.625
1.4562307902415494E-5,10406,26.375,98.625
,10407,26.125,98.625
1.4960156865851001E-5,10408,25.875,98.625
,10409,25.625,98.625
,10410,25.375,98.625
,10411,25.125,98.625
,10412,24.875,98.625
,10413,24.625,98.625
,10414,24.375,98.625
,10415,24.125,98.625
,10416,23.875,98.625
,10417,23.625,98.625
,10418,23.375,98.625
,10419,23.125,98.625
,10420,22.875,98.625
,10421,22.625,98.625
,10422,22.375,98.625
,10423,22.125,98.625
,10424,21.875,98.625
,10425,21.625,98.625
,10426,21.375,98.625
,10427,21.125,98.625
,10428,20.875,98.625
,10429,20.625,98.625
,10430,20.375,98.625
,10431,20.125,98.625
,10432,19.875,98.625
,10433,19.625,98.625
,10434,19.375,98.625
,10435,19.125,98.625
,10436,18.875,98.625
,10437,18.625,98.625
,10438,18.375,98.625
,10439,18.125,98.625
,10440,17.875,98.625
,10441,17.625,98.625
,10442,17.375,98.625
,10443,17.125,98.625
,10444,16.875,98.625
,10445,16.625,98.625
,10446,16.375,98.625
,10447,16.125,98.625
,10448,15.875,98.625
,10449,15.625,98.625
,10450,15.375,98.625
,10451,15.125,98.625
,10452,14.875,98.625
,10453,14.625,98.625
,10454,14.375,98.625
,10455,14.125,98.625
,10456,13.875,98.625
,10457,13.625,98.625
8.187290344535879E-6,10458,13.375,98.625
,10459,13.125,98.625
,10460,12.875,98.625
,10461,12.625,98.625
,10462,12.375,98.625
,10463,12.125,98.625
,10464,11.875,98.625
,10465,11.625,98.625
,10466,11.375,98.625
,10467,11.125,98.625
8.978175448017278E-6,10468,10.875,98.625
2.7812858536162908E-6,10469,10.625,98.625
8.060202048959484E-6,10470,10.375,98.625
,10471,10.125,98.625
,10472,9.875,98.625
,10473,9.625,98.625
,10474,9.375,98.625
4.03145608006179E-6,10475,9.125,98.625
,10476,8.875,98.625
7.727355824753921E-6,10477,8.625,98.625
4.37337898669526E-6,10478,8.375,98.625
,10479,8.125,98.625
,10480,7.875,98.625
,10481,7.625,98.625
,10482,7.375,98.625
,10483,7.125,98.625
7.083544390766293E-6,10484,6.875,98.625
1.2317991634972858E-5,10485,6.625,98.625
6.3922844957254074E-6,10486,6.375,98.625
,10487,6.125,98.625
,10488,5.875,98.625
,10489,5.625,98.625
,10490,5.375,98.625
,10491,5.125,98.625
,10492,4.875,98.625
,10493,4.625,98.625
,10494,4.375,98.625
2.1169770456849883E-5,10495,4.125,98.625
2.0407459065904542E-5,10496,3.875,98.625
,10497,3.625,98.625
2.4484642916380918E-5,10498,3.375,98.625
,10499,3.125,98.625
,10500,2.875,98.625
,10501,2.625,98.625
,10502,2.375,98.625
,10503,2.125,98.625
1.1305362937721529E-5,10504,1.875,98.625
7.715512078675294E-6,10505,1.625,98.625
1.0551301632897707E-5,10506,1.375,98.625
8.840424049415687E-6,10507,1.125,98.625
,10508,0.875,98.625
,10509,0.625,98.625
9.565452330687416E-6,10510,0.375,98.625
8.07780355562711E-6,10511,0.125,98.625
1.609144602837961E-5,10512,-0.125,98.625
,10513,-0.375,98.625
,10514,-0.625,98.625
,10515,-0.875,98.625
3.838119902988357E-6,10516,-1.125,98.625
5.970219970299999E-6,10517,-1.375,98.625
,10518,-1.625,98.625
,10519,-1.875,98.625
5.818358875068257E-6,10520,-2.125,98.625
6.003051738005774E-6,10521,-2.375,98.625
8.459117700653192E-6,10522,-2.625,98.625
8.920609885666305E-6,10523,-2.875,98.625
5.489325121025344E-6,10524,-3.125,98.625
6.689533887061934E-6,10525,-3.375,98.625
,10526,-3.625,98.625
,10527,-3.875,98.625
,10528,-4.125,98.625
,10529,-4.375,98.625
,10530,-4.625,98.625
,10531,-4.875,98.625
,10532,-5.125,98.625
,10533,-5.375,98.625
,10534,-5.625,98.625
,10535,-5.875,98.625
,10536,-6.125,98.625
,10537,-6.375,98.625
,10538,-6.625,98.625
,10539,-6.875,98.625
,10540,-7.125,98.625
,10541,-7.375,98.625
,10542,-7.625,98.625
,10543,-7.875,98.625
,10544,-8.125,98.625
,10545,-8.375,98.625
,10546,-8.625,98.625
,10547,-8.875,98.625
,10548,-9.125,98.625
,10549,-9.375,98.625
,10550,-9.625,98.625
,10551,-9.875,98.625
,10552,-10.125,98.625
,10553,-10.375,98.625
,10554,-10.625,98.625
,10555,-10.875,98.625
,10556,-11.125,98.625
,10557,-11.375,98.625
,10558,-11.625,98.625
,10559,-11.875,98.625
,10560,31.875,98.875
,10561,31.625,98.875
5.141024120969663E-6,10562,31.375,98.875
,10563,31.125,98.875
-1.3383368906199057E-6,10564,30.875,98.875
1.7315889973084187E-6,10565,30.625,98.875
-2.192944282921273E-6,10566,30.375,98.875
-2.013616840456162E-6,10567,30.125,98.875
-5.6887888650729696E-6,10568,29.875,98.875
,10569,29.625,98.875
,10570,29.375,98.875
,10571,29.125,98.875
,10572,28.875,98.875
,10573,28.625,98.875
1.7125565235365999E-6,10574,28.375,98.875
5.374438981915385E-7,10575,28.125,98.875
,10576,27.875,98.875
,10577,27.625,98.875
4.380911968351421E-6,10578,27.375,98.875
1.179699572770552E-5,10579,27.125,98.875
2.561047863593676E-6,10580,26.875,98.875
4.586476385689534E-6,10581,26.625,98.875
1.3468344327439446E-5,10582,26.375,98.875
,10583,26.125,98.875
,10584,25.875,98.875
,10585,25.625,98.875
,10586,25.375,98.875
,10587,25.125,98.875
,10588,24.875,98.875
,10589,24.625,98.875
,10590,24.375,98.875
,10591,24.125,98.875
,10592,23.875,98.875
,10593,23.625,98.875
,10594,23.375,98.875
,10595,23.125,98.875
,10596,22.875,98.875
,10597,22.625,98.875
,10598,22.375,98.875
,10599,22.125,98.875
,10600,21.875,98.875
,10601,21.625,98.875
,10602,21.375,98.875
,10603,21.125,98.875
,10604,20.875,98.875
,10605,20.625,98.875
,10606,20.375,98.875
,10607,20.125,98.875
,10608,19.875,98.875
,10609,19.625,98.875
,10610,19.375,98.875
,10611,19.125,98.875
,10612,18.875,98.875
,10613,18.625,98.875
,10614,18.375,98.875
,10615,18.125,98.875
,10616,17.875,98.875
,10617,17.625,98.875
,10618,17.375,98.875
,10619,17.125,98.875
,10620,16.875,98.875
,10621,16.625,98.875
,10622,16.375,98.875
,10623,16.125,98.875
,10624,15.875,98.875
,10625,15.625,98.875
,10626,15.375,98.875
,10627,15.125,98.875
,10628,14.875,98.875
,10629,14.625,98.875
,10630,14.375,98.875
,10631,14.125,98.875
,10632,13.875,98.875
,10633,13.625,98.875
,10634,13.375,98.875
,10635,13.125,98.875
,10636,12.875,98.875
,10637,12.625,98.875
,10638,12.375,98.875
,10639,12.125,98.875
,10640,11.875,98.875
,10641,11.625,98.875
,10642,11.375,98.875
,10643,11.125,98.875
,10644,10.875,98.875
,10645,10.625,98.875
-3.540507960272745E-6,10646,10.375,98.875
7.623954667321906E-6,10647,10.125,98.875
,10648,9.875,98.875
,10649,9.625,98.875
,10650,9.375,98.875
9.140871162956169E-6,10651,9.125,98.875
,10652,8.875,98.875
4.376883686733608E-6,10653,8.625,98.875
1.34415016363833E-5,10654,8.375,98.875
,10655,8.125,98.875
,10656,7.875,98.875
,10657,7.625,98.875
,10658,7.375,98.875
,10659,7.125,98.875
,10660,6.875,98.875
1.041971489298615E-5,10661,6.625,98.875
1.0394672480936325E-5,10662,6.375,98.875
,10663,6.125,98.875
,10664,5.875,98.875
,10665,5.625,98.875
,10666,5.375,98.875
,10667,5.125,98.875
,10668,4.875,98.875
,10669,4.625,98.875
,10670,4.375,98.875
2.029341000220943E-5,10671,4.125,98.875
2.2922777647586186E-5,10672,3.875,98.875
1.834186363978708E-5,10673,3.625,98.875
,10674,3.375,98.875
,10675,3.125,98.875
,10676,2.875,98.875
,10677,2.625,98.875
,10678,2.375,98.875
,10679,2.125,98.875
,10680,1.875,98.875
1.005292742964278E-5,10681,1.625,98.875
9.353113567275357E-6,10682,1.375,98.875
2.0920848513515174E-5,10683,1.125,98.875
,10684,0.875,98.875
,10685,0.625,98.875
9.565452278031469E-6,10686,0.375,98.875
9.190183102210726E-6,10687,0.125,98.875
1.3611358978391947E-5,10688,-0.125,98.875
,10689,-0.375,98.875
,10690,-0.625,98.875
,10691,-0.875,98.875
1.4004280339069496E-5,10692,-1.125,98.875
5.202900243684037E-6,10693,-1.375,98.875
-6.012801704148777E-7,10694,-1.625,98.875
,10695,-1.875,98.875
7.2931675523728215E-6,10696,-2.125,98.875
5.151571643920044E-6,10697,-2.375,98.875
6.984239790386052E-6,10698,-2.625,98.875
6.848497644993015E-6,10699,-2.875,98.875
6.655785293135144E-6,10700,-3.125,98.875
1.3426354610575102E-6,10701,-3.375,98.875
6.903547368656338E-6,10702,-3.625,98.875
,10703,-3.875,98.875
,10704,-4.125,98.875
,10705,-4.375,98.875
,10706,-4.625,98.875
,10707,-4.875,98.875
,10708,-5.125,98.875
,10709,-5.375,98.875
,10710,-5.625,98.875
,10711,-5.875,98.875
,10712,-6.125,98.875
,10713,-6.375,98.875
,10714,-6.625,98.875
,10715,-6.875,98.875
,10716,-7.125,98.875
,10717,-7.375,98.875
,10718,-7.625,98.875
,10719,-7.875,98.875
,10720,-8.125,98.875
,10721,-8.375,98.875
,10722,-8.625,98.875
,10723,-8.875,98.875
,10724,-9.125,98.875
,10725,-9.375,98.875
,10726,-9.625,98.875
,10727,-9.875,98.875
,10728,-10.125,98.875
,10729,-10.375,98.875
,10730,-10.625,98.875
,10731,-10.875,98.875
,10732,-11.125,98.875
,10733,-11.375,98.875
,10734,-11.625,98.875
,10735,-11.875,98.875
,10736,31.875,99.125
,10737,31.625,99.125
2.7142405094862694E-6,10738,31.375,99.125
,10739,31.125,99.125
-6.973453408803526E-7,10740,30.875,99.125
,10741,30.625,99.125
1.8442686856492417E-6,10742,30.375,99.125
8.559275459903358E-7,10743,30.125,99.125
-2.2389686494134379E-7,10744,29.875,99.125
,10745,29.625,99.125
,10746,29.375,99.125
-3.780037035386875E-6,10747,29.125,99.125
,10748,28.875,99.125
,10749,28.625,99.125
,10750,28.375,99.125
1.1158109880349408E-6,10751,28.125,99.125
,10752,27.875,99.125
,10753,27.625,99.125
1.0660236030358447E-5,10754,27.375,99.125
1.4593377409221361E-5,10755,27.125,99.125
,10756,26.875,99.125
,10757,26.625,99.125
,10758,26.375,99.125
,10759,26.125,99.125
,10760,25.875,99.125
,10761,25.625,99.125
,10762,25.375,99.125
,10763,25.125,99.125
,10764,24.875,99.125
,10765,24.625,99.125
,10766,24.375,99.125
,10767,24.125,99.125
,10768,23.875,99.125
,10769,23.625,99.125
,10770,23.375,99.125
,10771,23.125,99.125
,10772,22.875,99.125
,10773,22.625,99.125
,10774,22.375,99.125
,10775,22.125,99.125
,10776,21.875,99.125
,10777,21.625,99.125
,10778,21.375,99.125
,10779,21.125,99.125
,10780,20.875,99.125
,10781,20.625,99.125
,10782,20.375,99.125
,10783,20.125,99.125
,10784,19.875,99.125
,10785,19.625,99.125
,10786,19.375,99.125
,10787,19.125,99.125
,10788,18.875,99.125
,10789,18.625,99.125
,10790,18.375,99.125
,10791,18.125,99.125
,10792,17.875,99.125
,10793,17.625,99.125
,10794,17.375,99.125
,10795,17.125,99.125
,10796,16.875,99.125
,10797,16.625,99.125
,10798,16.375,99.125
,10799,16.125,99.125
,10800,15.875,99.125
,10801,15.625,99.125
,10802,15.375,99.125
,10803,15.125,99.125
,10804,14.875,99.125
,10805,14.625,99.125
,10806,14.375,99.125
,10807,14.125,99.125
,10808,13.875,99.125
,10809,13.625,99.125
,10810,13.375,99.125
,10811,13.125,99.125
,10812,12.875,99.125
,10813,12.625,99.125
,10814,12.375,99.125
,10815,12.125,99.125
,10816,11.875,99.125
,10817,11.625,99.125
,10818,11.375,99.125
,10819,11.125,99.125
1.0406999480835906E-5,10820,10.875,99.125
8.898806668821362E-6,10821,10.625,99.125
7.571109396993658E-6,10822,10.375,99.125
7.355772204248891E-6,10823,10.125,99.125
9.676542882982687E-6,10824,9.875,99.125
7.280051517942836E-6,10825,9.625,99.125
6.093666907740584E-6,10826,9.375,99.125
,10827,9.125,99.125
,10828,8.875,99.125
7.935601685029543E-6,10829,8.625,99.125
6.824020763553041E-6,10830,8.375,99.125
,10831,8.125,99.125
,10832,7.875,99.125
,10833,7.625,99.125
,10834,7.375,99.125
,10835,7.125,99.125
,10836,6.875,99.125
,10837,6.625,99.125
,10838,6.375,99.125
,10839,6.125,99.125
,10840,5.875,99.125
,10841,5.625,99.125
,10842,5.375,99.125
,10843,5.125,99.125
,10844,4.875,99.125
,10845,4.625,99.125
,10846,4.375,99.125
1.6910465377048806E-5,10847,4.125,99.125
2.5892269638158767E-5,10848,3.875,99.125
,10849,3.625,99.125
,10850,3.375,99.125
,10851,3.125,99.125
,10852,2.875,99.125
,10853,2.625,99.125
,10854,2.375,99.125
,10855,2.125,99.125
9.15463236886793E-6,10856,1.875,99.125
1.056244864799867E-5,10857,1.625,99.125
7.85243205154263E-7,10858,1.375,99.125
6.604748030168865E-6,10859,1.125,99.125
1.1040188762972636E-5,10860,0.875,99.125
7.851832035690092E-6,10861,0.625,99.125
,10862,0.375,99.125
7.1474010263134484E-6,10863,0.125,99.125
8.188960972437528E-6,10864,-0.125,99.125
9.25962642631388E-6,10865,-0.375,99.125
5.960258834410217E-6,10866,-0.625,99.125
,10867,-0.875,99.125
,10868,-1.125,99.125
,10869,-1.375,99.125
8.19236953190993E-6,10870,-1.625,99.125
,10871,-1.875,99.125
,10872,-2.125,99.125
3.982308527850244E-6,10873,-2.375,99.125
7.764165960711559E-6,10874,-2.625,99.125
4.9196234322542706E-6,10875,-2.875,99.125
7.879072893988761E-6,10876,-3.125,99.125
6.144810128284909E-6,10877,-3.375,99.125
5.767263912803165E-6,10878,-3.625,99.125
,10879,-3.875,99.125
,10880,-4.125,99.125
,10881,-4.375,99.125
,10882,-4.625,99.125
,10883,-4.875,99.125
,10884,-5.125,99.125
,10885,-5.375,99.125
,10886,-5.625,99.125
,10887,-5.875,99.125
,10888,-6.125,99.125
,10889,-6.375,99.125
,10890,-6.625,99.125
,10891,-6.875,99.125
,10892,-7.125,99.125
,10893,-7.375,99.125
,10894,-7.625,99.125
,10895,-7.875,99.125
,10896,-8.125,99.125
,10897,-8.375,99.125
,10898,-8.625,99.125
,10899,-8.875,99.125
,10900,-9.125,99.125
,10901,-9.375,99.125
,10902,-9.625,99.125
,10903,-9.875,99.125
,10904,-10.125,99.125
,10905,-10.375,99.125
,10906,-10.625,99.125
,10907,-10.875,99.125
,10908,-11.125,99.125
,10909,-11.375,99.125
,10910,-11.625,99.125
,10911,-11.875,99.125
,10912,31.875,99.375
,10913,31.625,99.375
,10914,31.375,99.375
,10915,31.125,99.375
,10916,30.875,99.375
,10917,30.625,99.375
1.1357213834241091E-6,10918,30.375,99.375
,10919,30.125,99.375
,10920,29.875,99.375
,10921,29.625,99.375
,10922,29.375,99.375
1.7931251443676421E-6,10923,29.125,99.375
,10924,28.875,99.375
-3.819898556800656E-6,10925,28.625,99.375
4.292406368309906E-6,10926,28.375,99.375
-7.040610415643497E-6,10927,28.125,99.375
-1.8177872581181382E-6,10928,27.875,99.375
1.3571159577163036E-6,10929,27.625,99.375
1.1192119894461642E-5,10930,27.375,99.375
,10931,27.125,99.375
,10932,26.875,99.375
-2.3787034408205672E-8,10933,26.625,99.375
,10934,26.375,99.375
,10935,26.125,99.375
,10936,25.875,99.375
,10937,25.625,99.375
,10938,25.375,99.375
,10939,25.125,99.375
,10940,24.875,99.375
,10941,24.625,99.375
,10942,24.375,99.375
,10943,24.125,99.375
,10944,23.875,99.375
,10945,23.625,99.375
,10946,23.375,99.375
,10947,23.125,99.375
,10948,22.875,99.375
,10949,22.625,99.375
,10950,22.375,99.375
,10951,22.125,99.375
,10952,21.875,99.375
,10953,21.625,99.375
,10954,21.375,99.375
,10955,21.125,99.375
,10956,20.875,99.375
,10957,20.625,99.375
,10958,20.375,99.375
,10959,20.125,99.375
,10960,19.875,99.375
,10961,19.625,99.375
,10962,19.375,99.375
,10963,19.125,99.375
,10964,18.875,99.375
,10965,18.625,99.375
,10966,18.375,99.375
,10967,18.125,99.375
,10968,17.875,99.375
,10969,17.625,99.375
,10970,17.375,99.375
,10971,17.125,99.375
,10972,16.875,99.375
,10973,16.625,99.375
,10974,16.375,99.375
,10975,16.125,99.375
,10976,15.875,99.375
,10977,15.625,99.375
,10978,15.375,99.375
,10979,15.125,99.375
,10980,14.875,99.375
,10981,14.625,99.375
,10982,14.375,99.375
,10983,14.125,99.375
,10984,13.875,99.375
,10985,13.625,99.375
,10986,13.375,99.375
,10987,13.125,99.375
,10988,12.875,99.375
,10989,12.625,99.375
,10990,12.375,99.375
,10991,12.125,99.375
,10992,11.875,99.375
,10993,11.625,99.375
,10994,11.375,99.375
,10995,11.125,99.375
5.502330583841433E-6,10996,10.875,99.375
6.051100585505982E-6,10997,10.625,99.375
1.0619238174691476E-5,10998,10.375,99.375
7.512506781573244E-6,10999,10.125,99.375
1.028188235965503E-5,11000,9.875,99.375
8.98411681941449E-6,11001,9.625,99.375
1.1027011560714904E-5,11002,9.375,99.375
,11003,9.125,99.375
,11004,8.875,99.375
,11005,8.625,99.375
1.459712645221933E-5,11006,8.375,99.375
,11007,8.125,99.375
,11008,7.875,99.375
7.274667995294335E-6,11009,7.625,99.375
,11010,7.375,99.375
,11011,7.125,99.375
,11012,6.875,99.375
,11013,6.625,99.375
,11014,6.375,99.375
,11015,6.125,99.375
,11016,5.875,99.375
,11017,5.625,99.375
,11018,5.375,99.375
,11019,5.125,99.375
,11020,4.875,99.375
,11021,4.625,99.375
,11022,4.375,99.375
,11023,4.125,99.375
1.3161243345314888E-5,11024,3.875,99.375
,11025,3.625,99.375
,11026,3.375,99.375
,11027,3.125,99.375
,11028,2.875,99.375
,11029,2.625,99.375
,11030,2.375,99.375
,11031,2.125,99.375
,11032,1.875,99.375
,11033,1.625,99.375
,11034,1.375,99.375
,11035,1.125,99.375
,11036,0.875,99.375
1.8165962095120238E-6,11037,0.625,99.375
,11038,0.375,99.375
,11039,0.125,99.375
1.1535915567630148E-5,11040,-0.125,99.375
4.289147208318628E-6,11041,-0.375,99.375
3.774485263428852E-6,11042,-0.625,99.375
5.463468216491867E-6,11043,-0.875,99.375
,11044,-1.125,99.375
7.3550163671792835E-6,11045,-1.375,99.375
,11046,-1.625,99.375
8.446435452686254E-6,11047,-1.875,99.375
,11048,-2.125,99.375
8.099480544907963E-6,11049,-2.375,99.375
7.772174866786423E-6,11050,-2.625,99.375
6.584523162631568E-6,11051,-2.875,99.375
5.787421850130644E-6,11052,-3.125,99.375
5.611401299780222E-6,11053,-3.375,99.375
5.709958250444347E-6,11054,-3.625,99.375
,11055,-3.875,99.375
,11056,-4.125,99.375
,11057,-4.375,99.375
,11058,-4.625,99.375
,11059,-4.875,99.375
,11060,-5.125,99.375
,11061,-5.375,99.375
,11062,-5.625,99.375
,11063,-5.875,99.375
,11064,-6.125,99.375
,11065,-6.375,99.375
,11066,-6.625,99.375
,11067,-6.875,99.375
,11068,-7.125,99.375
,11069,-7.375,99.375
,11070,-7.625,99.375
,11071,-7.875,99.375
,11072,-8.125,99.375
,11073,-8.375,99.375
,11074,-8.625,99.375
,11075,-8.875,99.375
,11076,-9.125,99.375
,11077,-9.375,99.375
,11078,-9.625,99.375
,11079,-9.875,99.375
,11080,-10.125,99.375
,11081,-10.375,99.375
,11082,-10.625,99.375
,11083,-10.875,99.375
,11084,-11.125,99.375
,11085,-11.375,99.375
,11086,-11.625,99.375
8.032017422223946E-6,11087,-11.875,99.375
,11088,31.875,99.625
,11089,31.625,99.625
,11090,31.375,99.625
-1.5670487868089266E-6,11091,31.125,99.625
,11092,30.875,99.625
,11093,30.625,99.625
,11094,30.375,99.625
,11095,30.125,99.625
,11096,29.875,99.625
-3.23731319099274E-6,11097,29.625,99.625
,11098,29.375,99.625
,11099,29.125,99.625
,11100,28.875,99.625
-1.2562091284631552E-7,11101,28.625,99.625
-8.934761132854575E-7,11102,28.375,99.625
-6.937135482224069E-7,11103,28.125,99.625
-2.872158652543203E-7,11104,27.875,99.625
6.273075437921602E-6,11105,27.625,99.625
1.1192120038629741E-5,11106,27.375,99.625
,11107,27.125,99.625
,11108,26.875,99.625
1.07527858200586E-5,11109,26.625,99.625
2.0396497321429615E-5,11110,26.375,99.625
,11111,26.125,99.625
,11112,25.875,99.625
,11113,25.625,99.625
,11114,25.375,99.625
,11115,25.125,99.625
,11116,24.875,99.625
,11117,24.625,99.625
,11118,24.375,99.625
,11119,24.125,99.625
,11120,23.875,99.625
,11121,23.625,99.625
,11122,23.375,99.625
,11123,23.125,99.625
,11124,22.875,99.625
,11125,22.625,99.625
,11126,22.375,99.625
,11127,22.125,99.625
,11128,21.875,99.625
,11129,21.625,99.625
,11130,21.375,99.625
,11131,21.125,99.625
,11132,20.875,99.625
,11133,20.625,99.625
,11134,20.375,99.625
,11135,20.125,99.625
,11136,19.875,99.625
,11137,19.625,99.625
,11138,19.375,99.625
,11139,19.125,99.625
,11140,18.875,99.625
,11141,18.625,99.625
,11142,18.375,99.625
,11143,18.125,99.625
,11144,17.875,99.625
,11145,17.625,99.625
,11146,17.375,99.625
,11147,17.125,99.625
,11148,16.875,99.625
3.686761349005983E-5,11149,16.625,99.625
3.783716732291312E-5,11150,16.375,99.625
,11151,16.125,99.625
,11152,15.875,99.625
,11153,15.625,99.625
,11154,15.375,99.625
,11155,15.125,99.625
,11156,14.875,99.625
,11157,14.625,99.625
,11158,14.375,99.625
,11159,14.125,99.625
,11160,13.875,99.625
,11161,13.625,99.625
,11162,13.375,99.625
,11163,13.125,99.625
,11164,12.875,99.625
,11165,12.625,99.625
,11166,12.375,99.625
,11167,12.125,99.625
,11168,11.875,99.625
,11169,11.625,99.625
,11170,11.375,99.625
,11171,11.125,99.625
,11172,10.875,99.625
1.3575353175838477E-5,11173,10.625,99.625
1.4228725537075286E-5,11174,10.375,99.625
,11175,10.125,99.625
,11176,9.875,99.625
1.5786965321294377E-5,11177,9.625,99.625
1.386591556569319E-5,11178,9.375,99.625
,11179,9.125,99.625
,11180,8.875,99.625
,11181,8.625,99.625
,11182,8.375,99.625
,11183,8.125,99.625
,11184,7.875,99.625
,11185,7.625,99.625
,11186,7.375,99.625
,11187,7.125,99.625
,11188,6.875,99.625
,11189,6.625,99.625
,11190,6.375,99.625
,11191,6.125,99.625
,11192,5.875,99.625
,11193,5.625,99.625
,11194,5.375,99.625
,11195,5.125,99.625
,11196,4.875,99.625
,11197,4.625,99.625
,11198,4.375,99.625
,11199,4.125,99.625
,11200,3.875,99.625
2.5521969277518286E-5,11201,3.625,99.625
2.9845697971188417E-5,11202,3.375,99.625
2.2497176710659192E-5,11203,3.125,99.625
,11204,2.875,99.625
,11205,2.625,99.625
,11206,2.375,99.625
,11207,2.125,99.625
,11208,1.875,99.625
,11209,1.625,99.625
,11210,1.375,99.625
,11211,1.125,99.625
,11212,0.875,99.625
,11213,0.625,99.625
,11214,0.375,99.625
,11215,0.125,99.625
,11216,-0.125,99.625
,11217,-0.375,99.625
,11218,-0.625,99.625
3.082443597080467E-6,11219,-0.875,99.625
,11220,-1.125,99.625
,11221,-1.375,99.625
5.6278088266453275E-6,11222,-1.625,99.625
9.28792232834435E-8,11223,-1.875,99.625
4.844290367413129E-6,11224,-2.125,99.625
5.567306866893337E-6,11225,-2.375,99.625
9.438409532915867E-6,11226,-2.625,99.625
7.211471164266915E-6,11227,-2.875,99.625
6.885004251397461E-6,11228,-3.125,99.625
6.7260863061077315E-6,11229,-3.375,99.625
8.91413821637756E-6,11230,-3.625,99.625
,11231,-3.875,99.625
,11232,-4.125,99.625
,11233,-4.375,99.625
,11234,-4.625,99.625
,11235,-4.875,99.625
,11236,-5.125,99.625
,11237,-5.375,99.625
,11238,-5.625,99.625
,11239,-5.875,99.625
,11240,-6.125,99.625
,11241,-6.375,99.625
,11242,-6.625,99.625
,11243,-6.875,99.625
,11244,-7.125,99.625
,11245,-7.375,99.625
,11246,-7.625,99.625
,11247,-7.875,99.625
,11248,-8.125,99.625
,11249,-8.375,99.625
,11250,-8.625,99.625
,11251,-8.875,99.625
,11252,-9.125,99.625
,11253,-9.375,99.625
,11254,-9.625,99.625
,11255,-9.875,99.625
,11256,-10.125,99.625
,11257,-10.375,99.625
,11258,-10.625,99.625
,11259,-10.875,99.625
,11260,-11.125,99.625
,11261,-11.375,99.625
,11262,-11.625,99.625
6.950581096089276E-6,11263,-11.875,99.625
,11264,31.875,99.875
,11265,31.625,99.875
7.111268214957537E-6,11266,31.375,99.875
8.744803340714601E-6,11267,31.125,99.875
,11268,30.875,99.875
4.130018462205443E-6,11269,30.625,99.875
-8.293789324598243E-7,11270,30.375,99.875
-2.256374727890844E-6,11271,30.125,99.875
,11272,29.875,99.875
3.773137224179844E-6,11273,29.625,99.875
,11274,29.375,99.875
,11275,29.125,99.875
,11276,28.875,99.875
,11277,28.625,99.875
,11278,28.375,99.875
-1.4687406270900628E-5,11279,28.125,99.875
2.2097081044574964E-6,11280,27.875,99.875
3.0373635490867757E-6,11281,27.625,99.875
,11282,27.375,99.875
,11283,27.125,99.875
,11284,26.875,99.875
,11285,26.625,99.875
1.3410686733222836E-5,11286,26.375,99.875
1.5570241996034497E-5,11287,26.125,99.875
,11288,25.875,99.875
,11289,25.625,99.875
,11290,25.375,99.875
,11291,25.125,99.875
,11292,24.875,99.875
,11293,24.625,99.875
,11294,24.375,99.875
,11295,24.125,99.875
,11296,23.875,99.875
,11297,23.625,99.875
,11298,23.375,99.875
,11299,23.125,99.875
,11300,22.875,99.875
,11301,22.625,99.875
,11302,22.375,99.875
,11303,22.125,99.875
,11304,21.875,99.875
,11305,21.625,99.875
,11306,21.375,99.875
,11307,21.125,99.875
,11308,20.875,99.875
,11309,20.625,99.875
,11310,20.375,99.875
,11311,20.125,99.875
,11312,19.875,99.875
,11313,19.625,99.875
,11314,19.375,99.875
,11315,19.125,99.875
,11316,18.875,99.875
,11317,18.625,99.875
,11318,18.375,99.875
,11319,18.125,99.875
,11320,17.875,99.875
,11321,17.625,99.875
,11322,17.375,99.875
,11323,17.125,99.875
,11324,16.875,99.875
,11325,16.625,99.875
,11326,16.375,99.875
,11327,16.125,99.875
,11328,15.875,99.875
,11329,15.625,99.875
,11330,15.375,99.875
,11331,15.125,99.875
,11332,14.875,99.875
,11333,14.625,99.875
,11334,14.375,99.875
,11335,14.125,99.875
,11336,13.875,99.875
,11337,13.625,99.875
,11338,13.375,99.875
,11339,13.125,99.875
,11340,12.875,99.875
,11341,12.625,99.875
,11342,12.375,99.875
,11343,12.125,99.875
,11344,11.875,99.875
,11345,11.625,99.875
,11346,11.375,99.875
,11347,11.125,99.875
,11348,10.875,99.875
,11349,10.625,99.875
,11350,10.375,99.875
,11351,10.125,99.875
,11352,9.875,99.875
,11353,9.625,99.875
7.300141117149342E-6,11354,9.375,99.875
,11355,9.125,99.875
,11356,8.875,99.875
,11357,8.625,99.875
,11358,8.375,99.875
,11359,8.125,99.875
,11360,7.875,99.875
,11361,7.625,99.875
,11362,7.375,99.875
,11363,7.125,99.875
,11364,6.875,99.875
8.236697721092725E-6,11365,6.625,99.875
,11366,6.375,99.875
,11367,6.125,99.875
,11368,5.875,99.875
,11369,5.625,99.875
,11370,5.375,99.875
,11371,5.125,99.875
,11372,4.875,99.875
,11373,4.625,99.875
,11374,4.375,99.875
,11375,4.125,99.875
,11376,3.875,99.875
4.070291747551242E-5,11377,3.625,99.875
4.1064233902533774E-5,11378,3.375,99.875
,11379,3.125,99.875
,11380,2.875,99.875
,11381,2.625,99.875
,11382,2.375,99.875
,11383,2.125,99.875
,11384,1.875,99.875
,11385,1.625,99.875
,11386,1.375,99.875
,11387,1.125,99.875
,11388,0.875,99.875
,11389,0.625,99.875
,11390,0.375,99.875
,11391,0.125,99.875
,11392,-0.125,99.875
,11393,-0.375,99.875
,11394,-0.625,99.875
5.900780249069613E-6,11395,-0.875,99.875
,11396,-1.125,99.875
,11397,-1.375,99.875
-2.9049542101431323E-6,11398,-1.625,99.875
,11399,-1.875,99.875
,11400,-2.125,99.875
,11401,-2.375,99.875
7.1523951537444285E-6,11402,-2.625,99.875
6.529139489208288E-6,11403,-2.875,99.875
7.282650415453469E-6,11404,-3.125,99.875
6.647755825943051E-6,11405,-3.375,99.875
9.757236483385684E-6,11406,-3.625,99.875
,11407,-3.875,99.875
,11408,-4.125,99.875
,11409,-4.375,99.875
,11410,-4.625,99.875
,11411,-4.875,99.875
,11412,-5.125,99.875
,11413,-5.375,99.875
,11414,-5.625,99.875
,11415,-5.875,99.875
,11416,-6.125,99.875
,11417,-6.375,99.875
,11418,-6.625,99.875
,11419,-6.875,99.875
,11420,-7.125,99.875
,11421,-7.375,99.875
,11422,-7.625,99.875
,11423,-7.875,99.875
,11424,-8.125,99.875
,11425,-8.375,99.875
,11426,-8.625,99.875
,11427,-8.875,99.875
,11428,-9.125,99.875
,11429,-9.375,99.875
,11430,-9.625,99.875
,11431,-9.875,99.875
,11432,-10.125,99.875
,11433,-10.375,99.875
,11434,-10.625,99.875
,11435,-10.875,99.875
,11436,-11.125,99.875
,11437,-11.375,99.875
,11438,-11.625,99.875
1.0010669031305603E-5,11439,-11.875,99.875
,11440,31.875,100.125
,11441,31.625,100.125
4.127688020480479E-6,11442,31.375,100.125
,11443,31.125,100.125
,11444,30.875,100.125
4.8709022459317886E-6,11445,30.625,100.125
-9.982878266280131E-8,11446,30.375,100.125
3.150539472694625E-6,11447,30.125,100.125
-1.937098884274909E-6,11448,29.875,100.125
5.870482927982113E-6,11449,29.625,100.125
,11450,29.375,100.125
,11451,29.125,100.125
9.805748908933837E-6,11452,28.875,100.125
1.034240865388142E-6,11453,28.625,100.125
1.1738230976399706E-6,11454,28.375,100.125
-1.4687406309982882E-5,11455,28.125,100.125
,11456,27.875,100.125
,11457,27.625,100.125
,11458,27.375,100.125
,11459,27.125,100.125
,11460,26.875,100.125
1.6096793821090682E-5,11461,26.625,100.125
1.5387353113006368E-5,11462,26.375,100.125
1.5570241672758376E-5,11463,26.125,100.125
,11464,25.875,100.125
,11465,25.625,100.125
,11466,25.375,100.125
,11467,25.125,100.125
,11468,24.875,100.125
,11469,24.625,100.125
,11470,24.375,100.125
,11471,24.125,100.125
,11472,23.875,100.125
,11473,23.625,100.125
,11474,23.375,100.125
,11475,23.125,100.125
,11476,22.875,100.125
,11477,22.625,100.125
,11478,22.375,100.125
,11479,22.125,100.125
,11480,21.875,100.125
,11481,21.625,100.125
,11482,21.375,100.125
,11483,21.125,100.125
,11484,20.875,100.125
,11485,20.625,100.125
,11486,20.375,100.125
,11487,20.125,100.125
,11488,19.875,100.125
,11489,19.625,100.125
,11490,19.375,100.125
,11491,19.125,100.125
,11492,18.875,100.125
,11493,18.625,100.125
,11494,18.375,100.125
,11495,18.125,100.125
,11496,17.875,100.125
,11497,17.625,100.125
,11498,17.375,100.125
,11499,17.125,100.125
,11500,16.875,100.125
,11501,16.625,100.125
,11502,16.375,100.125
,11503,16.125,100.125
,11504,15.875,100.125
,11505,15.625,100.125
,11506,15.375,100.125
,11507,15.125,100.125
,11508,14.875,100.125
,11509,14.625,100.125
,11510,14.375,100.125
,11511,14.125,100.125
,11512,13.875,100.125
,11513,13.625,100.125
,11514,13.375,100.125
,11515,13.125,100.125
,11516,12.875,100.125
,11517,12.625,100.125
,11518,12.375,100.125
,11519,12.125,100.125
,11520,11.875,100.125
,11521,11.625,100.125
,11522,11.375,100.125
,11523,11.125,100.125
,11524,10.875,100.125
,11525,10.625,100.125
,11526,10.375,100.125
,11527,10.125,100.125
,11528,9.875,100.125
1.0820219196594042E-5,11529,9.625,100.125
,11530,9.375,100.125
,11531,9.125,100.125
,11532,8.875,100.125
,11533,8.625,100.125
,11534,8.375,100.125
1.832638551433831E-5,11535,8.125,100.125
,11536,7.875,100.125
,11537,7.625,100.125
,11538,7.375,100.125
,11539,7.125,100.125
,11540,6.875,100.125
,11541,6.625,100.125
,11542,6.375,100.125
,11543,6.125,100.125
1.6499618451117296E-5,11544,5.875,100.125
1.4049349087179655E-5,11545,5.625,100.125
,11546,5.375,100.125
,11547,5.125,100.125
,11548,4.875,100.125
,11549,4.625,100.125
2.244189295785963E-5,11550,4.375,100.125
,11551,4.125,100.125
,11552,3.875,100.125
,11553,3.625,100.125
2.9218042513580096E-5,11554,3.375,100.125
,11555,3.125,100.125
,11556,2.875,100.125
2.826599341454586E-5,11557,2.625,100.125
,11558,2.375,100.125
,11559,2.125,100.125
,11560,1.875,100.125
,11561,1.625,100.125
,11562,1.375,100.125
,11563,1.125,100.125
,11564,0.875,100.125
,11565,0.625,100.125
,11566,0.375,100.125
,11567,0.125,100.125
,11568,-0.125,100.125
,11569,-0.375,100.125
,11570,-0.625,100.125
,11571,-0.875,100.125
,11572,-1.125,100.125
,11573,-1.375,100.125
,11574,-1.625,100.125
,11575,-1.875,100.125
,11576,-2.125,100.125
,11577,-2.375,100.125
,11578,-2.625,100.125
1.0404702305875775E-5,11579,-2.875,100.125
4.391616489742664E-6,11580,-3.125,100.125
4.203918996956725E-6,11581,-3.375,100.125
,11582,-3.625,100.125
,11583,-3.875,100.125
,11584,-4.125,100.125
,11585,-4.375,100.125
,11586,-4.625,100.125
,11587,-4.875,100.125
,11588,-5.125,100.125
,11589,-5.375,100.125
,11590,-5.625,100.125
,11591,-5.875,100.125
,11592,-6.125,100.125
,11593,-6.375,100.125
,11594,-6.625,100.125
,11595,-6.875,100.125
,11596,-7.125,100.125
,11597,-7.375,100.125
,11598,-7.625,100.125
,11599,-7.875,100.125
,11600,-8.125,100.125
,11601,-8.375,100.125
,11602,-8.625,100.125
,11603,-8.875,100.125
,11604,-9.125,100.125
,11605,-9.375,100.125
,11606,-9.625,100.125
,11607,-9.875,100.125
,11608,-10.125,100.125
,11609,-10.375,100.125
,11610,-10.625,100.125
,11611,-10.875,100.125
,11612,-11.125,100.125
,11613,-11.375,100.125
,11614,-11.625,100.125
1.0868820069016815E-5,11615,-11.875,100.125
4.869222413529064E-6,11616,31.875,100.375
5.6810682334706996E-6,11617,31.625,100.375
,11618,31.375,100.375
,11619,31.125,100.375
,11620,30.875,100.375
2.4475506993130694E-6,11621,30.625,100.375
3.745287119951552E-6,11622,30.375,100.375
5.917955371012339E-6,11623,30.125,100.375
6.943092370968681E-7,11624,29.875,100.375
-1.4989804576509127E-6,11625,29.625,100.375
7.461121215761014E-7,11626,29.375,100.375
7.85005979597597E-6,11627,29.125,100.375
7.85005972351087E-6,11628,28.875,100.375
1.5723740532844428E-5,11629,28.625,100.375
,11630,28.375,100.375
9.039848239064925E-6,11631,28.125,100.375
,11632,27.875,100.375
,11633,27.625,100.375
9.001629720904132E-6,11634,27.375,100.375
-3.848812398132458E-6,11635,27.125,100.375
,11636,26.875,100.375
2.6736605008480292E-5,11637,26.625,100.375
,11638,26.375,100.375
,11639,26.125,100.375
,11640,25.875,100.375
,11641,25.625,100.375
,11642,25.375,100.375
,11643,25.125,100.375
,11644,24.875,100.375
,11645,24.625,100.375
,11646,24.375,100.375
,11647,24.125,100.375
,11648,23.875,100.375
,11649,23.625,100.375
,11650,23.375,100.375
,11651,23.125,100.375
,11652,22.875,100.375
,11653,22.625,100.375
,11654,22.375,100.375
,11655,22.125,100.375
,11656,21.875,100.375
,11657,21.625,100.375
,11658,21.375,100.375
,11659,21.125,100.375
,11660,20.875,100.375
,11661,20.625,100.375
,11662,20.375,100.375
,11663,20.125,100.375
,11664,19.875,100.375
,11665,19.625,100.375
,11666,19.375,100.375
,11667,19.125,100.375
,11668,18.875,100.375
,11669,18.625,100.375
,11670,18.375,100.375
,11671,18.125,100.375
,11672,17.875,100.375
,11673,17.625,100.375
,11674,17.375,100.375
,11675,17.125,100.375
,11676,16.875,100.375
,11677,16.625,100.375
,11678,16.375,100.375
,11679,16.125,100.375
,11680,15.875,100.375
,11681,15.625,100.375
,11682,15.375,100.375
,11683,15.125,100.375
,11684,14.875,100.375
,11685,14.625,100.375
,11686,14.375,100.375
,11687,14.125,100.375
,11688,13.875,100.375
,11689,13.625,100.375
,11690,13.375,100.375
,11691,13.125,100.375
,11692,12.875,100.375
,11693,12.625,100.375
,11694,12.375,100.375
,11695,12.125,100.375
,11696,11.875,100.375
,11697,11.625,100.375
,11698,11.375,100.375
,11699,11.125,100.375
,11700,10.875,100.375
,11701,10.625,100.375
,11702,10.375,100.375
,11703,10.125,100.375
,11704,9.875,100.375
,11705,9.625,100.375
,11706,9.375,100.375
,11707,9.125,100.375
,11708,8.875,100.375
,11709,8.625,100.375
,11710,8.375,100.375
7.075281948072018E-6,11711,8.125,100.375
9.640477456057586E-6,11712,7.875,100.375
,11713,7.625,100.375
,11714,7.375,100.375
,11715,7.125,100.375
,11716,6.875,100.375
,11717,6.625,100.375
1.2265708064840354E-5,11718,6.375,100.375
,11719,6.125,100.375
1.649706901911229E-5,11720,5.875,100.375
,11721,5.625,100.375
4.9575290459864804E-5,11722,5.375,100.375
2.8470329023651813E-5,11723,5.125,100.375
,11724,4.875,100.375
,11725,4.625,100.375
,11726,4.375,100.375
,11727,4.125,100.375
,11728,3.875,100.375
,11729,3.625,100.375
,11730,3.375,100.375
,11731,3.125,100.375
,11732,2.875,100.375
,11733,2.625,100.375
4.228801832207385E-5,11734,2.375,100.375
,11735,2.125,100.375
,11736,1.875,100.375
,11737,1.625,100.375
,11738,1.375,100.375
,11739,1.125,100.375
,11740,0.875,100.375
,11741,0.625,100.375
,11742,0.375,100.375
,11743,0.125,100.375
,11744,-0.125,100.375
,11745,-0.375,100.375
,11746,-0.625,100.375
,11747,-0.875,100.375
,11748,-1.125,100.375
,11749,-1.375,100.375
,11750,-1.625,100.375
,11751,-1.875,100.375
,11752,-2.125,100.375
,11753,-2.375,100.375
1.7433476561925773E-5,11754,-2.625,100.375
,11755,-2.875,100.375
,11756,-3.125,100.375
,11757,-3.375,100.375
,11758,-3.625,100.375
,11759,-3.875,100.375
,11760,-4.125,100.375
,11761,-4.375,100.375
,11762,-4.625,100.375
,11763,-4.875,100.375
,11764,-5.125,100.375
,11765,-5.375,100.375
,11766,-5.625,100.375
,11767,-5.875,100.375
,11768,-6.125,100.375
,11769,-6.375,100.375
,11770,-6.625,100.375
,11771,-6.875,100.375
,11772,-7.125,100.375
,11773,-7.375,100.375
,11774,-7.625,100.375
,11775,-7.875,100.375
,11776,-8.125,100.375
,11777,-8.375,100.375
,11778,-8.625,100.375
,11779,-8.875,100.375
,11780,-9.125,100.375
,11781,-9.375,100.375
,11782,-9.625,100.375
,11783,-9.875,100.375
,11784,-10.125,100.375
,11785,-10.375,100.375
,11786,-10.625,100.375
,11787,-10.875,100.375
,11788,-11.125,100.375
,11789,-11.375,100.375
,11790,-11.625,100.375
4.6068738707238855E-6,11791,-11.875,100.375
5.577823802942553E-6,11792,31.875,100.625
6.855607504594954E-6,11793,31.625,100.625
,11794,31.375,100.625
,11795,31.125,100.625
,11796,30.875,100.625
4.5697509981956416E-7,11797,30.625,100.625
4.727849216167239E-7,11798,30.375,100.625
2.5375991248426414E-6,11799,30.125,100.625
3.4290321970021586E-6,11800,29.875,100.625
1.9102462897954423E-6,11801,29.625,100.625
1.2900001900425168E-6,11802,29.375,100.625
,11803,29.125,100.625
-5.20477240090762E-6,11804,28.875,100.625
7.066725174144297E-6,11805,28.625,100.625
2.4454206008907887E-6,11806,28.375,100.625
1.0964589099574798E-5,11807,28.125,100.625
,11808,27.875,100.625
,11809,27.625,100.625
3.0303874762805307E-6,11810,27.375,100.625
-3.848812402065038E-6,11811,27.125,100.625
,11812,26.875,100.625
1.0815398557133857E-5,11813,26.625,100.625
,11814,26.375,100.625
,11815,26.125,100.625
,11816,25.875,100.625
,11817,25.625,100.625
,11818,25.375,100.625
,11819,25.125,100.625
,11820,24.875,100.625
,11821,24.625,100.625
,11822,24.375,100.625
,11823,24.125,100.625
,11824,23.875,100.625
,11825,23.625,100.625
,11826,23.375,100.625
,11827,23.125,100.625
,11828,22.875,100.625
,11829,22.625,100.625
,11830,22.375,100.625
,11831,22.125,100.625
,11832,21.875,100.625
,11833,21.625,100.625
,11834,21.375,100.625
,11835,21.125,100.625
,11836,20.875,100.625
,11837,20.625,100.625
,11838,20.375,100.625
,11839,20.125,100.625
,11840,19.875,100.625
,11841,19.625,100.625
,11842,19.375,100.625
,11843,19.125,100.625
,11844,18.875,100.625
,11845,18.625,100.625
,11846,18.375,100.625
,11847,18.125,100.625
,11848,17.875,100.625
,11849,17.625,100.625
,11850,17.375,100.625
,11851,17.125,100.625
,11852,16.875,100.625
,11853,16.625,100.625
,11854,16.375,100.625
4.546191760425862E-5,11855,16.125,100.625
4.67701212313773E-5,11856,15.875,100.625
,11857,15.625,100.625
4.8755251567101416E-5,11858,15.375,100.625
,11859,15.125,100.625
,11860,14.875,100.625
,11861,14.625,100.625
,11862,14.375,100.625
,11863,14.125,100.625
,11864,13.875,100.625
,11865,13.625,100.625
,11866,13.375,100.625
,11867,13.125,100.625
,11868,12.875,100.625
,11869,12.625,100.625
,11870,12.375,100.625
,11871,12.125,100.625
,11872,11.875,100.625
,11873,11.625,100.625
,11874,11.375,100.625
,11875,11.125,100.625
,11876,10.875,100.625
,11877,10.625,100.625
,11878,10.375,100.625
,11879,10.125,100.625
,11880,9.875,100.625
,11881,9.625,100.625
,11882,9.375,100.625
,11883,9.125,100.625
,11884,8.875,100.625
,11885,8.625,100.625
,11886,8.375,100.625
1.9795625566389447E-6,11887,8.125,100.625
6.266866545037644E-6,11888,7.875,100.625
1.0639716008387667E-5,11889,7.625,100.625
,11890,7.375,100.625
,11891,7.125,100.625
,11892,6.875,100.625
1.1623866979266326E-5,11893,6.625,100.625
,11894,6.375,100.625
1.658024671184997E-5,11895,6.125,100.625
2.416457861286002E-5,11896,5.875,100.625
1.6531644343398195E-5,11897,5.625,100.625
,11898,5.375,100.625
2.468795195099234E-5,11899,5.125,100.625
2.4687951624257804E-5,11900,4.875,100.625
,11901,4.625,100.625
,11902,4.375,100.625
,11903,4.125,100.625
,11904,3.875,100.625
,11905,3.625,100.625
,11906,3.375,100.625
,11907,3.125,100.625
,11908,2.875,100.625
2.532524369678193E-5,11909,2.625,100.625
2.54728603286829E-5,11910,2.375,100.625
1.9578267095098525E-5,11911,2.125,100.625
,11912,1.875,100.625
1.3537452807807303E-5,11913,1.625,100.625
,11914,1.375,100.625
,11915,1.125,100.625
,11916,0.875,100.625
,11917,0.625,100.625
-2.0865848190751676E-6,11918,0.375,100.625
3.7511851348109598E-6,11919,0.125,100.625
,11920,-0.125,100.625
,11921,-0.375,100.625
1.2045434162591763E-5,11922,-0.625,100.625
9.350031980693525E-6,11923,-0.875,100.625
,11924,-1.125,100.625
,11925,-1.375,100.625
,11926,-1.625,100.625
,11927,-1.875,100.625
,11928,-2.125,100.625
,11929,-2.375,100.625
,11930,-2.625,100.625
,11931,-2.875,100.625
,11932,-3.125,100.625
,11933,-3.375,100.625
,11934,-3.625,100.625
,11935,-3.875,100.625
,11936,-4.125,100.625
,11937,-4.375,100.625
,11938,-4.625,100.625
,11939,-4.875,100.625
,11940,-5.125,100.625
,11941,-5.375,100.625
,11942,-5.625,100.625
,11943,-5.875,100.625
,11944,-6.125,100.625
,11945,-6.375,100.625
,11946,-6.625,100.625
,11947,-6.875,100.625
,11948,-7.125,100.625
,11949,-7.375,100.625
,11950,-7.625,100.625
,11951,-7.875,100.625
,11952,-8.125,100.625
,11953,-8.375,100.625
,11954,-8.625,100.625
,11955,-8.875,100.625
,11956,-9.125,100.625
,11957,-9.375,100.625
,11958,-9.625,100.625
,11959,-9.875,100.625
,11960,-10.125,100.625
,11961,-10.375,100.625
,11962,-10.625,100.625
,11963,-10.875,100.625
,11964,-11.125,100.625
,11965,-11.375,100.625
5.7201834107493544E-6,11966,-11.625,100.625
1.545198069661796E-5,11967,-11.875,100.625
5.450382649008898E-6,11968,31.875,100.875
1.2063549167800811E-5,11969,31.625,100.875
4.7907436035168904E-6,11970,31.375,100.875
2.0872306065761657E-6,11971,31.125,100.875
6.6317561691405155E-6,11972,30.875,100.875
-3.262536469323671E-6,11973,30.625,100.875
3.070695026100504E-6,11974,30.375,100.875
9.534137416498969E-6,11975,30.125,100.875
8.246326040828423E-6,11976,29.875,100.875
4.164197292777892E-6,11977,29.625,100.875
1.0406456381892028E-5,11978,29.375,100.875
1.107144213143816E-5,11979,29.125,100.875
7.725700885995539E-6,11980,28.875,100.875
6.6241144975082E-6,11981,28.625,100.875
1.4764279382908636E-5,11982,28.375,100.875
,11983,28.125,100.875
,11984,27.875,100.875
1.1065432683138474E-5,11985,27.625,100.875
6.975548209451972E-6,11986,27.375,100.875
1.2337727932092358E-5,11987,27.125,100.875
2.277955437314388E-5,11988,26.875,100.875
,11989,26.625,100.875
,11990,26.375,100.875
,11991,26.125,100.875
3.339895209867373E-5,11992,25.875,100.875
4.791136858447294E-5,11993,25.625,100.875
,11994,25.375,100.875
,11995,25.125,100.875
,11996,24.875,100.875
,11997,24.625,100.875
,11998,24.375,100.875
,11999,24.125,100.875
,12000,23.875,100.875
,12001,23.625,100.875
,12002,23.375,100.875
,12003,23.125,100.875
,12004,22.875,100.875
,12005,22.625,100.875
,12006,22.375,100.875
,12007,22.125,100.875
,12008,21.875,100.875
,12009,21.625,100.875
,12010,21.375,100.875
,12011,21.125,100.875
,12012,20.875,100.875
,12013,20.625,100.875
,12014,20.375,100.875
,12015,20.125,100.875
,12016,19.875,100.875
,12017,19.625,100.875
,12018,19.375,100.875
,12019,19.125,100.875
,12020,18.875,100.875
,12021,18.625,100.875
,12022,18.375,100.875
,12023,18.125,100.875
,12024,17.875,100.875
,12025,17.625,100.875
,12026,17.375,100.875
,12027,17.125,100.875
,12028,16.875,100.875
,12029,16.625,100.875
,12030,16.375,100.875
3.352631448228781E-5,12031,16.125,100.875
3.562157498633907E-5,12032,15.875,100.875
,12033,15.625,100.875
,12034,15.375,100.875
,12035,15.125,100.875
,12036,14.875,100.875
,12037,14.625,100.875
,12038,14.375,100.875
,12039,14.125,100.875
,12040,13.875,100.875
,12041,13.625,100.875
,12042,13.375,100.875
,12043,13.125,100.875
,12044,12.875,100.875
,12045,12.625,100.875
,12046,12.375,100.875
,12047,12.125,100.875
,12048,11.875,100.875
,12049,11.625,100.875
,12050,11.375,100.875
,12051,11.125,100.875
,12052,10.875,100.875
,12053,10.625,100.875
,12054,10.375,100.875
,12055,10.125,100.875
,12056,9.875,100.875
,12057,9.625,100.875
,12058,9.375,100.875
,12059,9.125,100.875
,12060,8.875,100.875
,12061,8.625,100.875
,12062,8.375,100.875
,12063,8.125,100.875
-4.527351889728338E-7,12064,7.875,100.875
1.2082942633269849E-5,12065,7.625,100.875
1.9502128758041468E-5,12066,7.375,100.875
1.755243887311848E-5,12067,7.125,100.875
1.3437973411705355E-5,12068,6.875,100.875
2.7240456620496822E-6,12069,6.625,100.875
7.904700325299262E-6,12070,6.375,100.875
4.281783755858886E-6,12071,6.125,100.875
1.0198260662668824E-5,12072,5.875,100.875
1.5442155316680407E-5,12073,5.625,100.875
1.1775275397822224E-5,12074,5.375,100.875
1.8809218555107113E-5,12075,5.125,100.875
,12076,4.875,100.875
,12077,4.625,100.875
2.139511183982715E-5,12078,4.375,100.875
2.4844580250209722E-5,12079,4.125,100.875
,12080,3.875,100.875
,12081,3.625,100.875
,12082,3.375,100.875
,12083,3.125,100.875
2.548704999276338E-5,12084,2.875,100.875
,12085,2.625,100.875
1.4173475594373962E-5,12086,2.375,100.875
1.5351374994292365E-5,12087,2.125,100.875
9.740165468707844E-6,12088,1.875,100.875
2.2684483361432624E-5,12089,1.625,100.875
1.32766709840588E-5,12090,1.375,100.875
1.7664706597838927E-5,12091,1.125,100.875
,12092,0.875,100.875
1.2577406090839485E-5,12093,0.625,100.875
7.027736270701957E-6,12094,0.375,100.875
9.59809545821491E-6,12095,0.125,100.875
9.413578195038271E-6,12096,-0.125,100.875
8.069097232368885E-6,12097,-0.375,100.875
8.029140861810147E-6,12098,-0.625,100.875
6.425588474015132E-6,12099,-0.875,100.875
8.600797255446323E-6,12100,-1.125,100.875
4.787844310018433E-6,12101,-1.375,100.875
-6.886995481540053E-6,12102,-1.625,100.875
3.930208363949403E-6,12103,-1.875,100.875
,12104,-2.125,100.875
,12105,-2.375,100.875
,12106,-2.625,100.875
,12107,-2.875,100.875
,12108,-3.125,100.875
,12109,-3.375,100.875
,12110,-3.625,100.875
,12111,-3.875,100.875
,12112,-4.125,100.875
,12113,-4.375,100.875
,12114,-4.625,100.875
,12115,-4.875,100.875
,12116,-5.125,100.875
,12117,-5.375,100.875
,12118,-5.625,100.875
,12119,-5.875,100.875
,12120,-6.125,100.875
,12121,-6.375,100.875
,12122,-6.625,100.875
,12123,-6.875,100.875
,12124,-7.125,100.875
,12125,-7.375,100.875
,12126,-7.625,100.875
,12127,-7.875,100.875
,12128,-8.125,100.875
,12129,-8.375,100.875
,12130,-8.625,100.875
,12131,-8.875,100.875
,12132,-9.125,100.875
,12133,-9.375,100.875
,12134,-9.625,100.875
,12135,-9.875,100.875
,12136,-10.125,100.875
,12137,-10.375,100.875
,12138,-10.625,100.875
,12139,-10.875,100.875
,12140,-11.125,100.875
5.690154214155479E-6,12141,-11.375,100.875
1.1514546259321736E-5,12142,-11.625,100.875
1.2081861980009976E-5,12143,-11.875,100.875
,12144,31.875,101.125
,12145,31.625,101.125
,12146,31.375,101.125
,12147,31.125,101.125
1.1465728313927906E-5,12148,30.875,101.125
5.930602694953755E-6,12149,30.625,101.125
,12150,30.375,101.125
,12151,30.125,101.125
8.676103299829673E-6,12152,29.875,101.125
9.073371633677898E-6,12153,29.625,101.125
7.5847149218297744E-6,12154,29.375,101.125
1.4647253803396764E-5,12155,29.125,101.125
1.449337182478496E-5,12156,28.875,101.125
1.1555805402596265E-5,12157,28.625,101.125
1.3858346815638249E-5,12158,28.375,101.125
,12159,28.125,101.125
,12160,27.875,101.125
6.295066683783665E-6,12161,27.625,101.125
1.7216630624532495E-5,12162,27.375,101.125
,12163,27.125,101.125
,12164,26.875,101.125
,12165,26.625,101.125
,12166,26.375,101.125
,12167,26.125,101.125
5.167511050520667E-5,12168,25.875,101.125
,12169,25.625,101.125
,12170,25.375,101.125
,12171,25.125,101.125
,12172,24.875,101.125
,12173,24.625,101.125
,12174,24.375,101.125
,12175,24.125,101.125
,12176,23.875,101.125
,12177,23.625,101.125
,12178,23.375,101.125
,12179,23.125,101.125
,12180,22.875,101.125
,12181,22.625,101.125
,12182,22.375,101.125
,12183,22.125,101.125
,12184,21.875,101.125
,12185,21.625,101.125
,12186,21.375,101.125
,12187,21.125,101.125
,12188,20.875,101.125
,12189,20.625,101.125
,12190,20.375,101.125
,12191,20.125,101.125
,12192,19.875,101.125
,12193,19.625,101.125
,12194,19.375,101.125
,12195,19.125,101.125
,12196,18.875,101.125
,12197,18.625,101.125
,12198,18.375,101.125
,12199,18.125,101.125
,12200,17.875,101.125
,12201,17.625,101.125
,12202,17.375,101.125
,12203,17.125,101.125
,12204,16.875,101.125
,12205,16.625,101.125
2.744189938310963E-5,12206,16.375,101.125
2.9845237806841195E-5,12207,16.125,101.125
3.361686978180708E-5,12208,15.875,101.125
4.0205592113440675E-5,12209,15.625,101.125
,12210,15.375,101.125
,12211,15.125,101.125
,12212,14.875,101.125
,12213,14.625,101.125
,12214,14.375,101.125
,12215,14.125,101.125
,12216,13.875,101.125
,12217,13.625,101.125
,12218,13.375,101.125
,12219,13.125,101.125
,12220,12.875,101.125
,12221,12.625,101.125
,12222,12.375,101.125
,12223,12.125,101.125
,12224,11.875,101.125
,12225,11.625,101.125
,12226,11.375,101.125
,12227,11.125,101.125
,12228,10.875,101.125
,12229,10.625,101.125
,12230,10.375,101.125
,12231,10.125,101.125
,12232,9.875,101.125
,12233,9.625,101.125
,12234,9.375,101.125
,12235,9.125,101.125
,12236,8.875,101.125
,12237,8.625,101.125
,12238,8.375,101.125
,12239,8.125,101.125
,12240,7.875,101.125
5.5412448145764344E-6,12241,7.625,101.125
1.7323072287760643E-5,12242,7.375,101.125
1.2767804043620114E-5,12243,7.125,101.125
,12244,6.875,101.125
2.5769837261929136E-6,12245,6.625,101.125
,12246,6.375,101.125
6.698918532832023E-6,12247,6.125,101.125
9.319155573608065E-6,12248,5.875,101.125
1.3591077128434742E-5,12249,5.625,101.125
1.504494874234815E-5,12250,5.375,101.125
1.4073267118104202E-5,12251,5.125,101.125
1.6870716585988392E-5,12252,4.875,101.125
,12253,4.625,101.125
,12254,4.375,101.125
2.3458270416108517E-5,12255,4.125,101.125
3.015163936276734E-5,12256,3.875,101.125
,12257,3.625,101.125
,12258,3.375,101.125
,12259,3.125,101.125
3.5011014629790625E-5,12260,2.875,101.125
4.313301981799139E-5,12261,2.625,101.125
,12262,2.375,101.125
,12263,2.125,101.125
,12264,1.875,101.125
2.313496045910102E-5,12265,1.625,101.125
1.9103191108372488E-5,12266,1.375,101.125
,12267,1.125,101.125
,12268,0.875,101.125
4.984664845513878E-6,12269,0.625,101.125
1.0407154432606435E-5,12270,0.375,101.125
1.145627683772324E-5,12271,0.125,101.125
1.2688757622715079E-5,12272,-0.125,101.125
2.6275284292930695E-6,12273,-0.375,101.125
9.120243273886581E-6,12274,-0.625,101.125
5.450481993096195E-6,12275,-0.875,101.125
4.491374064630976E-8,12276,-1.125,101.125
5.764827682108128E-6,12277,-1.375,101.125
1.1924296908685295E-6,12278,-1.625,101.125
6.164038210347015E-6,12279,-1.875,101.125
6.078209273673723E-6,12280,-2.125,101.125
2.18831389485514E-6,12281,-2.375,101.125
,12282,-2.625,101.125
,12283,-2.875,101.125
,12284,-3.125,101.125
,12285,-3.375,101.125
,12286,-3.625,101.125
,12287,-3.875,101.125
,12288,-4.125,101.125
,12289,-4.375,101.125
,12290,-4.625,101.125
,12291,-4.875,101.125
,12292,-5.125,101.125
,12293,-5.375,101.125
,12294,-5.625,101.125
,12295,-5.875,101.125
,12296,-6.125,101.125
,12297,-6.375,101.125
,12298,-6.625,101.125
,12299,-6.875,101.125
,12300,-7.125,101.125
,12301,-7.375,101.125
,12302,-7.625,101.125
,12303,-7.875,101.125
,12304,-8.125,101.125
,12305,-8.375,101.125
,12306,-8.625,101.125
,12307,-8.875,101.125
,12308,-9.125,101.125
,12309,-9.375,101.125
,12310,-9.625,101.125
,12311,-9.875,101.125
,12312,-10.125,101.125
,12313,-10.375,101.125
,12314,-10.625,101.125
,12315,-10.875,101.125
,12316,-11.125,101.125
3.831183204030808E-6,12317,-11.375,101.125
8.706448795474534E-6,12318,-11.625,101.125
9.237968541352183E-6,12319,-11.875,101.125
,12320,31.875,101.375
,12321,31.625,101.375
,12322,31.375,101.375
,12323,31.125,101.375
5.595191712551259E-6,12324,30.875,101.375
,12325,30.625,101.375
,12326,30.375,101.375
8.60146423803012E-6,12327,30.125,101.375
1.1145471184812573E-5,12328,29.875,101.375
1.2875097609815316E-5,12329,29.625,101.375
1.6684807192184192E-5,12330,29.375,101.375
1.2651892743066861E-5,12331,29.125,101.375
1.6235244502199174E-5,12332,28.875,101.375
1.5227909433896934E-5,12333,28.625,101.375
1.4315306371128256E-5,12334,28.375,101.375
2.6797468232735358E-5,12335,28.125,101.375
,12336,27.875,101.375
,12337,27.625,101.375
,12338,27.375,101.375
,12339,27.125,101.375
,12340,26.875,101.375
,12341,26.625,101.375
,12342,26.375,101.375
3.308417233164794E-5,12343,26.125,101.375
5.173368880219224E-5,12344,25.875,101.375
,12345,25.625,101.375
,12346,25.375,101.375
,12347,25.125,101.375
,12348,24.875,101.375
,12349,24.625,101.375
,12350,24.375,101.375
,12351,24.125,101.375
,12352,23.875,101.375
,12353,23.625,101.375
,12354,23.375,101.375
,12355,23.125,101.375
,12356,22.875,101.375
,12357,22.625,101.375
,12358,22.375,101.375
,12359,22.125,101.375
,12360,21.875,101.375
,12361,21.625,101.375
,12362,21.375,101.375
,12363,21.125,101.375
,12364,20.875,101.375
,12365,20.625,101.375
,12366,20.375,101.375
,12367,20.125,101.375
,12368,19.875,101.375
,12369,19.625,101.375
,12370,19.375,101.375
,12371,19.125,101.375
,12372,18.875,101.375
,12373,18.625,101.375
,12374,18.375,101.375
,12375,18.125,101.375
,12376,17.875,101.375
,12377,17.625,101.375
,12378,17.375,101.375
,12379,17.125,101.375
,12380,16.875,101.375
,12381,16.625,101.375
,12382,16.375,101.375
2.5604546482024774E-5,12383,16.125,101.375
3.1696918880533684E-5,12384,15.875,101.375
,12385,15.625,101.375
,12386,15.375,101.375
,12387,15.125,101.375
,12388,14.875,101.375
,12389,14.625,101.375
,12390,14.375,101.375
,12391,14.125,101.375
,12392,13.875,101.375
,12393,13.625,101.375
,12394,13.375,101.375
,12395,13.125,101.375
,12396,12.875,101.375
,12397,12.625,101.375
,12398,12.375,101.375
,12399,12.125,101.375
,12400,11.875,101.375
,12401,11.625,101.375
,12402,11.375,101.375
,12403,11.125,101.375
,12404,10.875,101.375
,12405,10.625,101.375
,12406,10.375,101.375
,12407,10.125,101.375
,12408,9.875,101.375
1.832693964966553E-5,12409,9.625,101.375
1.9910368775307696E-5,12410,9.375,101.375
,12411,9.125,101.375
,12412,8.875,101.375
,12413,8.625,101.375
,12414,8.375,101.375
2.415135064151969E-5,12415,8.125,101.375
,12416,7.875,101.375
,12417,7.625,101.375
1.4950742811395522E-5,12418,7.375,101.375
1.3902454240835875E-5,12419,7.125,101.375
9.73302910682283E-6,12420,6.875,101.375
1.1599282361561458E-5,12421,6.625,101.375
1.0221551479163684E-5,12422,6.375,101.375
,12423,6.125,101.375
,12424,5.875,101.375
1.2539662250963539E-5,12425,5.625,101.375
1.3130878523008213E-5,12426,5.375,101.375
,12427,5.125,101.375
,12428,4.875,101.375
,12429,4.625,101.375
,12430,4.375,101.375
,12431,4.125,101.375
2.1838004886877046E-5,12432,3.875,101.375
2.3461948371739902E-5,12433,3.625,101.375
2.6549455967673503E-5,12434,3.375,101.375
3.7642936952447746E-5,12435,3.125,101.375
4.249478741389718E-5,12436,2.875,101.375
4.396450345326893E-5,12437,2.625,101.375
,12438,2.375,101.375
,12439,2.125,101.375
,12440,1.875,101.375
,12441,1.625,101.375
2.3158887226802098E-5,12442,1.375,101.375
6.135582008427477E-6,12443,1.125,101.375
,12444,0.875,101.375
9.374484982598103E-6,12445,0.625,101.375
8.064853580584833E-6,12446,0.375,101.375
1.0439085870355837E-5,12447,0.125,101.375
1.1061172126546631E-5,12448,-0.125,101.375
1.0473213383403364E-5,12449,-0.375,101.375
7.0561811336311526E-6,12450,-0.625,101.375
7.525882093990044E-6,12451,-0.875,101.375
6.881109000395931E-6,12452,-1.125,101.375
6.741971583822157E-6,12453,-1.375,101.375
-9.123023148860496E-7,12454,-1.625,101.375
,12455,-1.875,101.375
7.725830069697927E-6,12456,-2.125,101.375
9.357528868243917E-6,12457,-2.375,101.375
,12458,-2.625,101.375
,12459,-2.875,101.375
,12460,-3.125,101.375
,12461,-3.375,101.375
,12462,-3.625,101.375
,12463,-3.875,101.375
,12464,-4.125,101.375
,12465,-4.375,101.375
,12466,-4.625,101.375
,12467,-4.875,101.375
,12468,-5.125,101.375
,12469,-5.375,101.375
,12470,-5.625,101.375
,12471,-5.875,101.375
,12472,-6.125,101.375
,12473,-6.375,101.375
,12474,-6.625,101.375
,12475,-6.875,101.375
,12476,-7.125,101.375
,12477,-7.375,101.375
,12478,-7.625,101.375
,12479,-7.875,101.375
,12480,-8.125,101.375
-5.147873537916905E-7,12481,-8.375,101.375
,12482,-8.625,101.375
,12483,-8.875,101.375
,12484,-9.125,101.375
,12485,-9.375,101.375
,12486,-9.625,101.375
,12487,-9.875,101.375
,12488,-10.125,101.375
,12489,-10.375,101.375
,12490,-10.625,101.375
,12491,-10.875,101.375
,12492,-11.125,101.375
,12493,-11.375,101.375
1.2026549840944042E-5,12494,-11.625,101.375
1.6535215527879272E-5,12495,-11.875,101.375
,12496,31.875,101.625
1.698211426927019E-5,12497,31.625,101.625
,12498,31.375,101.625
,12499,31.125,101.625
,12500,30.875,101.625
,12501,30.625,101.625
,12502,30.375,101.625
1.6380032710990067E-5,12503,30.125,101.625
1.5067824639561025E-5,12504,29.875,101.625
2.2672567816334593E-5,12505,29.625,101.625
,12506,29.375,101.625
1.6663672709504864E-5,12507,29.125,101.625
1.4907359578406668E-5,12508,28.875,101.625
1.4416672629114115E-5,12509,28.625,101.625
1.1709033421832695E-5,12510,28.375,101.625
1.3352169118798313E-5,12511,28.125,101.625
,12512,27.875,101.625
,12513,27.625,101.625
,12514,27.375,101.625
,12515,27.125,101.625
,12516,26.875,101.625
,12517,26.625,101.625
,12518,26.375,101.625
3.366864259984144E-5,12519,26.125,101.625
,12520,25.875,101.625
,12521,25.625,101.625
,12522,25.375,101.625
,12523,25.125,101.625
,12524,24.875,101.625
,12525,24.625,101.625
,12526,24.375,101.625
,12527,24.125,101.625
,12528,23.875,101.625
,12529,23.625,101.625
,12530,23.375,101.625
,12531,23.125,101.625
,12532,22.875,101.625
,12533,22.625,101.625
,12534,22.375,101.625
,12535,22.125,101.625
,12536,21.875,101.625
,12537,21.625,101.625
,12538,21.375,101.625
,12539,21.125,101.625
,12540,20.875,101.625
,12541,20.625,101.625
,12542,20.375,101.625
,12543,20.125,101.625
,12544,19.875,101.625
,12545,19.625,101.625
,12546,19.375,101.625
,12547,19.125,101.625
,12548,18.875,101.625
,12549,18.625,101.625
,12550,18.375,101.625
,12551,18.125,101.625
,12552,17.875,101.625
,12553,17.625,101.625
,12554,17.375,101.625
,12555,17.125,101.625
,12556,16.875,101.625
,12557,16.625,101.625
,12558,16.375,101.625
,12559,16.125,101.625
,12560,15.875,101.625
2.1254163190089758E-5,12561,15.625,101.625
,12562,15.375,101.625
,12563,15.125,101.625
,12564,14.875,101.625
,12565,14.625,101.625
,12566,14.375,101.625
,12567,14.125,101.625
,12568,13.875,101.625
,12569,13.625,101.625
,12570,13.375,101.625
,12571,13.125,101.625
,12572,12.875,101.625
,12573,12.625,101.625
,12574,12.375,101.625
,12575,12.125,101.625
,12576,11.875,101.625
,12577,11.625,101.625
,12578,11.375,101.625
,12579,11.125,101.625
,12580,10.875,101.625
,12581,10.625,101.625
,12582,10.375,101.625
,12583,10.125,101.625
1.4557549132815992E-5,12584,9.875,101.625
2.1665270544058276E-5,12585,9.625,101.625
,12586,9.375,101.625
1.2287673641493874E-5,12587,9.125,101.625
,12588,8.875,101.625
,12589,8.625,101.625
,12590,8.375,101.625
2.2110210814069347E-5,12591,8.125,101.625
,12592,7.875,101.625
,12593,7.625,101.625
1.1171314579956047E-5,12594,7.375,101.625
1.2003161677188098E-5,12595,7.125,101.625
1.1785044721919063E-5,12596,6.875,101.625
1.3649401360253392E-5,12597,6.625,101.625
4.522069889025278E-6,12598,6.375,101.625
1.2177276093935502E-5,12599,6.125,101.625
,12600,5.875,101.625
1.3028797150710233E-5,12601,5.625,101.625
1.4030507870187914E-5,12602,5.375,101.625
,12603,5.125,101.625
,12604,4.875,101.625
1.838165924026702E-5,12605,4.625,101.625
2.381412201408653E-5,12606,4.375,101.625
,12607,4.125,101.625
,12608,3.875,101.625
3.0056245501069657E-5,12609,3.625,101.625
3.087186444595139E-5,12610,3.375,101.625
3.7444287034312886E-5,12611,3.125,101.625
5.604073743174154E-5,12612,2.875,101.625
4.414061048927752E-5,12613,2.625,101.625
,12614,2.375,101.625
,12615,2.125,101.625
,12616,1.875,101.625
,12617,1.625,101.625
,12618,1.375,101.625
,12619,1.125,101.625
,12620,0.875,101.625
1.5447383846100104E-5,12621,0.625,101.625
1.538997949819935E-5,12622,0.375,101.625
1.0341505645887872E-5,12623,0.125,101.625
9.026595514955162E-6,12624,-0.125,101.625
1.0564819195414732E-5,12625,-0.375,101.625
8.333906953805634E-6,12626,-0.625,101.625
1.242912753131019E-5,12627,-0.875,101.625
7.808944988638178E-6,12628,-1.125,101.625
8.792406617500358E-6,12629,-1.375,101.625
7.0760525233452216E-6,12630,-1.625,101.625
3.3446742836293166E-6,12631,-1.875,101.625
2.5648978315095696E-6,12632,-2.125,101.625
6.315543336453788E-6,12633,-2.375,101.625
,12634,-2.625,101.625
,12635,-2.875,101.625
,12636,-3.125,101.625
,12637,-3.375,101.625
,12638,-3.625,101.625
,12639,-3.875,101.625
,12640,-4.125,101.625
,12641,-4.375,101.625
,12642,-4.625,101.625
,12643,-4.875,101.625
,12644,-5.125,101.625
,12645,-5.375,101.625
,12646,-5.625,101.625
,12647,-5.875,101.625
,12648,-6.125,101.625
,12649,-6.375,101.625
,12650,-6.625,101.625
,12651,-6.875,101.625
,12652,-7.125,101.625
,12653,-7.375,101.625
,12654,-7.625,101.625
,12655,-7.875,101.625
,12656,-8.125,101.625
9.449255090983043E-6,12657,-8.375,101.625
1.52587634157072E-5,12658,-8.625,101.625
,12659,-8.875,101.625
,12660,-9.125,101.625
,12661,-9.375,101.625
,12662,-9.625,101.625
,12663,-9.875,101.625
,12664,-10.125,101.625
,12665,-10.375,101.625
,12666,-10.625,101.625
,12667,-10.875,101.625
,12668,-11.125,101.625
,12669,-11.375,101.625
5.014440356958891E-6,12670,-11.625,101.625
1.9348574448439914E-6,12671,-11.875,101.625
,12672,31.875,101.875
,12673,31.625,101.875
,12674,31.375,101.875
,12675,31.125,101.875
,12676,30.875,101.875
,12677,30.625,101.875
,12678,30.375,101.875
2.0201301564661513E-5,12679,30.125,101.875
,12680,29.875,101.875
,12681,29.625,101.875
1.811093539445362E-5,12682,29.375,101.875
1.710093788824806E-5,12683,29.125,101.875
1.3499281678954674E-5,12684,28.875,101.875
1.5994643484286624E-5,12685,28.625,101.875
2.1222317477375536E-5,12686,28.375,101.875
1.2063654916306946E-5,12687,28.125,101.875
,12688,27.875,101.875
,12689,27.625,101.875
,12690,27.375,101.875
,12691,27.125,101.875
,12692,26.875,101.875
,12693,26.625,101.875
,12694,26.375,101.875
,12695,26.125,101.875
,12696,25.875,101.875
,12697,25.625,101.875
,12698,25.375,101.875
,12699,25.125,101.875
,12700,24.875,101.875
,12701,24.625,101.875
,12702,24.375,101.875
,12703,24.125,101.875
,12704,23.875,101.875
,12705,23.625,101.875
,12706,23.375,101.875
,12707,23.125,101.875
,12708,22.875,101.875
,12709,22.625,101.875
,12710,22.375,101.875
,12711,22.125,101.875
,12712,21.875,101.875
,12713,21.625,101.875
,12714,21.375,101.875
,12715,21.125,101.875
,12716,20.875,101.875
,12717,20.625,101.875
,12718,20.375,101.875
,12719,20.125,101.875
,12720,19.875,101.875
,12721,19.625,101.875
,12722,19.375,101.875
,12723,19.125,101.875
,12724,18.875,101.875
,12725,18.625,101.875
,12726,18.375,101.875
,12727,18.125,101.875
,12728,17.875,101.875
,12729,17.625,101.875
,12730,17.375,101.875
,12731,17.125,101.875
,12732,16.875,101.875
,12733,16.625,101.875
,12734,16.375,101.875
,12735,16.125,101.875
1.7158462385479756E-5,12736,15.875,101.875
,12737,15.625,101.875
,12738,15.375,101.875
,12739,15.125,101.875
,12740,14.875,101.875
,12741,14.625,101.875
,12742,14.375,101.875
,12743,14.125,101.875
,12744,13.875,101.875
,12745,13.625,101.875
,12746,13.375,101.875
,12747,13.125,101.875
,12748,12.875,101.875
,12749,12.625,101.875
,12750,12.375,101.875
,12751,12.125,101.875
,12752,11.875,101.875
,12753,11.625,101.875
,12754,11.375,101.875
,12755,11.125,101.875
,12756,10.875,101.875
1.3677649137780078E-5,12757,10.625,101.875
,12758,10.375,101.875
,12759,10.125,101.875
1.8658284183010745E-5,12760,9.875,101.875
2.0377015617740237E-5,12761,9.625,101.875
1.1311996969335762E-5,12762,9.375,101.875
,12763,9.125,101.875
1.6023756754443773E-5,12764,8.875,101.875
,12765,8.625,101.875
,12766,8.375,101.875
,12767,8.125,101.875
1.5258483767494148E-5,12768,7.875,101.875
,12769,7.625,101.875
6.92888354406464E-6,12770,7.375,101.875
9.676339054644153E-6,12771,7.125,101.875
1.389361624109668E-5,12772,6.875,101.875
1.1006792842270756E-5,12773,6.625,101.875
1.1812582150933518E-5,12774,6.375,101.875
,12775,6.125,101.875
,12776,5.875,101.875
,12777,5.625,101.875
,12778,5.375,101.875
1.0965897963452492E-5,12779,5.125,101.875
1.4252655091919257E-5,12780,4.875,101.875
1.4467002475660963E-5,12781,4.625,101.875
1.3200397566355017E-5,12782,4.375,101.875
5.087901484050166E-6,12783,4.125,101.875
1.4272279784356654E-5,12784,3.875,101.875
1.844729415795741E-5,12785,3.625,101.875
2.599174121468805E-5,12786,3.375,101.875
6.855933959302847E-5,12787,3.125,101.875
4.4865930775576423E-5,12788,2.875,101.875
4.179618142608032E-5,12789,2.625,101.875
6.040503954050016E-5,12790,2.375,101.875
4.056161216219473E-5,12791,2.125,101.875
,12792,1.875,101.875
,12793,1.625,101.875
,12794,1.375,101.875
,12795,1.125,101.875
,12796,0.875,101.875
,12797,0.625,101.875
1.8330907446372225E-5,12798,0.375,101.875
1.5020878904496721E-5,12799,0.125,101.875
1.1542396002823971E-5,12800,-0.125,101.875
1.2301320243393996E-5,12801,-0.375,101.875
,12802,-0.625,101.875
1.1854906195673957E-5,12803,-0.875,101.875
2.8856470681418742E-6,12804,-1.125,101.875
6.3025468050003385E-6,12805,-1.375,101.875
5.333924306532838E-6,12806,-1.625,101.875
5.7227754870969186E-6,12807,-1.875,101.875
3.003272822876243E-6,12808,-2.125,101.875
5.774028814516209E-6,12809,-2.375,101.875
3.813340300612074E-6,12810,-2.625,101.875
,12811,-2.875,101.875
,12812,-3.125,101.875
,12813,-3.375,101.875
,12814,-3.625,101.875
,12815,-3.875,101.875
,12816,-4.125,101.875
,12817,-4.375,101.875
,12818,-4.625,101.875
,12819,-4.875,101.875
,12820,-5.125,101.875
,12821,-5.375,101.875
,12822,-5.625,101.875
,12823,-5.875,101.875
,12824,-6.125,101.875
,12825,-6.375,101.875
,12826,-6.625,101.875
,12827,-6.875,101.875
,12828,-7.125,101.875
,12829,-7.375,101.875
,12830,-7.625,101.875
1.173127795881875E-5,12831,-7.875,101.875
,12832,-8.125,101.875
,12833,-8.375,101.875
1.4362290607031383E-5,12834,-8.625,101.875
1.23611061555104E-5,12835,-8.875,101.875
,12836,-9.125,101.875
,12837,-9.375,101.875
,12838,-9.625,101.875
,12839,-9.875,101.875
,12840,-10.125,101.875
,12841,-10.375,101.875
,12842,-10.625,101.875
,12843,-10.875,101.875
,12844,-11.125,101.875
,12845,-11.375,101.875
1.10723175883248E-5,12846,-11.625,101.875
1.4248992453747422E-5,12847,-11.875,101.875
,12848,31.875,102.125
,12849,31.625,102.125
2.17618450599096E-5,12850,31.375,102.125
2.9211356411460094E-5,12851,31.125,102.125
,12852,30.875,102.125
,12853,30.625,102.125
4.253080310488732E-5,12854,30.375,102.125
5.2462090628730215E-5,12855,30.125,102.125
,12856,29.875,102.125
,12857,29.625,102.125
,12858,29.375,102.125
1.8367152411139663E-5,12859,29.125,102.125
2.5126596755058244E-5,12860,28.875,102.125
2.850305422210659E-5,12861,28.625,102.125
2.8605532296658975E-5,12862,28.375,102.125
3.56598900905931E-5,12863,28.125,102.125
,12864,27.875,102.125
,12865,27.625,102.125
,12866,27.375,102.125
,12867,27.125,102.125
,12868,26.875,102.125
,12869,26.625,102.125
,12870,26.375,102.125
,12871,26.125,102.125
,12872,25.875,102.125
,12873,25.625,102.125
,12874,25.375,102.125
,12875,25.125,102.125
,12876,24.875,102.125
,12877,24.625,102.125
,12878,24.375,102.125
,12879,24.125,102.125
,12880,23.875,102.125
,12881,23.625,102.125
,12882,23.375,102.125
,12883,23.125,102.125
,12884,22.875,102.125
,12885,22.625,102.125
,12886,22.375,102.125
,12887,22.125,102.125
,12888,21.875,102.125
,12889,21.625,102.125
,12890,21.375,102.125
,12891,21.125,102.125
,12892,20.875,102.125
,12893,20.625,102.125
,12894,20.375,102.125
,12895,20.125,102.125
,12896,19.875,102.125
,12897,19.625,102.125
,12898,19.375,102.125
,12899,19.125,102.125
,12900,18.875,102.125
,12901,18.625,102.125
,12902,18.375,102.125
,12903,18.125,102.125
,12904,17.875,102.125
,12905,17.625,102.125
,12906,17.375,102.125
,12907,17.125,102.125
,12908,16.875,102.125
,12909,16.625,102.125
,12910,16.375,102.125
2.8616637499315454E-5,12911,16.125,102.125
2.4665195286098607E-5,12912,15.875,102.125
,12913,15.625,102.125
,12914,15.375,102.125
,12915,15.125,102.125
,12916,14.875,102.125
,12917,14.625,102.125
,12918,14.375,102.125
,12919,14.125,102.125
,12920,13.875,102.125
,12921,13.625,102.125
,12922,13.375,102.125
,12923,13.125,102.125
,12924,12.875,102.125
,12925,12.625,102.125
,12926,12.375,102.125
2.7945118534246865E-5,12927,12.125,102.125
1.7605885374803032E-5,12928,11.875,102.125
3.137349796059471E-5,12929,11.625,102.125
,12930,11.375,102.125
,12931,11.125,102.125
,12932,10.875,102.125
1.6659896553940308E-5,12933,10.625,102.125
1.742771565428595E-5,12934,10.375,102.125
1.7015226720270683E-5,12935,10.125,102.125
1.7474321037301255E-5,12936,9.875,102.125
,12937,9.625,102.125
1.1692693067713321E-5,12938,9.375,102.125
,12939,9.125,102.125
,12940,8.875,102.125
,12941,8.625,102.125
,12942,8.375,102.125
1.515715744750752E-5,12943,8.125,102.125
1.562750472867389E-5,12944,7.875,102.125
1.152098530724623E-5,12945,7.625,102.125
,12946,7.375,102.125
1.581381200612838E-5,12947,7.125,102.125
1.6935266198444855E-5,12948,6.875,102.125
9.897887512281545E-6,12949,6.625,102.125
1.9003649053764653E-5,12950,6.375,102.125
,12951,6.125,102.125
,12952,5.875,102.125
,12953,5.625,102.125
8.228935579491605E-6,12954,5.375,102.125
7.851432646647056E-6,12955,5.125,102.125
1.6294330577798144E-5,12956,4.875,102.125
1.1279704622815997E-5,12957,4.625,102.125
1.1221849870266037E-5,12958,4.375,102.125
1.4449079690233313E-5,12959,4.125,102.125
1.842390353852306E-5,12960,3.875,102.125
1.887732403012501E-5,12961,3.625,102.125
,12962,3.375,102.125
,12963,3.125,102.125
3.87870486172385E-5,12964,2.875,102.125
2.5829533868494195E-5,12965,2.625,102.125
6.155916298700175E-5,12966,2.375,102.125
5.899997770323755E-5,12967,2.125,102.125
5.212178784903656E-5,12968,1.875,102.125
,12969,1.625,102.125
,12970,1.375,102.125
,12971,1.125,102.125
,12972,0.875,102.125
,12973,0.625,102.125
,12974,0.375,102.125
1.2587434598377138E-5,12975,0.125,102.125
1.024071356283883E-5,12976,-0.125,102.125
9.452558220987974E-6,12977,-0.375,102.125
6.2387056776314235E-6,12978,-0.625,102.125
7.250021854714022E-6,12979,-0.875,102.125
4.338791583452507E-6,12980,-1.125,102.125
8.202214324938104E-6,12981,-1.375,102.125
8.369064908536759E-6,12982,-1.625,102.125
7.223035007783414E-6,12983,-1.875,102.125
3.821597617472661E-6,12984,-2.125,102.125
2.0131800975934573E-6,12985,-2.375,102.125
9.164309813014699E-7,12986,-2.625,102.125
4.517584823534415E-6,12987,-2.875,102.125
,12988,-3.125,102.125
,12989,-3.375,102.125
,12990,-3.625,102.125
,12991,-3.875,102.125
,12992,-4.125,102.125
,12993,-4.375,102.125
,12994,-4.625,102.125
,12995,-4.875,102.125
,12996,-5.125,102.125
,12997,-5.375,102.125
,12998,-5.625,102.125
,12999,-5.875,102.125
,13000,-6.125,102.125
,13001,-6.375,102.125
,13002,-6.625,102.125
,13003,-6.875,102.125
,13004,-7.125,102.125
,13005,-7.375,102.125
,13006,-7.625,102.125
,13007,-7.875,102.125
,13008,-8.125,102.125
,13009,-8.375,102.125
,13010,-8.625,102.125
9.906718458545476E-6,13011,-8.875,102.125
,13012,-9.125,102.125
,13013,-9.375,102.125
,13014,-9.625,102.125
6.6506798678074295E-6,13015,-9.875,102.125
,13016,-10.125,102.125
,13017,-10.375,102.125
,13018,-10.625,102.125
,13019,-10.875,102.125
,13020,-11.125,102.125
,13021,-11.375,102.125
1.1465836497478321E-5,13022,-11.625,102.125
1.7120643068416912E-5,13023,-11.875,102.125
,13024,31.875,102.375
1.2701823834983079E-5,13025,31.625,102.375
1.920411144061928E-5,13026,31.375,102.375
2.921135663107348E-5,13027,31.125,102.375
2.3689763733182385E-5,13028,30.875,102.375
2.0460195005773513E-5,13029,30.625,102.375
2.7663652589581592E-5,13030,30.375,102.375
2.7675763674473687E-5,13031,30.125,102.375
,13032,29.875,102.375
,13033,29.625,102.375
,13034,29.375,102.375
2.794436829392443E-5,13035,29.125,102.375
3.0002461130248567E-5,13036,28.875,102.375
2.7397883034917477E-5,13037,28.625,102.375
2.4074264765906106E-5,13038,28.375,102.375
3.469775989496475E-5,13039,28.125,102.375
,13040,27.875,102.375
,13041,27.625,102.375
,13042,27.375,102.375
,13043,27.125,102.375
,13044,26.875,102.375
,13045,26.625,102.375
,13046,26.375,102.375
,13047,26.125,102.375
,13048,25.875,102.375
,13049,25.625,102.375
,13050,25.375,102.375
,13051,25.125,102.375
,13052,24.875,102.375
,13053,24.625,102.375
,13054,24.375,102.375
,13055,24.125,102.375
,13056,23.875,102.375
,13057,23.625,102.375
,13058,23.375,102.375
,13059,23.125,102.375
,13060,22.875,102.375
,13061,22.625,102.375
,13062,22.375,102.375
,13063,22.125,102.375
,13064,21.875,102.375
,13065,21.625,102.375
,13066,21.375,102.375
,13067,21.125,102.375
,13068,20.875,102.375
,13069,20.625,102.375
,13070,20.375,102.375
,13071,20.125,102.375
,13072,19.875,102.375
,13073,19.625,102.375
,13074,19.375,102.375
,13075,19.125,102.375
,13076,18.875,102.375
,13077,18.625,102.375
,13078,18.375,102.375
,13079,18.125,102.375
,13080,17.875,102.375
,13081,17.625,102.375
,13082,17.375,102.375
,13083,17.125,102.375
,13084,16.875,102.375
,13085,16.625,102.375
,13086,16.375,102.375
2.8683995946562254E-5,13087,16.125,102.375
3.0112904872390825E-5,13088,15.875,102.375
2.5487558974644222E-5,13089,15.625,102.375
,13090,15.375,102.375
,13091,15.125,102.375
,13092,14.875,102.375
,13093,14.625,102.375
,13094,14.375,102.375
,13095,14.125,102.375
2.3619006638251674E-5,13096,13.875,102.375
3.09742840991327E-5,13097,13.625,102.375
2.485837505251872E-5,13098,13.375,102.375
2.2623935772822962E-5,13099,13.125,102.375
2.4606318483143603E-5,13100,12.875,102.375
,13101,12.625,102.375
2.0525716512623146E-5,13102,12.375,102.375
1.8794999308325644E-5,13103,12.125,102.375
1.9182465147742572E-5,13104,11.875,102.375
1.49244869820321E-5,13105,11.625,102.375
,13106,11.375,102.375
,13107,11.125,102.375
,13108,10.875,102.375
,13109,10.625,102.375
,13110,10.375,102.375
,13111,10.125,102.375
,13112,9.875,102.375
,13113,9.625,102.375
,13114,9.375,102.375
,13115,9.125,102.375
,13116,8.875,102.375
1.7372857196920347E-5,13117,8.625,102.375
1.2363937423189434E-5,13118,8.375,102.375
1.6388478000332373E-5,13119,8.125,102.375
1.4595524895607322E-5,13120,7.875,102.375
1.2423025290433516E-5,13121,7.625,102.375
9.745808673328315E-6,13122,7.375,102.375
1.8297413404551654E-5,13123,7.125,102.375
1.7239766237995954E-5,13124,6.875,102.375
1.5125399504695677E-5,13125,6.625,102.375
1.618084562771788E-5,13126,6.375,102.375
1.4271123005972733E-5,13127,6.125,102.375
,13128,5.875,102.375
,13129,5.625,102.375
1.2616332168615033E-5,13130,5.375,102.375
1.1093129413001684E-5,13131,5.125,102.375
1.3081098201600808E-5,13132,4.875,102.375
,13133,4.625,102.375
1.6687408051093177E-5,13134,4.375,102.375
1.5302649348394523E-5,13135,4.125,102.375
1.0273414950038061E-5,13136,3.875,102.375
1.3107554364887288E-5,13137,3.625,102.375
9.902361877471407E-6,13138,3.375,102.375
1.3871206680647723E-5,13139,3.125,102.375
1.6599705592177745E-5,13140,2.875,102.375
2.36899170068333E-5,13141,2.625,102.375
2.7559967140186084E-5,13142,2.375,102.375
3.568778006735204E-5,13143,2.125,102.375
4.2501343374272706E-5,13144,1.875,102.375
3.7681132991796124E-5,13145,1.625,102.375
1.6104045462292436E-5,13146,1.375,102.375
1.4855902079241504E-5,13147,1.125,102.375
1.5368406218147582E-5,13148,0.875,102.375
1.2877449660077811E-5,13149,0.625,102.375
1.1808906864467079E-5,13150,0.375,102.375
1.3666310307209638E-5,13151,0.125,102.375
8.36011331408371E-6,13152,-0.125,102.375
,13153,-0.375,102.375
3.5285785368477043E-6,13154,-0.625,102.375
7.5516706244688406E-6,13155,-0.875,102.375
5.986560090205721E-6,13156,-1.125,102.375
9.889024117015484E-6,13157,-1.375,102.375
6.209652729022766E-6,13158,-1.625,102.375
4.952695549882595E-6,13159,-1.875,102.375
4.810243435885577E-6,13160,-2.125,102.375
4.496786875426915E-6,13161,-2.375,102.375
6.864862541654481E-7,13162,-2.625,102.375
-1.3005438283117135E-7,13163,-2.875,102.375
,13164,-3.125,102.375
,13165,-3.375,102.375
,13166,-3.625,102.375
,13167,-3.875,102.375
,13168,-4.125,102.375
,13169,-4.375,102.375
,13170,-4.625,102.375
,13171,-4.875,102.375
,13172,-5.125,102.375
,13173,-5.375,102.375
,13174,-5.625,102.375
,13175,-5.875,102.375
,13176,-6.125,102.375
,13177,-6.375,102.375
,13178,-6.625,102.375
,13179,-6.875,102.375
,13180,-7.125,102.375
,13181,-7.375,102.375
,13182,-7.625,102.375
,13183,-7.875,102.375
,13184,-8.125,102.375
,13185,-8.375,102.375
,13186,-8.625,102.375
,13187,-8.875,102.375
,13188,-9.125,102.375
,13189,-9.375,102.375
,13190,-9.625,102.375
,13191,-9.875,102.375
,13192,-10.125,102.375
,13193,-10.375,102.375
2.799544031853591E-6,13194,-10.625,102.375
,13195,-10.875,102.375
,13196,-11.125,102.375
8.775346245680073E-6,13197,-11.375,102.375
1.56340649768439E-5,13198,-11.625,102.375
8.619240883392241E-6,13199,-11.875,102.375
,13200,31.875,102.625
,13201,31.625,102.625
2.3301131123522087E-5,13202,31.375,102.625
2.706441206904649E-5,13203,31.125,102.625
3.0300439273945463E-5,13204,30.875,102.625
1.750114517092767E-5,13205,30.625,102.625
,13206,30.375,102.625
,13207,30.125,102.625
,13208,29.875,102.625
,13209,29.625,102.625
,13210,29.375,102.625
3.0828854841693536E-5,13211,29.125,102.625
3.9097066427317845E-5,13212,28.875,102.625
2.906345223212079E-5,13213,28.625,102.625
2.5085696910018624E-5,13214,28.375,102.625
2.4831327617953454E-5,13215,28.125,102.625
,13216,27.875,102.625
,13217,27.625,102.625
,13218,27.375,102.625
,13219,27.125,102.625
,13220,26.875,102.625
,13221,26.625,102.625
,13222,26.375,102.625
,13223,26.125,102.625
,13224,25.875,102.625
,13225,25.625,102.625
,13226,25.375,102.625
,13227,25.125,102.625
,13228,24.875,102.625
,13229,24.625,102.625
,13230,24.375,102.625
,13231,24.125,102.625
,13232,23.875,102.625
,13233,23.625,102.625
,13234,23.375,102.625
,13235,23.125,102.625
,13236,22.875,102.625
,13237,22.625,102.625
,13238,22.375,102.625
,13239,22.125,102.625
,13240,21.875,102.625
,13241,21.625,102.625
,13242,21.375,102.625
,13243,21.125,102.625
,13244,20.875,102.625
,13245,20.625,102.625
,13246,20.375,102.625
,13247,20.125,102.625
,13248,19.875,102.625
,13249,19.625,102.625
,13250,19.375,102.625
,13251,19.125,102.625
,13252,18.875,102.625
,13253,18.625,102.625
,13254,18.375,102.625
,13255,18.125,102.625
,13256,17.875,102.625
,13257,17.625,102.625
,13258,17.375,102.625
,13259,17.125,102.625
,13260,16.875,102.625
,13261,16.625,102.625
,13262,16.375,102.625
,13263,16.125,102.625
2.72751639888132E-5,13264,15.875,102.625
,13265,15.625,102.625
,13266,15.375,102.625
,13267,15.125,102.625
,13268,14.875,102.625
2.6371549209324354E-7,13269,14.625,102.625
,13270,14.375,102.625
,13271,14.125,102.625
,13272,13.875,102.625
2.709215063747511E-5,13273,13.625,102.625
2.8014874793862935E-5,13274,13.375,102.625
,13275,13.125,102.625
,13276,12.875,102.625
2.1533134800215266E-5,13277,12.625,102.625
1.7630010915375624E-5,13278,12.375,102.625
1.9492429759319226E-5,13279,12.125,102.625
,13280,11.875,102.625
,13281,11.625,102.625
,13282,11.375,102.625
,13283,11.125,102.625
,13284,10.875,102.625
,13285,10.625,102.625
,13286,10.375,102.625
,13287,10.125,102.625
,13288,9.875,102.625
,13289,9.625,102.625
,13290,9.375,102.625
5.541813380583617E-6,13291,9.125,102.625
2.26344588956759E-5,13292,8.875,102.625
5.076276094292925E-6,13293,8.625,102.625
8.835676220097239E-6,13294,8.375,102.625
1.4192326907483358E-5,13295,8.125,102.625
,13296,7.875,102.625
,13297,7.625,102.625
,13298,7.375,102.625
,13299,7.125,102.625
1.0185934043249228E-5,13300,6.875,102.625
2.2274149957535586E-5,13301,6.625,102.625
6.561274899846564E-6,13302,6.375,102.625
1.5586778031839573E-5,13303,6.125,102.625
1.745518542751026E-5,13304,5.875,102.625
,13305,5.625,102.625
,13306,5.375,102.625
1.4211848160258416E-5,13307,5.125,102.625
,13308,4.875,102.625
,13309,4.625,102.625
,13310,4.375,102.625
1.5370210310988114E-5,13311,4.125,102.625
1.1334874406604954E-5,13312,3.875,102.625
1.4788363021759927E-5,13313,3.625,102.625
1.5764488093913275E-5,13314,3.375,102.625
1.686051791884512E-5,13315,3.125,102.625
2.0302456338675296E-5,13316,2.875,102.625
,13317,2.625,102.625
1.8270644479571564E-5,13318,2.375,102.625
2.669804946269932E-5,13319,2.125,102.625
4.271393670729982E-5,13320,1.875,102.625
3.587560683066515E-5,13321,1.625,102.625
4.229477648427349E-5,13322,1.375,102.625
1.898812259579877E-5,13323,1.125,102.625
2.0337463221813838E-5,13324,0.875,102.625
1.449009198164467E-5,13325,0.625,102.625
1.3149883510881462E-5,13326,0.375,102.625
1.2866508246295368E-5,13327,0.125,102.625
1.2000179518497934E-5,13328,-0.125,102.625
8.473834389847857E-6,13329,-0.375,102.625
6.7039683970924555E-6,13330,-0.625,102.625
8.511340499895043E-6,13331,-0.875,102.625
5.576074317946382E-6,13332,-1.125,102.625
5.9673290141254405E-6,13333,-1.375,102.625
4.165939022834312E-6,13334,-1.625,102.625
1.4148017368777668E-6,13335,-1.875,102.625
2.5588548420736686E-6,13336,-2.125,102.625
8.798341091606344E-6,13337,-2.375,102.625
8.740252213372003E-6,13338,-2.625,102.625
,13339,-2.875,102.625
,13340,-3.125,102.625
,13341,-3.375,102.625
,13342,-3.625,102.625
,13343,-3.875,102.625
,13344,-4.125,102.625
,13345,-4.375,102.625
,13346,-4.625,102.625
,13347,-4.875,102.625
,13348,-5.125,102.625
,13349,-5.375,102.625
,13350,-5.625,102.625
,13351,-5.875,102.625
,13352,-6.125,102.625
,13353,-6.375,102.625
,13354,-6.625,102.625
,13355,-6.875,102.625
,13356,-7.125,102.625
,13357,-7.375,102.625
,13358,-7.625,102.625
,13359,-7.875,102.625
,13360,-8.125,102.625
,13361,-8.375,102.625
,13362,-8.625,102.625
,13363,-8.875,102.625
,13364,-9.125,102.625
,13365,-9.375,102.625
,13366,-9.625,102.625
,13367,-9.875,102.625
,13368,-10.125,102.625
,13369,-10.375,102.625
8.029045809663118E-6,13370,-10.625,102.625
9.103567889639813E-6,13371,-10.875,102.625
,13372,-11.125,102.625
5.010879905447463E-6,13373,-11.375,102.625
1.1811681223846109E-5,13374,-11.625,102.625
7.307688359112355E-6,13375,-11.875,102.625
1.4505625106660437E-5,13376,31.875,102.875
3.107282805296891E-5,13377,31.625,102.875
2.70008984918737E-5,13378,31.375,102.875
2.6480854670009973E-5,13379,31.125,102.875
2.657875239864482E-5,13380,30.875,102.875
,13381,30.625,102.875
,13382,30.375,102.875
,13383,30.125,102.875
,13384,29.875,102.875
,13385,29.625,102.875
,13386,29.375,102.875
4.4290567430561594E-5,13387,29.125,102.875
4.5192570576512955E-5,13388,28.875,102.875
3.522613530516968E-5,13389,28.625,102.875
3.225809662029725E-5,13390,28.375,102.875
4.437952747066869E-5,13391,28.125,102.875
,13392,27.875,102.875
,13393,27.625,102.875
,13394,27.375,102.875
,13395,27.125,102.875
,13396,26.875,102.875
,13397,26.625,102.875
,13398,26.375,102.875
,13399,26.125,102.875
,13400,25.875,102.875
,13401,25.625,102.875
,13402,25.375,102.875
,13403,25.125,102.875
,13404,24.875,102.875
,13405,24.625,102.875
,13406,24.375,102.875
,13407,24.125,102.875
,13408,23.875,102.875
,13409,23.625,102.875
,13410,23.375,102.875
,13411,23.125,102.875
,13412,22.875,102.875
,13413,22.625,102.875
,13414,22.375,102.875
,13415,22.125,102.875
,13416,21.875,102.875
,13417,21.625,102.875
,13418,21.375,102.875
,13419,21.125,102.875
,13420,20.875,102.875
,13421,20.625,102.875
,13422,20.375,102.875
,13423,20.125,102.875
,13424,19.875,102.875
,13425,19.625,102.875
,13426,19.375,102.875
,13427,19.125,102.875
,13428,18.875,102.875
,13429,18.625,102.875
,13430,18.375,102.875
,13431,18.125,102.875
,13432,17.875,102.875
,13433,17.625,102.875
,13434,17.375,102.875
,13435,17.125,102.875
,13436,16.875,102.875
,13437,16.625,102.875
,13438,16.375,102.875
,13439,16.125,102.875
,13440,15.875,102.875
,13441,15.625,102.875
,13442,15.375,102.875
,13443,15.125,102.875
,13444,14.875,102.875
,13445,14.625,102.875
,13446,14.375,102.875
,13447,14.125,102.875
,13448,13.875,102.875
,13449,13.625,102.875
2.4537198837953107E-5,13450,13.375,102.875
,13451,13.125,102.875
2.0660699553560128E-5,13452,12.875,102.875
2.7584439341099473E-5,13453,12.625,102.875
2.7687937169280467E-5,13454,12.375,102.875
,13455,12.125,102.875
,13456,11.875,102.875
,13457,11.625,102.875
,13458,11.375,102.875
,13459,11.125,102.875
,13460,10.875,102.875
,13461,10.625,102.875
,13462,10.375,102.875
,13463,10.125,102.875
,13464,9.875,102.875
,13465,9.625,102.875
,13466,9.375,102.875
,13467,9.125,102.875
1.8614097905593113E-5,13468,8.875,102.875
7.422939653620713E-6,13469,8.625,102.875
1.2912012589496189E-5,13470,8.375,102.875
9.617624529122846E-6,13471,8.125,102.875
1.1825794705371735E-5,13472,7.875,102.875
,13473,7.625,102.875
,13474,7.375,102.875
,13475,7.125,102.875
6.948381894842172E-6,13476,6.875,102.875
7.859944298218394E-6,13477,6.625,102.875
8.330015756542745E-6,13478,6.375,102.875
,13479,6.125,102.875
,13480,5.875,102.875
,13481,5.625,102.875
,13482,5.375,102.875
,13483,5.125,102.875
,13484,4.875,102.875
,13485,4.625,102.875
,13486,4.375,102.875
,13487,4.125,102.875
1.7952866798675165E-5,13488,3.875,102.875
1.2619139639364122E-5,13489,3.625,102.875
1.6168161813533233E-5,13490,3.375,102.875
1.4651390407677843E-5,13491,3.125,102.875
1.9391694708182454E-5,13492,2.875,102.875
4.947409426746749E-6,13493,2.625,102.875
2.1634371648190155E-5,13494,2.375,102.875
2.4434508660129605E-5,13495,2.125,102.875
,13496,1.875,102.875
,13497,1.625,102.875
,13498,1.375,102.875
1.8098128942478716E-5,13499,1.125,102.875
1.9561600897999336E-5,13500,0.875,102.875
1.581139882623016E-5,13501,0.625,102.875
1.6060649504517263E-5,13502,0.375,102.875
1.55501794726591E-5,13503,0.125,102.875
1.024288760216708E-5,13504,-0.125,102.875
1.1364139044950607E-5,13505,-0.375,102.875
8.506896694135722E-6,13506,-0.625,102.875
1.1964613562794057E-5,13507,-0.875,102.875
7.4284562042741965E-6,13508,-1.125,102.875
1.1348882688642345E-5,13509,-1.375,102.875
2.4287009985442125E-6,13510,-1.625,102.875
4.957514733747893E-6,13511,-1.875,102.875
6.032044085104788E-6,13512,-2.125,102.875
5.556870168155694E-6,13513,-2.375,102.875
2.9768832301878607E-6,13514,-2.625,102.875
,13515,-2.875,102.875
5.664148868466203E-6,13516,-3.125,102.875
,13517,-3.375,102.875
,13518,-3.625,102.875
,13519,-3.875,102.875
,13520,-4.125,102.875
,13521,-4.375,102.875
,13522,-4.625,102.875
,13523,-4.875,102.875
,13524,-5.125,102.875
,13525,-5.375,102.875
,13526,-5.625,102.875
,13527,-5.875,102.875
,13528,-6.125,102.875
,13529,-6.375,102.875
,13530,-6.625,102.875
,13531,-6.875,102.875
,13532,-7.125,102.875
,13533,-7.375,102.875
,13534,-7.625,102.875
,13535,-7.875,102.875
,13536,-8.125,102.875
,13537,-8.375,102.875
,13538,-8.625,102.875
,13539,-8.875,102.875
,13540,-9.125,102.875
,13541,-9.375,102.875
,13542,-9.625,102.875
,13543,-9.875,102.875
,13544,-10.125,102.875
,13545,-10.375,102.875
8.042039488708116E-6,13546,-10.625,102.875
,13547,-10.875,102.875
,13548,-11.125,102.875
,13549,-11.375,102.875
1.3887057595303458E-5,13550,-11.625,102.875
5.573373250424698E-6,13551,-11.875,102.875
2.1764369214695276E-5,13552,31.875,103.125
1.4983262884051366E-5,13553,31.625,103.125
2.8354043001845703E-5,13554,31.375,103.125
2.6225069736816643E-5,13555,31.125,103.125
2.254048200662661E-5,13556,30.875,103.125
,13557,30.625,103.125
,13558,30.375,103.125
,13559,30.125,103.125
,13560,29.875,103.125
,13561,29.625,103.125
,13562,29.375,103.125
,13563,29.125,103.125
4.641346226610844E-5,13564,28.875,103.125
4.107625972168515E-5,13565,28.625,103.125
3.8819691790243494E-5,13566,28.375,103.125
5.358482463276042E-5,13567,28.125,103.125
5.261965227983598E-5,13568,27.875,103.125
6.327149792488699E-5,13569,27.625,103.125
,13570,27.375,103.125
,13571,27.125,103.125
2.7719230230476028E-5,13572,26.875,103.125
6.0104090868783776E-5,13573,26.625,103.125
8.971467524749117E-5,13574,26.375,103.125
,13575,26.125,103.125
,13576,25.875,103.125
,13577,25.625,103.125
,13578,25.375,103.125
,13579,25.125,103.125
,13580,24.875,103.125
,13581,24.625,103.125
,13582,24.375,103.125
,13583,24.125,103.125
,13584,23.875,103.125
,13585,23.625,103.125
,13586,23.375,103.125
,13587,23.125,103.125
,13588,22.875,103.125
,13589,22.625,103.125
,13590,22.375,103.125
,13591,22.125,103.125
,13592,21.875,103.125
,13593,21.625,103.125
,13594,21.375,103.125
,13595,21.125,103.125
,13596,20.875,103.125
,13597,20.625,103.125
,13598,20.375,103.125
,13599,20.125,103.125
,13600,19.875,103.125
,13601,19.625,103.125
,13602,19.375,103.125
,13603,19.125,103.125
,13604,18.875,103.125
,13605,18.625,103.125
,13606,18.375,103.125
,13607,18.125,103.125
,13608,17.875,103.125
,13609,17.625,103.125
,13610,17.375,103.125
,13611,17.125,103.125
,13612,16.875,103.125
,13613,16.625,103.125
,13614,16.375,103.125
,13615,16.125,103.125
,13616,15.875,103.125
,13617,15.625,103.125
,13618,15.375,103.125
,13619,15.125,103.125
,13620,14.875,103.125
,13621,14.625,103.125
,13622,14.375,103.125
,13623,14.125,103.125
,13624,13.875,103.125
,13625,13.625,103.125
,13626,13.375,103.125
,13627,13.125,103.125
1.9146252359084082E-5,13628,12.875,103.125
,13629,12.625,103.125
,13630,12.375,103.125
,13631,12.125,103.125
,13632,11.875,103.125
,13633,11.625,103.125
,13634,11.375,103.125
,13635,11.125,103.125
6.463704179511257E-6,13636,10.875,103.125
5.044761609144079E-6,13637,10.625,103.125
4.74707381138756E-6,13638,10.375,103.125
,13639,10.125,103.125
,13640,9.875,103.125
,13641,9.625,103.125
,13642,9.375,103.125
,13643,9.125,103.125
,13644,8.875,103.125
5.071312013515951E-6,13645,8.625,103.125
9.688565354450894E-6,13646,8.375,103.125
1.055039768011519E-5,13647,8.125,103.125
1.285133954575349E-5,13648,7.875,103.125
1.218729779587836E-5,13649,7.625,103.125
1.6554321231136537E-5,13650,7.375,103.125
,13651,7.125,103.125
,13652,6.875,103.125
,13653,6.625,103.125
,13654,6.375,103.125
,13655,6.125,103.125
1.291303905230019E-5,13656,5.875,103.125
1.0045509333261056E-5,13657,5.625,103.125
8.50907932861475E-6,13658,5.375,103.125
9.540543902126735E-6,13659,5.125,103.125
,13660,4.875,103.125
,13661,4.625,103.125
,13662,4.375,103.125
1.3223736854748281E-5,13663,4.125,103.125
1.5574322556085174E-5,13664,3.875,103.125
1.8720338945234154E-5,13665,3.625,103.125
1.3527164807775364E-5,13666,3.375,103.125
1.7283479716333853E-5,13667,3.125,103.125
,13668,2.875,103.125
,13669,2.625,103.125
,13670,2.375,103.125
,13671,2.125,103.125
,13672,1.875,103.125
,13673,1.625,103.125
,13674,1.375,103.125
2.1062299044766878E-5,13675,1.125,103.125
2.5592403114505655E-5,13676,0.875,103.125
2.0292771441455846E-5,13677,0.625,103.125
1.831025465943595E-5,13678,0.375,103.125
1.2578713114741883E-5,13679,0.125,103.125
1.2324326343703521E-5,13680,-0.125,103.125
1.6386222058595485E-5,13681,-0.375,103.125
7.331820526718776E-6,13682,-0.625,103.125
1.1825127082162669E-5,13683,-0.875,103.125
,13684,-1.125,103.125
,13685,-1.375,103.125
,13686,-1.625,103.125
,13687,-1.875,103.125
,13688,-2.125,103.125
-3.7598112061456424E-6,13689,-2.375,103.125
4.617967618384414E-6,13690,-2.625,103.125
3.7845880446833404E-6,13691,-2.875,103.125
9.914143584215371E-8,13692,-3.125,103.125
,13693,-3.375,103.125
,13694,-3.625,103.125
,13695,-3.875,103.125
,13696,-4.125,103.125
,13697,-4.375,103.125
,13698,-4.625,103.125
,13699,-4.875,103.125
,13700,-5.125,103.125
,13701,-5.375,103.125
,13702,-5.625,103.125
,13703,-5.875,103.125
,13704,-6.125,103.125
,13705,-6.375,103.125
,13706,-6.625,103.125
,13707,-6.875,103.125
,13708,-7.125,103.125
,13709,-7.375,103.125
,13710,-7.625,103.125
,13711,-7.875,103.125
,13712,-8.125,103.125
,13713,-8.375,103.125
,13714,-8.625,103.125
,13715,-8.875,103.125
,13716,-9.125,103.125
,13717,-9.375,103.125
,13718,-9.625,103.125
,13719,-9.875,103.125
,13720,-10.125,103.125
,13721,-10.375,103.125
,13722,-10.625,103.125
1.0504675147244489E-5,13723,-10.875,103.125
,13724,-11.125,103.125
,13725,-11.375,103.125
3.991562791086569E-6,13726,-11.625,103.125
8.392892840837186E-6,13727,-11.875,103.125
3.087586811764074E-5,13728,31.875,103.375
1.5430057721708147E-5,13729,31.625,103.375
,13730,31.375,103.375
,13731,31.125,103.375
,13732,30.875,103.375
,13733,30.625,103.375
,13734,30.375,103.375
,13735,30.125,103.375
,13736,29.875,103.375
,13737,29.625,103.375
,13738,29.375,103.375
,13739,29.125,103.375
,13740,28.875,103.375
,13741,28.625,103.375
3.3893707332829416E-5,13742,28.375,103.375
5.506013801866153E-5,13743,28.125,103.375
5.126882013544245E-5,13744,27.875,103.375
5.955910523391037E-5,13745,27.625,103.375
,13746,27.375,103.375
6.689551087094008E-5,13747,27.125,103.375
6.59831158321546E-5,13748,26.875,103.375
8.817153618725339E-5,13749,26.625,103.375
,13750,26.375,103.375
,13751,26.125,103.375
,13752,25.875,103.375
,13753,25.625,103.375
,13754,25.375,103.375
,13755,25.125,103.375
,13756,24.875,103.375
,13757,24.625,103.375
,13758,24.375,103.375
,13759,24.125,103.375
,13760,23.875,103.375
,13761,23.625,103.375
,13762,23.375,103.375
,13763,23.125,103.375
,13764,22.875,103.375
,13765,22.625,103.375
,13766,22.375,103.375
,13767,22.125,103.375
,13768,21.875,103.375
,13769,21.625,103.375
,13770,21.375,103.375
,13771,21.125,103.375
,13772,20.875,103.375
,13773,20.625,103.375
,13774,20.375,103.375
,13775,20.125,103.375
,13776,19.875,103.375
,13777,19.625,103.375
,13778,19.375,103.375
,13779,19.125,103.375
,13780,18.875,103.375
,13781,18.625,103.375
,13782,18.375,103.375
,13783,18.125,103.375
,13784,17.875,103.375
,13785,17.625,103.375
,13786,17.375,103.375
,13787,17.125,103.375
,13788,16.875,103.375
,13789,16.625,103.375
,13790,16.375,103.375
,13791,16.125,103.375
,13792,15.875,103.375
,13793,15.625,103.375
,13794,15.375,103.375
,13795,15.125,103.375
,13796,14.875,103.375
,13797,14.625,103.375
,13798,14.375,103.375
3.4554127044623284E-5,13799,14.125,103.375
,13800,13.875,103.375
,13801,13.625,103.375
,13802,13.375,103.375
,13803,13.125,103.375
2.3912972184147476E-5,13804,12.875,103.375
,13805,12.625,103.375
,13806,12.375,103.375
,13807,12.125,103.375
,13808,11.875,103.375
,13809,11.625,103.375
,13810,11.375,103.375
,13811,11.125,103.375
4.665443914822582E-6,13812,10.875,103.375
4.5095798622533975E-6,13813,10.625,103.375
4.102769775194269E-6,13814,10.375,103.375
7.952421899260343E-6,13815,10.125,103.375
,13816,9.875,103.375
,13817,9.625,103.375
1.919390275111454E-6,13818,9.375,103.375
3.5532928743075757E-5,13819,9.125,103.375
7.777433281731008E-6,13820,8.875,103.375
7.981103177598581E-6,13821,8.625,103.375
1.0414674520400244E-5,13822,8.375,103.375
7.484774520870318E-6,13823,8.125,103.375
7.681011546804962E-6,13824,7.875,103.375
9.736375144661656E-6,13825,7.625,103.375
2.1026112027706574E-5,13826,7.375,103.375
,13827,7.125,103.375
,13828,6.875,103.375
4.156677122997626E-6,13829,6.625,103.375
,13830,6.375,103.375
2.622840421574965E-6,13831,6.125,103.375
9.476392165023576E-6,13832,5.875,103.375
7.872162100985142E-6,13833,5.625,103.375
1.482067777434755E-5,13834,5.375,103.375
1.1232242894572413E-5,13835,5.125,103.375
1.2562749982523841E-5,13836,4.875,103.375
,13837,4.625,103.375
,13838,4.375,103.375
1.5044785679705628E-5,13839,4.125,103.375
1.2275170456058551E-5,13840,3.875,103.375
2.4901218504306914E-5,13841,3.625,103.375
-8.744487413700152E-7,13842,3.375,103.375
1.291029761382189E-5,13843,3.125,103.375
,13844,2.875,103.375
,13845,2.625,103.375
,13846,2.375,103.375
,13847,2.125,103.375
,13848,1.875,103.375
,13849,1.625,103.375
,13850,1.375,103.375
,13851,1.125,103.375
2.1991068103835647E-5,13852,0.875,103.375
2.0231474590527576E-5,13853,0.625,103.375
1.7038001251980685E-5,13854,0.375,103.375
1.8037343542905637E-5,13855,0.125,103.375
1.0443631161999784E-5,13856,-0.125,103.375
4.949153981496737E-6,13857,-0.375,103.375
9.205524438782363E-6,13858,-0.625,103.375
7.150898209528408E-6,13859,-0.875,103.375
,13860,-1.125,103.375
,13861,-1.375,103.375
,13862,-1.625,103.375
,13863,-1.875,103.375
,13864,-2.125,103.375
,13865,-2.375,103.375
3.6435137725521883E-6,13866,-2.625,103.375
8.181465175804465E-6,13867,-2.875,103.375
,13868,-3.125,103.375
,13869,-3.375,103.375
,13870,-3.625,103.375
,13871,-3.875,103.375
,13872,-4.125,103.375
,13873,-4.375,103.375
,13874,-4.625,103.375
,13875,-4.875,103.375
,13876,-5.125,103.375
,13877,-5.375,103.375
,13878,-5.625,103.375
,13879,-5.875,103.375
,13880,-6.125,103.375
,13881,-6.375,103.375
,13882,-6.625,103.375
,13883,-6.875,103.375
,13884,-7.125,103.375
,13885,-7.375,103.375
,13886,-7.625,103.375
,13887,-7.875,103.375
,13888,-8.125,103.375
,13889,-8.375,103.375
,13890,-8.625,103.375
,13891,-8.875,103.375
,13892,-9.125,103.375
,13893,-9.375,103.375
,13894,-9.625,103.375
,13895,-9.875,103.375
,13896,-10.125,103.375
,13897,-10.375,103.375
-9.437517927534348E-6,13898,-10.625,103.375
-1.0614554665962888E-5,13899,-10.875,103.375
,13900,-11.125,103.375
,13901,-11.375,103.375
6.521359428693407E-6,13902,-11.625,103.375
6.167762676609282E-6,13903,-11.875,103.375
3.706912889894064E-5,13904,31.875,103.625
,13905,31.625,103.625
,13906,31.375,103.625
,13907,31.125,103.625
,13908,30.875,103.625
,13909,30.625,103.625
,13910,30.375,103.625
,13911,30.125,103.625
,13912,29.875,103.625
,13913,29.625,103.625
,13914,29.375,103.625
,13915,29.125,103.625
,13916,28.875,103.625
,13917,28.625,103.625
,13918,28.375,103.625
,13919,28.125,103.625
5.949702021119865E-5,13920,27.875,103.625
6.590523683266988E-5,13921,27.625,103.625
,13922,27.375,103.625
7.043206186412735E-5,13923,27.125,103.625
7.692870756622957E-5,13924,26.875,103.625
,13925,26.625,103.625
,13926,26.375,103.625
,13927,26.125,103.625
,13928,25.875,103.625
,13929,25.625,103.625
,13930,25.375,103.625
,13931,25.125,103.625
,13932,24.875,103.625
,13933,24.625,103.625
,13934,24.375,103.625
,13935,24.125,103.625
,13936,23.875,103.625
,13937,23.625,103.625
,13938,23.375,103.625
,13939,23.125,103.625
,13940,22.875,103.625
,13941,22.625,103.625
,13942,22.375,103.625
,13943,22.125,103.625
,13944,21.875,103.625
,13945,21.625,103.625
,13946,21.375,103.625
,13947,21.125,103.625
,13948,20.875,103.625
,13949,20.625,103.625
,13950,20.375,103.625
,13951,20.125,103.625
,13952,19.875,103.625
,13953,19.625,103.625
,13954,19.375,103.625
,13955,19.125,103.625
,13956,18.875,103.625
,13957,18.625,103.625
,13958,18.375,103.625
,13959,18.125,103.625
,13960,17.875,103.625
,13961,17.625,103.625
,13962,17.375,103.625
,13963,17.125,103.625
,13964,16.875,103.625
,13965,16.625,103.625
,13966,16.375,103.625
,13967,16.125,103.625
,13968,15.875,103.625
,13969,15.625,103.625
,13970,15.375,103.625
,13971,15.125,103.625
,13972,14.875,103.625
,13973,14.625,103.625
,13974,14.375,103.625
2.930183166613411E-5,13975,14.125,103.625
2.9767646279559567E-5,13976,13.875,103.625
2.5215896572162434E-5,13977,13.625,103.625
1.7235659662144536E-5,13978,13.375,103.625
2.1356546109147287E-5,13979,13.125,103.625
2.454318540321715E-5,13980,12.875,103.625
2.334485666745143E-5,13981,12.625,103.625
1.7125710833555245E-5,13982,12.375,103.625
,13983,12.125,103.625
,13984,11.875,103.625
,13985,11.625,103.625
,13986,11.375,103.625
,13987,11.125,103.625
1.6193871433788857E-5,13988,10.875,103.625
9.618542654991704E-6,13989,10.625,103.625
7.103857956768161E-6,13990,10.375,103.625
4.283778335097004E-6,13991,10.125,103.625
1.052586616350847E-5,13992,9.875,103.625
8.965476643740204E-6,13993,9.625,103.625
2.5592962567790956E-6,13994,9.375,103.625
7.301436245348784E-6,13995,9.125,103.625
6.170259794329644E-6,13996,8.875,103.625
6.9266160473037504E-6,13997,8.625,103.625
6.720997243488874E-6,13998,8.375,103.625
5.8954910644672466E-6,13999,8.125,103.625
1.0910885530716375E-5,14000,7.875,103.625
5.513622253320119E-6,14001,7.625,103.625
6.492206886040593E-6,14002,7.375,103.625
9.47087850473245E-6,14003,7.125,103.625
1.0108863618045714E-5,14004,6.875,103.625
6.5968834802855565E-6,14005,6.625,103.625
6.55374777934043E-6,14006,6.375,103.625
8.527571878642946E-6,14007,6.125,103.625
1.0574835064942727E-5,14008,5.875,103.625
1.1479993485014184E-5,14009,5.625,103.625
1.1586310010852449E-5,14010,5.375,103.625
1.6732294752029995E-5,14011,5.125,103.625
1.4151336739823147E-5,14012,4.875,103.625
1.737106540186903E-5,14013,4.625,103.625
1.0036994716132861E-5,14014,4.375,103.625
2.0642429336435263E-5,14015,4.125,103.625
1.5355674588371987E-5,14016,3.875,103.625
2.0323790418490833E-5,14017,3.625,103.625
1.8009124546804263E-5,14018,3.375,103.625
1.31320458850886E-5,14019,3.125,103.625
1.1296384339788343E-5,14020,2.875,103.625
3.91155261956296E-6,14021,2.625,103.625
,14022,2.375,103.625
,14023,2.125,103.625
,14024,1.875,103.625
,14025,1.625,103.625
4.432910896925364E-5,14026,1.375,103.625
6.48000107363925E-5,14027,1.125,103.625
4.7738012432281566E-5,14028,0.875,103.625
2.8162693347908037E-5,14029,0.625,103.625
1.4418228689124437E-5,14030,0.375,103.625
1.3789840000418649E-5,14031,0.125,103.625
7.891269075632055E-6,14032,-0.125,103.625
,14033,-0.375,103.625
,14034,-0.625,103.625
,14035,-0.875,103.625
6.039671783667618E-6,14036,-1.125,103.625
8.154599895129496E-6,14037,-1.375,103.625
1.459705649808142E-5,14038,-1.625,103.625
,14039,-1.875,103.625
,14040,-2.125,103.625
,14041,-2.375,103.625
,14042,-2.625,103.625
,14043,-2.875,103.625
,14044,-3.125,103.625
6.3479888427546E-6,14045,-3.375,103.625
,14046,-3.625,103.625
,14047,-3.875,103.625
,14048,-4.125,103.625
,14049,-4.375,103.625
,14050,-4.625,103.625
,14051,-4.875,103.625
,14052,-5.125,103.625
,14053,-5.375,103.625
,14054,-5.625,103.625
,14055,-5.875,103.625
,14056,-6.125,103.625
,14057,-6.375,103.625
,14058,-6.625,103.625
1.0292696071492703E-5,14059,-6.875,103.625
1.5343528446179107E-5,14060,-7.125,103.625
,14061,-7.375,103.625
,14062,-7.625,103.625
,14063,-7.875,103.625
,14064,-8.125,103.625
,14065,-8.375,103.625
,14066,-8.625,103.625
,14067,-8.875,103.625
8.09345792552915E-6,14068,-9.125,103.625
5.92267493024176E-6,14069,-9.375,103.625
,14070,-9.625,103.625
,14071,-9.875,103.625
,14072,-10.125,103.625
,14073,-10.375,103.625
,14074,-10.625,103.625
-4.258113433642164E-6,14075,-10.875,103.625
9.184291649339841E-6,14076,-11.125,103.625
,14077,-11.375,103.625
1.0414419987209465E-5,14078,-11.625,103.625
8.073336104631249E-6,14079,-11.875,103.625
,14080,31.875,103.875
,14081,31.625,103.875
,14082,31.375,103.875
,14083,31.125,103.875
,14084,30.875,103.875
,14085,30.625,103.875
,14086,30.375,103.875
,14087,30.125,103.875
,14088,29.875,103.875
,14089,29.625,103.875
,14090,29.375,103.875
,14091,29.125,103.875
,14092,28.875,103.875
,14093,28.625,103.875
,14094,28.375,103.875
,14095,28.125,103.875
,14096,27.875,103.875
,14097,27.625,103.875
1.0035055704825389E-4,14098,27.375,103.875
8.359390004899529E-5,14099,27.125,103.875
,14100,26.875,103.875
,14101,26.625,103.875
,14102,26.375,103.875
,14103,26.125,103.875
,14104,25.875,103.875
,14105,25.625,103.875
,14106,25.375,103.875
,14107,25.125,103.875
,14108,24.875,103.875
,14109,24.625,103.875
,14110,24.375,103.875
,14111,24.125,103.875
,14112,23.875,103.875
,14113,23.625,103.875
,14114,23.375,103.875
,14115,23.125,103.875
,14116,22.875,103.875
,14117,22.625,103.875
,14118,22.375,103.875
,14119,22.125,103.875
,14120,21.875,103.875
,14121,21.625,103.875
,14122,21.375,103.875
,14123,21.125,103.875
,14124,20.875,103.875
,14125,20.625,103.875
,14126,20.375,103.875
,14127,20.125,103.875
,14128,19.875,103.875
,14129,19.625,103.875
,14130,19.375,103.875
,14131,19.125,103.875
,14132,18.875,103.875
,14133,18.625,103.875
,14134,18.375,103.875
,14135,18.125,103.875
,14136,17.875,103.875
,14137,17.625,103.875
,14138,17.375,103.875
,14139,17.125,103.875
,14140,16.875,103.875
,14141,16.625,103.875
,14142,16.375,103.875
,14143,16.125,103.875
,14144,15.875,103.875
,14145,15.625,103.875
,14146,15.375,103.875
,14147,15.125,103.875
,14148,14.875,103.875
,14149,14.625,103.875
,14150,14.375,103.875
2.2927359309935425E-5,14151,14.125,103.875
2.4254189397102885E-5,14152,13.875,103.875
2.5157552827237513E-5,14153,13.625,103.875
2.2451991269442502E-5,14154,13.375,103.875
2.601678726396239E-5,14155,13.125,103.875
2.3347411936011525E-5,14156,12.875,103.875
2.1260500247851853E-5,14157,12.625,103.875
1.96343590961313E-5,14158,12.375,103.875
1.4471693861981983E-5,14159,12.125,103.875
,14160,11.875,103.875
,14161,11.625,103.875
,14162,11.375,103.875
,14163,11.125,103.875
,14164,10.875,103.875
7.451288388437359E-6,14165,10.625,103.875
5.586132720279943E-6,14166,10.375,103.875
4.088550330124132E-6,14167,10.125,103.875
4.1989422340753565E-6,14168,9.875,103.875
6.0878879889801525E-6,14169,9.625,103.875
5.845745630900031E-6,14170,9.375,103.875
6.9008091578776635E-6,14171,9.125,103.875
1.2015394503356575E-5,14172,8.875,103.875
3.2783704586266617E-6,14173,8.625,103.875
5.6762338620234E-6,14174,8.375,103.875
7.5231618470230135E-6,14175,8.125,103.875
1.2752703004777888E-5,14176,7.875,103.875
8.314135969914226E-6,14177,7.625,103.875
1.1792613996207232E-5,14178,7.375,103.875
8.600304826526406E-6,14179,7.125,103.875
1.0878630843119668E-5,14180,6.875,103.875
9.845166830158E-6,14181,6.625,103.875
1.023152920492153E-5,14182,6.375,103.875
1.201897495569568E-5,14183,6.125,103.875
1.2400986884430132E-5,14184,5.875,103.875
1.0898403729490917E-5,14185,5.625,103.875
1.55784924561969E-5,14186,5.375,103.875
1.2117793126723542E-5,14187,5.125,103.875
1.2965169263732406E-5,14188,4.875,103.875
2.0173625201755094E-5,14189,4.625,103.875
8.866483818510692E-6,14190,4.375,103.875
1.357303011837943E-5,14191,4.125,103.875
1.179413606577534E-5,14192,3.875,103.875
1.580008146693377E-5,14193,3.625,103.875
1.3301189821982702E-5,14194,3.375,103.875
1.720181922080937E-5,14195,3.125,103.875
7.230851536815327E-6,14196,2.875,103.875
1.357029938876511E-5,14197,2.625,103.875
,14198,2.375,103.875
,14199,2.125,103.875
,14200,1.875,103.875
,14201,1.625,103.875
,14202,1.375,103.875
9.394857467950014E-5,14203,1.125,103.875
4.468749854161415E-5,14204,0.875,103.875
2.4762677916751446E-5,14205,0.625,103.875
2.3336814641755405E-5,14206,0.375,103.875
1.907364448983808E-5,14207,0.125,103.875
1.8026050486596352E-5,14208,-0.125,103.875
,14209,-0.375,103.875
,14210,-0.625,103.875
9.357999271033536E-6,14211,-0.875,103.875
1.844900393483229E-5,14212,-1.125,103.875
,14213,-1.375,103.875
1.167715264628255E-5,14214,-1.625,103.875
,14215,-1.875,103.875
,14216,-2.125,103.875
,14217,-2.375,103.875
,14218,-2.625,103.875
,14219,-2.875,103.875
,14220,-3.125,103.875
,14221,-3.375,103.875
,14222,-3.625,103.875
,14223,-3.875,103.875
,14224,-4.125,103.875
,14225,-4.375,103.875
,14226,-4.625,103.875
,14227,-4.875,103.875
,14228,-5.125,103.875
,14229,-5.375,103.875
,14230,-5.625,103.875
,14231,-5.875,103.875
,14232,-6.125,103.875
,14233,-6.375,103.875
,14234,-6.625,103.875
,14235,-6.875,103.875
,14236,-7.125,103.875
,14237,-7.375,103.875
,14238,-7.625,103.875
,14239,-7.875,103.875
,14240,-8.125,103.875
,14241,-8.375,103.875
,14242,-8.625,103.875
,14243,-8.875,103.875
,14244,-9.125,103.875
,14245,-9.375,103.875
,14246,-9.625,103.875
,14247,-9.875,103.875
6.993305449713757E-6,14248,-10.125,103.875
4.415158451012971E-6,14249,-10.375,103.875
,14250,-10.625,103.875
,14251,-10.875,103.875
,14252,-11.125,103.875
,14253,-11.375,103.875
6.723871247646168E-6,14254,-11.625,103.875
7.593717162842725E-6,14255,-11.875,103.875
,14256,31.875,104.125
,14257,31.625,104.125
,14258,31.375,104.125
,14259,31.125,104.125
,14260,30.875,104.125
,14261,30.625,104.125
,14262,30.375,104.125
,14263,30.125,104.125
,14264,29.875,104.125
,14265,29.625,104.125
,14266,29.375,104.125
,14267,29.125,104.125
,14268,28.875,104.125
,14269,28.625,104.125
,14270,28.375,104.125
,14271,28.125,104.125
,14272,27.875,104.125
,14273,27.625,104.125
9.13497335362152E-5,14274,27.375,104.125
1.081389398894673E-4,14275,27.125,104.125
,14276,26.875,104.125
,14277,26.625,104.125
,14278,26.375,104.125
,14279,26.125,104.125
,14280,25.875,104.125
,14281,25.625,104.125
,14282,25.375,104.125
,14283,25.125,104.125
,14284,24.875,104.125
,14285,24.625,104.125
,14286,24.375,104.125
,14287,24.125,104.125
,14288,23.875,104.125
,14289,23.625,104.125
,14290,23.375,104.125
,14291,23.125,104.125
,14292,22.875,104.125
,14293,22.625,104.125
,14294,22.375,104.125
,14295,22.125,104.125
,14296,21.875,104.125
,14297,21.625,104.125
,14298,21.375,104.125
,14299,21.125,104.125
,14300,20.875,104.125
,14301,20.625,104.125
,14302,20.375,104.125
,14303,20.125,104.125
,14304,19.875,104.125
,14305,19.625,104.125
,14306,19.375,104.125
,14307,19.125,104.125
,14308,18.875,104.125
,14309,18.625,104.125
,14310,18.375,104.125
,14311,18.125,104.125
,14312,17.875,104.125
,14313,17.625,104.125
,14314,17.375,104.125
,14315,17.125,104.125
,14316,16.875,104.125
,14317,16.625,104.125
,14318,16.375,104.125
,14319,16.125,104.125
,14320,15.875,104.125
,14321,15.625,104.125
,14322,15.375,104.125
,14323,15.125,104.125
,14324,14.875,104.125
,14325,14.625,104.125
,14326,14.375,104.125
2.049039358147989E-5,14327,14.125,104.125
,14328,13.875,104.125
2.092400256361852E-5,14329,13.625,104.125
2.4536882326911183E-5,14330,13.375,104.125
2.2850164138980307E-5,14331,13.125,104.125
2.98389345949443E-5,14332,12.875,104.125
2.844840854309495E-5,14333,12.625,104.125
2.209999053293732E-5,14334,12.375,104.125
1.5798636419528856E-5,14335,12.125,104.125
,14336,11.875,104.125
1.6893870544280145E-5,14337,11.625,104.125
,14338,11.375,104.125
,14339,11.125,104.125
-6.215350784324584E-6,14340,10.875,104.125
1.1887814258976978E-5,14341,10.625,104.125
8.84350556721943E-6,14342,10.375,104.125
6.203781380785563E-6,14343,10.125,104.125
6.198144586618865E-6,14344,9.875,104.125
1.1508473471882015E-5,14345,9.625,104.125
,14346,9.375,104.125
,14347,9.125,104.125
8.61975487044692E-6,14348,8.875,104.125
9.87561825519381E-6,14349,8.625,104.125
,14350,8.375,104.125
1.0320808271011745E-5,14351,8.125,104.125
1.1397162423212974E-5,14352,7.875,104.125
7.733667981180857E-6,14353,7.625,104.125
4.577865842354153E-6,14354,7.375,104.125
1.256267785821302E-5,14355,7.125,104.125
7.444873348609726E-6,14356,6.875,104.125
6.82180910715463E-6,14357,6.625,104.125
6.029749664907599E-6,14358,6.375,104.125
1.4091026407553966E-5,14359,6.125,104.125
4.792331781808879E-6,14360,5.875,104.125
6.378488332741918E-6,14361,5.625,104.125
1.0969469550630617E-5,14362,5.375,104.125
1.1057165694060116E-5,14363,5.125,104.125
1.226853543121384E-5,14364,4.875,104.125
7.49463918205462E-6,14365,4.625,104.125
1.0161388021948033E-5,14366,4.375,104.125
8.845274011545859E-6,14367,4.125,104.125
8.934240605330955E-6,14368,3.875,104.125
1.1808789180911366E-5,14369,3.625,104.125
1.0435256374009212E-5,14370,3.375,104.125
1.1296380975623485E-5,14371,3.125,104.125
1.009221427396268E-5,14372,2.875,104.125
1.0713342976440796E-5,14373,2.625,104.125
9.546219704546886E-6,14374,2.375,104.125
1.7714627801657296E-5,14375,2.125,104.125
2.231908879131311E-5,14376,1.875,104.125
,14377,1.625,104.125
,14378,1.375,104.125
,14379,1.125,104.125
,14380,0.875,104.125
3.2645828817519936E-5,14381,0.625,104.125
2.4845772726888488E-5,14382,0.375,104.125
2.2054917086237547E-5,14383,0.125,104.125
1.9256870322722145E-5,14384,-0.125,104.125
6.243693237252685E-6,14385,-0.375,104.125
1.3224747584462297E-5,14386,-0.625,104.125
,14387,-0.875,104.125
,14388,-1.125,104.125
,14389,-1.375,104.125
,14390,-1.625,104.125
,14391,-1.875,104.125
,14392,-2.125,104.125
,14393,-2.375,104.125
,14394,-2.625,104.125
,14395,-2.875,104.125
,14396,-3.125,104.125
,14397,-3.375,104.125
,14398,-3.625,104.125
,14399,-3.875,104.125
,14400,-4.125,104.125
,14401,-4.375,104.125
,14402,-4.625,104.125
,14403,-4.875,104.125
,14404,-5.125,104.125
,14405,-5.375,104.125
,14406,-5.625,104.125
,14407,-5.875,104.125
,14408,-6.125,104.125
,14409,-6.375,104.125
,14410,-6.625,104.125
,14411,-6.875,104.125
,14412,-7.125,104.125
,14413,-7.375,104.125
,14414,-7.625,104.125
,14415,-7.875,104.125
,14416,-8.125,104.125
,14417,-8.375,104.125
,14418,-8.625,104.125
,14419,-8.875,104.125
,14420,-9.125,104.125
,14421,-9.375,104.125
,14422,-9.625,104.125
8.460821852845887E-6,14423,-9.875,104.125
1.3503812453603752E-5,14424,-10.125,104.125
4.0865249321903656E-6,14425,-10.375,104.125
1.2451812803642756E-5,14426,-10.625,104.125
,14427,-10.875,104.125
,14428,-11.125,104.125
,14429,-11.375,104.125
,14430,-11.625,104.125
,14431,-11.875,104.125
,14432,31.875,104.375
,14433,31.625,104.375
,14434,31.375,104.375
,14435,31.125,104.375
,14436,30.875,104.375
,14437,30.625,104.375
,14438,30.375,104.375
,14439,30.125,104.375
,14440,29.875,104.375
,14441,29.625,104.375
,14442,29.375,104.375
,14443,29.125,104.375
,14444,28.875,104.375
,14445,28.625,104.375
,14446,28.375,104.375
,14447,28.125,104.375
,14448,27.875,104.375
,14449,27.625,104.375
,14450,27.375,104.375
,14451,27.125,104.375
,14452,26.875,104.375
,14453,26.625,104.375
,14454,26.375,104.375
,14455,26.125,104.375
,14456,25.875,104.375
,14457,25.625,104.375
,14458,25.375,104.375
,14459,25.125,104.375
,14460,24.875,104.375
,14461,24.625,104.375
,14462,24.375,104.375
,14463,24.125,104.375
,14464,23.875,104.375
,14465,23.625,104.375
,14466,23.375,104.375
,14467,23.125,104.375
,14468,22.875,104.375
,14469,22.625,104.375
,14470,22.375,104.375
,14471,22.125,104.375
,14472,21.875,104.375
,14473,21.625,104.375
,14474,21.375,104.375
,14475,21.125,104.375
,14476,20.875,104.375
,14477,20.625,104.375
,14478,20.375,104.375
,14479,20.125,104.375
,14480,19.875,104.375
,14481,19.625,104.375
,14482,19.375,104.375
,14483,19.125,104.375
,14484,18.875,104.375
,14485,18.625,104.375
,14486,18.375,104.375
,14487,18.125,104.375
,14488,17.875,104.375
,14489,17.625,104.375
,14490,17.375,104.375
,14491,17.125,104.375
,14492,16.875,104.375
,14493,16.625,104.375
,14494,16.375,104.375
,14495,16.125,104.375
,14496,15.875,104.375
,14497,15.625,104.375
,14498,15.375,104.375
,14499,15.125,104.375
,14500,14.875,104.375
2.3088851633461444E-5,14501,14.625,104.375
2.7254696505816117E-5,14502,14.375,104.375
,14503,14.125,104.375
,14504,13.875,104.375
2.8746013501356793E-5,14505,13.625,104.375
2.2881057977328318E-5,14506,13.375,104.375
3.055004714192242E-5,14507,13.125,104.375
3.0447296098703453E-5,14508,12.875,104.375
3.2639569849775024E-5,14509,12.625,104.375
,14510,12.375,104.375
1.5770104496086734E-5,14511,12.125,104.375
1.8355045541871526E-5,14512,11.875,104.375
2.208564207165183E-5,14513,11.625,104.375
1.5334102081359373E-5,14514,11.375,104.375
,14515,11.125,104.375
,14516,10.875,104.375
,14517,10.625,104.375
1.2755055159172254E-5,14518,10.375,104.375
1.0300588145310816E-5,14519,10.125,104.375
,14520,9.875,104.375
,14521,9.625,104.375
,14522,9.375,104.375
,14523,9.125,104.375
,14524,8.875,104.375
,14525,8.625,104.375
,14526,8.375,104.375
8.282058955223171E-6,14527,8.125,104.375
7.899571470840447E-6,14528,7.875,104.375
6.63101655176769E-6,14529,7.625,104.375
5.664913264379175E-6,14530,7.375,104.375
7.598460717172231E-6,14531,7.125,104.375
9.506630750583937E-6,14532,6.875,104.375
8.976994376428187E-6,14533,6.625,104.375
6.855382007868325E-6,14534,6.375,104.375
8.303269014168578E-6,14535,6.125,104.375
2.411100099877435E-6,14536,5.875,104.375
1.0366365099401421E-5,14537,5.625,104.375
9.033103881237488E-6,14538,5.375,104.375
1.0306507041148794E-5,14539,5.125,104.375
6.057758421723381E-6,14540,4.875,104.375
9.710861302347791E-6,14541,4.625,104.375
1.4081481269087673E-5,14542,4.375,104.375
9.44324714326918E-6,14543,4.125,104.375
8.972926409660097E-6,14544,3.875,104.375
1.0817003675006424E-5,14545,3.625,104.375
7.429115385896483E-6,14546,3.375,104.375
7.754816957447837E-6,14547,3.125,104.375
8.948618998388503E-6,14548,2.875,104.375
6.856605701418432E-6,14549,2.625,104.375
1.3583462926943093E-5,14550,2.375,104.375
1.1507357394646885E-5,14551,2.125,104.375
1.4601638513580941E-5,14552,1.875,104.375
2.2790493629770076E-5,14553,1.625,104.375
,14554,1.375,104.375
,14555,1.125,104.375
,14556,0.875,104.375
,14557,0.625,104.375
,14558,0.375,104.375
,14559,0.125,104.375
1.3227440358032335E-5,14560,-0.125,104.375
1.3051388221536884E-5,14561,-0.375,104.375
1.4013650129243202E-5,14562,-0.625,104.375
,14563,-0.875,104.375
8.948270133977343E-6,14564,-1.125,104.375
1.2863759543761986E-5,14565,-1.375,104.375
,14566,-1.625,104.375
,14567,-1.875,104.375
,14568,-2.125,104.375
,14569,-2.375,104.375
,14570,-2.625,104.375
,14571,-2.875,104.375
,14572,-3.125,104.375
,14573,-3.375,104.375
,14574,-3.625,104.375
,14575,-3.875,104.375
,14576,-4.125,104.375
,14577,-4.375,104.375
,14578,-4.625,104.375
,14579,-4.875,104.375
,14580,-5.125,104.375
,14581,-5.375,104.375
,14582,-5.625,104.375
,14583,-5.875,104.375
,14584,-6.125,104.375
,14585,-6.375,104.375
,14586,-6.625,104.375
,14587,-6.875,104.375
,14588,-7.125,104.375
,14589,-7.375,104.375
,14590,-7.625,104.375
1.576483579554356E-5,14591,-7.875,104.375
7.825212091862963E-6,14592,-8.125,104.375
,14593,-8.375,104.375
,14594,-8.625,104.375
,14595,-8.875,104.375
,14596,-9.125,104.375
,14597,-9.375,104.375
,14598,-9.625,104.375
,14599,-9.875,104.375
1.1001070734963853E-5,14600,-10.125,104.375
9.707998952979048E-6,14601,-10.375,104.375
5.438904321846697E-6,14602,-10.625,104.375
,14603,-10.875,104.375
,14604,-11.125,104.375
,14605,-11.375,104.375
,14606,-11.625,104.375
,14607,-11.875,104.375
,14608,31.875,104.625
,14609,31.625,104.625
,14610,31.375,104.625
,14611,31.125,104.625
,14612,30.875,104.625
,14613,30.625,104.625
,14614,30.375,104.625
,14615,30.125,104.625
,14616,29.875,104.625
,14617,29.625,104.625
,14618,29.375,104.625
,14619,29.125,104.625
,14620,28.875,104.625
,14621,28.625,104.625
,14622,28.375,104.625
,14623,28.125,104.625
,14624,27.875,104.625
,14625,27.625,104.625
,14626,27.375,104.625
,14627,27.125,104.625
,14628,26.875,104.625
,14629,26.625,104.625
,14630,26.375,104.625
,14631,26.125,104.625
,14632,25.875,104.625
,14633,25.625,104.625
,14634,25.375,104.625
,14635,25.125,104.625
,14636,24.875,104.625
,14637,24.625,104.625
,14638,24.375,104.625
,14639,24.125,104.625
,14640,23.875,104.625
,14641,23.625,104.625
,14642,23.375,104.625
,14643,23.125,104.625
,14644,22.875,104.625
,14645,22.625,104.625
,14646,22.375,104.625
,14647,22.125,104.625
,14648,21.875,104.625
,14649,21.625,104.625
,14650,21.375,104.625
,14651,21.125,104.625
,14652,20.875,104.625
,14653,20.625,104.625
,14654,20.375,104.625
,14655,20.125,104.625
,14656,19.875,104.625
,14657,19.625,104.625
,14658,19.375,104.625
,14659,19.125,104.625
,14660,18.875,104.625
,14661,18.625,104.625
,14662,18.375,104.625
,14663,18.125,104.625
,14664,17.875,104.625
,14665,17.625,104.625
,14666,17.375,104.625
,14667,17.125,104.625
,14668,16.875,104.625
,14669,16.625,104.625
,14670,16.375,104.625
,14671,16.125,104.625
,14672,15.875,104.625
,14673,15.625,104.625
,14674,15.375,104.625
,14675,15.125,104.625
,14676,14.875,104.625
2.342030343366582E-5,14677,14.625,104.625
2.3715544679543075E-5,14678,14.375,104.625
2.2874187549515646E-5,14679,14.125,104.625
2.788080259077793E-5,14680,13.875,104.625
3.4379739622880916E-5,14681,13.625,104.625
,14682,13.375,104.625
2.5670054530762924E-5,14683,13.125,104.625
2.5514700827556988E-5,14684,12.875,104.625
2.2207692450850964E-5,14685,12.625,104.625
2.2805691681237205E-5,14686,12.375,104.625
2.077056692253931E-5,14687,12.125,104.625
1.8969590122277708E-5,14688,11.875,104.625
2.4331700422233428E-5,14689,11.625,104.625
2.0592636501472265E-5,14690,11.375,104.625
,14691,11.125,104.625
,14692,10.875,104.625
,14693,10.625,104.625
1.7753396792321616E-5,14694,10.375,104.625
7.501891655418044E-6,14695,10.125,104.625
,14696,9.875,104.625
,14697,9.625,104.625
,14698,9.375,104.625
,14699,9.125,104.625
,14700,8.875,104.625
,14701,8.625,104.625
,14702,8.375,104.625
,14703,8.125,104.625
7.80650613229925E-6,14704,7.875,104.625
8.200502244130573E-6,14705,7.625,104.625
9.527157974139077E-6,14706,7.375,104.625
6.0459710270126626E-6,14707,7.125,104.625
7.619088442852764E-6,14708,6.875,104.625
4.411677910854557E-6,14709,6.625,104.625
7.861091759341734E-6,14710,6.375,104.625
1.0342160124338434E-5,14711,6.125,104.625
6.274636936254131E-6,14712,5.875,104.625
1.1115655871298055E-5,14713,5.625,104.625
1.3897961654745448E-5,14714,5.375,104.625
1.4026520386140164E-5,14715,5.125,104.625
6.497190460412132E-6,14716,4.875,104.625
6.200613482065594E-6,14717,4.625,104.625
5.877369268797019E-6,14718,4.375,104.625
7.5499489657900064E-6,14719,4.125,104.625
1.3573002289466273E-5,14720,3.875,104.625
7.197363340342945E-6,14721,3.625,104.625
1.2587682616650852E-5,14722,3.375,104.625
1.1546216078526902E-5,14723,3.125,104.625
9.170685275127293E-6,14724,2.875,104.625
8.099015977920013E-6,14725,2.625,104.625
1.1046234345935626E-5,14726,2.375,104.625
1.0594534954577571E-5,14727,2.125,104.625
1.8388715723056536E-5,14728,1.875,104.625
2.3343009974643175E-5,14729,1.625,104.625
,14730,1.375,104.625
,14731,1.125,104.625
,14732,0.875,104.625
,14733,0.625,104.625
,14734,0.375,104.625
,14735,0.125,104.625
1.849041193270406E-5,14736,-0.125,104.625
1.0373988749149493E-5,14737,-0.375,104.625
1.549180003860118E-5,14738,-0.625,104.625
,14739,-0.875,104.625
,14740,-1.125,104.625
,14741,-1.375,104.625
,14742,-1.625,104.625
,14743,-1.875,104.625
,14744,-2.125,104.625
,14745,-2.375,104.625
,14746,-2.625,104.625
,14747,-2.875,104.625
,14748,-3.125,104.625
,14749,-3.375,104.625
,14750,-3.625,104.625
,14751,-3.875,104.625
,14752,-4.125,104.625
1.635130858292327E-5,14753,-4.375,104.625
,14754,-4.625,104.625
,14755,-4.875,104.625
,14756,-5.125,104.625
,14757,-5.375,104.625
,14758,-5.625,104.625
,14759,-5.875,104.625
,14760,-6.125,104.625
,14761,-6.375,104.625
,14762,-6.625,104.625
,14763,-6.875,104.625
,14764,-7.125,104.625
,14765,-7.375,104.625
,14766,-7.625,104.625
,14767,-7.875,104.625
,14768,-8.125,104.625
,14769,-8.375,104.625
,14770,-8.625,104.625
,14771,-8.875,104.625
,14772,-9.125,104.625
,14773,-9.375,104.625
,14774,-9.625,104.625
,14775,-9.875,104.625
4.8422478535375E-6,14776,-10.125,104.625
7.918054150596822E-6,14777,-10.375,104.625
7.092359389028084E-6,14778,-10.625,104.625
7.824705146748365E-6,14779,-10.875,104.625
,14780,-11.125,104.625
,14781,-11.375,104.625
,14782,-11.625,104.625
,14783,-11.875,104.625
,14784,31.875,104.875
,14785,31.625,104.875
,14786,31.375,104.875
,14787,31.125,104.875
,14788,30.875,104.875
,14789,30.625,104.875
,14790,30.375,104.875
,14791,30.125,104.875
,14792,29.875,104.875
,14793,29.625,104.875
,14794,29.375,104.875
,14795,29.125,104.875
,14796,28.875,104.875
,14797,28.625,104.875
,14798,28.375,104.875
,14799,28.125,104.875
,14800,27.875,104.875
,14801,27.625,104.875
,14802,27.375,104.875
,14803,27.125,104.875
,14804,26.875,104.875
,14805,26.625,104.875
,14806,26.375,104.875
,14807,26.125,104.875
,14808,25.875,104.875
,14809,25.625,104.875
,14810,25.375,104.875
,14811,25.125,104.875
,14812,24.875,104.875
,14813,24.625,104.875
,14814,24.375,104.875
,14815,24.125,104.875
,14816,23.875,104.875
,14817,23.625,104.875
,14818,23.375,104.875
,14819,23.125,104.875
,14820,22.875,104.875
,14821,22.625,104.875
,14822,22.375,104.875
,14823,22.125,104.875
,14824,21.875,104.875
,14825,21.625,104.875
,14826,21.375,104.875
,14827,21.125,104.875
,14828,20.875,104.875
,14829,20.625,104.875
,14830,20.375,104.875
,14831,20.125,104.875
,14832,19.875,104.875
,14833,19.625,104.875
,14834,19.375,104.875
,14835,19.125,104.875
,14836,18.875,104.875
,14837,18.625,104.875
,14838,18.375,104.875
,14839,18.125,104.875
,14840,17.875,104.875
,14841,17.625,104.875
,14842,17.375,104.875
,14843,17.125,104.875
,14844,16.875,104.875
,14845,16.625,104.875
,14846,16.375,104.875
,14847,16.125,104.875
,14848,15.875,104.875
4.237442742905062E-5,14849,15.625,104.875
3.3169223811737034E-5,14850,15.375,104.875
3.3845065391080956E-5,14851,15.125,104.875
2.0845089217082298E-5,14852,14.875,104.875
2.2246497301074313E-5,14853,14.625,104.875
2.599586878462576E-5,14854,14.375,104.875
2.175682134959536E-5,14855,14.125,104.875
2.6741732401311382E-5,14856,13.875,104.875
2.3330771035451674E-5,14857,13.625,104.875
2.3551457322218643E-5,14858,13.375,104.875
2.3791700045294116E-5,14859,13.125,104.875
2.681117891479736E-5,14860,12.875,104.875
1.2962269274949986E-5,14861,12.625,104.875
1.9710220421453177E-5,14862,12.375,104.875
2.7866290950233697E-5,14863,12.125,104.875
2.8289782677247943E-5,14864,11.875,104.875
3.414190972089751E-5,14865,11.625,104.875
2.4176062260210246E-5,14866,11.375,104.875
2.7179731320965115E-5,14867,11.125,104.875
3.509974974341143E-5,14868,10.875,104.875
4.88502181041016E-5,14869,10.625,104.875
,14870,10.375,104.875
,14871,10.125,104.875
8.152673230460575E-6,14872,9.875,104.875
,14873,9.625,104.875
,14874,9.375,104.875
,14875,9.125,104.875
,14876,8.875,104.875
,14877,8.625,104.875
,14878,8.375,104.875
-1.3857248874483433E-6,14879,8.125,104.875
,14880,7.875,104.875
2.9540245836278428E-6,14881,7.625,104.875
5.979063603716955E-6,14882,7.375,104.875
4.564485559378158E-6,14883,7.125,104.875
7.380705267623291E-6,14884,6.875,104.875
9.982016919278697E-6,14885,6.625,104.875
7.770656914004315E-6,14886,6.375,104.875
6.325573366673765E-6,14887,6.125,104.875
7.919719428316135E-6,14888,5.875,104.875
8.506627786001614E-6,14889,5.625,104.875
1.2867979155651644E-5,14890,5.375,104.875
9.862444209651621E-6,14891,5.125,104.875
8.099360572154121E-6,14892,4.875,104.875
8.48526462449288E-6,14893,4.625,104.875
8.357636903837583E-6,14894,4.375,104.875
1.1415099990960473E-5,14895,4.125,104.875
1.3483339170058442E-5,14896,3.875,104.875
8.879654422731947E-6,14897,3.625,104.875
1.5344549000505207E-5,14898,3.375,104.875
1.0193895996417366E-5,14899,3.125,104.875
1.2935140852599435E-5,14900,2.875,104.875
1.339985342891011E-5,14901,2.625,104.875
1.8138732244364157E-5,14902,2.375,104.875
1.9772586114806432E-5,14903,2.125,104.875
3.722161893661257E-5,14904,1.875,104.875
3.8360308782009265E-5,14905,1.625,104.875
,14906,1.375,104.875
,14907,1.125,104.875
,14908,0.875,104.875
,14909,0.625,104.875
,14910,0.375,104.875
1.4807923632684166E-5,14911,0.125,104.875
1.5003923601315255E-5,14912,-0.125,104.875
2.0151060676711635E-5,14913,-0.375,104.875
,14914,-0.625,104.875
,14915,-0.875,104.875
,14916,-1.125,104.875
,14917,-1.375,104.875
,14918,-1.625,104.875
,14919,-1.875,104.875
,14920,-2.125,104.875
,14921,-2.375,104.875
,14922,-2.625,104.875
,14923,-2.875,104.875
,14924,-3.125,104.875
,14925,-3.375,104.875
,14926,-3.625,104.875
,14927,-3.875,104.875
,14928,-4.125,104.875
1.1079778173626465E-5,14929,-4.375,104.875
1.3126761995393508E-5,14930,-4.625,104.875
2.0185758890373435E-5,14931,-4.875,104.875
,14932,-5.125,104.875
,14933,-5.375,104.875
,14934,-5.625,104.875
,14935,-5.875,104.875
,14936,-6.125,104.875
,14937,-6.375,104.875
,14938,-6.625,104.875
,14939,-6.875,104.875
,14940,-7.125,104.875
,14941,-7.375,104.875
,14942,-7.625,104.875
,14943,-7.875,104.875
,14944,-8.125,104.875
,14945,-8.375,104.875
,14946,-8.625,104.875
,14947,-8.875,104.875
,14948,-9.125,104.875
,14949,-9.375,104.875
,14950,-9.625,104.875
,14951,-9.875,104.875
,14952,-10.125,104.875
,14953,-10.375,104.875
7.978860349678975E-6,14954,-10.625,104.875
6.891651687992368E-6,14955,-10.875,104.875
,14956,-11.125,104.875
,14957,-11.375,104.875
,14958,-11.625,104.875
,14959,-11.875,104.875
,14960,31.875,105.125
,14961,31.625,105.125
,14962,31.375,105.125
,14963,31.125,105.125
,14964,30.875,105.125
,14965,30.625,105.125
,14966,30.375,105.125
,14967,30.125,105.125
,14968,29.875,105.125
,14969,29.625,105.125
,14970,29.375,105.125
,14971,29.125,105.125
,14972,28.875,105.125
,14973,28.625,105.125
,14974,28.375,105.125
,14975,28.125,105.125
,14976,27.875,105.125
,14977,27.625,105.125
,14978,27.375,105.125
,14979,27.125,105.125
,14980,26.875,105.125
,14981,26.625,105.125
,14982,26.375,105.125
,14983,26.125,105.125
,14984,25.875,105.125
,14985,25.625,105.125
,14986,25.375,105.125
,14987,25.125,105.125
,14988,24.875,105.125
,14989,24.625,105.125
,14990,24.375,105.125
,14991,24.125,105.125
,14992,23.875,105.125
,14993,23.625,105.125
,14994,23.375,105.125
,14995,23.125,105.125
,14996,22.875,105.125
,14997,22.625,105.125
,14998,22.375,105.125
,14999,22.125,105.125
,15000,21.875,105.125
,15001,21.625,105.125
,15002,21.375,105.125
,15003,21.125,105.125
,15004,20.875,105.125
,15005,20.625,105.125
,15006,20.375,105.125
,15007,20.125,105.125
,15008,19.875,105.125
,15009,19.625,105.125
,15010,19.375,105.125
,15011,19.125,105.125
,15012,18.875,105.125
,15013,18.625,105.125
,15014,18.375,105.125
,15015,18.125,105.125
,15016,17.875,105.125
,15017,17.625,105.125
,15018,17.375,105.125
,15019,17.125,105.125
,15020,16.875,105.125
,15021,16.625,105.125
,15022,16.375,105.125
,15023,16.125,105.125
,15024,15.875,105.125
3.959083191919817E-5,15025,15.625,105.125
2.662854858289246E-5,15026,15.375,105.125
3.2851956669264147E-5,15027,15.125,105.125
2.1256035323749687E-5,15028,14.875,105.125
1.6194790493522793E-5,15029,14.625,105.125
2.1635360336782716E-5,15030,14.375,105.125
2.26802089056546E-5,15031,14.125,105.125
2.483139395212851E-5,15032,13.875,105.125
,15033,13.625,105.125
3.1155438687180036E-5,15034,13.375,105.125
2.1956053381097483E-5,15035,13.125,105.125
2.313644931076902E-5,15036,12.875,105.125
1.1206239809709614E-5,15037,12.625,105.125
,15038,12.375,105.125
2.958386027862811E-5,15039,12.125,105.125
,15040,11.875,105.125
3.681252215741088E-5,15041,11.625,105.125
2.0668455450700076E-5,15042,11.375,105.125
2.3951034883235784E-5,15043,11.125,105.125
5.488804451361758E-5,15044,10.875,105.125
6.067608748833998E-5,15045,10.625,105.125
5.247397372841311E-5,15046,10.375,105.125
,15047,10.125,105.125
,15048,9.875,105.125
,15049,9.625,105.125
,15050,9.375,105.125
,15051,9.125,105.125
,15052,8.875,105.125
,15053,8.625,105.125
,15054,8.375,105.125
-1.3857248809529864E-6,15055,8.125,105.125
,15056,7.875,105.125
2.9268143827298662E-6,15057,7.625,105.125
6.718926280262455E-6,15058,7.375,105.125
5.8458719659133066E-6,15059,7.125,105.125
7.580358959975983E-6,15060,6.875,105.125
7.122542083674542E-6,15061,6.625,105.125
4.804093997882121E-6,15062,6.375,105.125
7.060099795189044E-6,15063,6.125,105.125
6.421325548384249E-6,15064,5.875,105.125
1.5274513887266077E-5,15065,5.625,105.125
1.43957715822916E-5,15066,5.375,105.125
1.2100804603499166E-5,15067,5.125,105.125
1.1379994723107412E-5,15068,4.875,105.125
7.6019255099824525E-6,15069,4.625,105.125
1.153009675187227E-5,15070,4.375,105.125
9.695257470214265E-6,15071,4.125,105.125
9.363639973675784E-6,15072,3.875,105.125
1.6673948106710533E-5,15073,3.625,105.125
1.699097317762784E-5,15074,3.375,105.125
2.0003534750994064E-5,15075,3.125,105.125
1.563686756162895E-5,15076,2.875,105.125
1.4592223216321735E-5,15077,2.625,105.125
2.308024816917864E-5,15078,2.375,105.125
2.986935407835358E-5,15079,2.125,105.125
3.055210198262917E-5,15080,1.875,105.125
3.2816400903648257E-5,15081,1.625,105.125
2.2958376669280333E-5,15082,1.375,105.125
2.0544289822797894E-5,15083,1.125,105.125
,15084,0.875,105.125
,15085,0.625,105.125
,15086,0.375,105.125
1.1703938854443839E-5,15087,0.125,105.125
1.9846668594283916E-5,15088,-0.125,105.125
4.904097769630649E-6,15089,-0.375,105.125
,15090,-0.625,105.125
,15091,-0.875,105.125
,15092,-1.125,105.125
,15093,-1.375,105.125
,15094,-1.625,105.125
,15095,-1.875,105.125
,15096,-2.125,105.125
,15097,-2.375,105.125
4.916111101976015E-6,15098,-2.625,105.125
,15099,-2.875,105.125
,15100,-3.125,105.125
,15101,-3.375,105.125
,15102,-3.625,105.125
,15103,-3.875,105.125
,15104,-4.125,105.125
1.4086611772761832E-5,15105,-4.375,105.125
1.7869813768879262E-5,15106,-4.625,105.125
1.8798909083168015E-5,15107,-4.875,105.125
1.6377099404305265E-5,15108,-5.125,105.125
,15109,-5.375,105.125
,15110,-5.625,105.125
,15111,-5.875,105.125
,15112,-6.125,105.125
,15113,-6.375,105.125
,15114,-6.625,105.125
,15115,-6.875,105.125
,15116,-7.125,105.125
,15117,-7.375,105.125
,15118,-7.625,105.125
,15119,-7.875,105.125
,15120,-8.125,105.125
,15121,-8.375,105.125
,15122,-8.625,105.125
,15123,-8.875,105.125
,15124,-9.125,105.125
,15125,-9.375,105.125
,15126,-9.625,105.125
,15127,-9.875,105.125
4.314638343154067E-6,15128,-10.125,105.125
,15129,-10.375,105.125
9.686045027663627E-6,15130,-10.625,105.125
3.90530030237466E-6,15131,-10.875,105.125
,15132,-11.125,105.125
,15133,-11.375,105.125
,15134,-11.625,105.125
,15135,-11.875,105.125
,15136,31.875,105.375
,15137,31.625,105.375
,15138,31.375,105.375
,15139,31.125,105.375
,15140,30.875,105.375
,15141,30.625,105.375
,15142,30.375,105.375
,15143,30.125,105.375
,15144,29.875,105.375
,15145,29.625,105.375
,15146,29.375,105.375
,15147,29.125,105.375
,15148,28.875,105.375
,15149,28.625,105.375
,15150,28.375,105.375
,15151,28.125,105.375
,15152,27.875,105.375
,15153,27.625,105.375
,15154,27.375,105.375
,15155,27.125,105.375
,15156,26.875,105.375
,15157,26.625,105.375
,15158,26.375,105.375
,15159,26.125,105.375
,15160,25.875,105.375
,15161,25.625,105.375
,15162,25.375,105.375
,15163,25.125,105.375
,15164,24.875,105.375
,15165,24.625,105.375
,15166,24.375,105.375
,15167,24.125,105.375
,15168,23.875,105.375
,15169,23.625,105.375
,15170,23.375,105.375
,15171,23.125,105.375
,15172,22.875,105.375
,15173,22.625,105.375
,15174,22.375,105.375
,15175,22.125,105.375
,15176,21.875,105.375
,15177,21.625,105.375
,15178,21.375,105.375
,15179,21.125,105.375
,15180,20.875,105.375
,15181,20.625,105.375
,15182,20.375,105.375
,15183,20.125,105.375
,15184,19.875,105.375
,15185,19.625,105.375
,15186,19.375,105.375
,15187,19.125,105.375
,15188,18.875,105.375
,15189,18.625,105.375
,15190,18.375,105.375
,15191,18.125,105.375
,15192,17.875,105.375
,15193,17.625,105.375
,15194,17.375,105.375
,15195,17.125,105.375
,15196,16.875,105.375
,15197,16.625,105.375
,15198,16.375,105.375
,15199,16.125,105.375
,15200,15.875,105.375
,15201,15.625,105.375
2.5244535999096413E-5,15202,15.375,105.375
2.751785125495316E-5,15203,15.125,105.375
1.984644495868989E-5,15204,14.875,105.375
2.001214692176327E-5,15205,14.625,105.375
1.951623879382251E-5,15206,14.375,105.375
2.12681884681284E-5,15207,14.125,105.375
3.049912803936051E-5,15208,13.875,105.375
2.853525433149193E-5,15209,13.625,105.375
2.258812621564513E-5,15210,13.375,105.375
3.63069793139883E-5,15211,13.125,105.375
1.862340533677021E-5,15212,12.875,105.375
6.860438578047347E-6,15213,12.625,105.375
1.6275711693109325E-5,15214,12.375,105.375
,15215,12.125,105.375
2.566424194339112E-5,15216,11.875,105.375
2.3122232838957177E-5,15217,11.625,105.375
2.5103378729315077E-5,15218,11.375,105.375
2.708668630755726E-5,15219,11.125,105.375
3.7659736617340075E-5,15220,10.875,105.375
5.119455077160802E-5,15221,10.625,105.375
4.640036667832113E-5,15222,10.375,105.375
2.5461676411102543E-5,15223,10.125,105.375
,15224,9.875,105.375
,15225,9.625,105.375
,15226,9.375,105.375
,15227,9.125,105.375
,15228,8.875,105.375
,15229,8.625,105.375
,15230,8.375,105.375
,15231,8.125,105.375
,15232,7.875,105.375
3.94233572642973E-6,15233,7.625,105.375
7.325968403265091E-6,15234,7.375,105.375
8.363477471256471E-6,15235,7.125,105.375
9.499620426188294E-6,15236,6.875,105.375
9.98127813639284E-6,15237,6.625,105.375
8.888118451519752E-6,15238,6.375,105.375
8.505518940834016E-6,15239,6.125,105.375
8.454124004761008E-6,15240,5.875,105.375
9.698801981716536E-6,15241,5.625,105.375
8.586214174497092E-6,15242,5.375,105.375
1.0917979903373835E-5,15243,5.125,105.375
6.37168231405847E-6,15244,4.875,105.375
7.5447016625896445E-6,15245,4.625,105.375
1.2547258001157238E-5,15246,4.375,105.375
1.519474901727078E-5,15247,4.125,105.375
1.3324739325130473E-5,15248,3.875,105.375
1.880201445405237E-5,15249,3.625,105.375
3.3703076059417776E-5,15250,3.375,105.375
2.9800968109422292E-5,15251,3.125,105.375
1.8230042171848675E-5,15252,2.875,105.375
1.1306908943611116E-5,15253,2.625,105.375
1.1949917200225772E-5,15254,2.375,105.375
1.3636099049917546E-5,15255,2.125,105.375
1.764767024358605E-5,15256,1.875,105.375
2.15553556661951E-5,15257,1.625,105.375
1.609759263353252E-5,15258,1.375,105.375
1.7408058304398073E-5,15259,1.125,105.375
2.64197374897336E-5,15260,0.875,105.375
,15261,0.625,105.375
,15262,0.375,105.375
,15263,0.125,105.375
,15264,-0.125,105.375
1.6226917329802038E-5,15265,-0.375,105.375
1.667105432547032E-5,15266,-0.625,105.375
1.4207744308128526E-5,15267,-0.875,105.375
,15268,-1.125,105.375
,15269,-1.375,105.375
,15270,-1.625,105.375
,15271,-1.875,105.375
,15272,-2.125,105.375
,15273,-2.375,105.375
,15274,-2.625,105.375
,15275,-2.875,105.375
,15276,-3.125,105.375
,15277,-3.375,105.375
,15278,-3.625,105.375
,15279,-3.875,105.375
,15280,-4.125,105.375
,15281,-4.375,105.375
2.633794822764035E-5,15282,-4.625,105.375
2.628252315734619E-5,15283,-4.875,105.375
2.62825233902645E-5,15284,-5.125,105.375
1.9016478329265633E-5,15285,-5.375,105.375
,15286,-5.625,105.375
,15287,-5.875,105.375
,15288,-6.125,105.375
,15289,-6.375,105.375
,15290,-6.625,105.375
,15291,-6.875,105.375
,15292,-7.125,105.375
,15293,-7.375,105.375
,15294,-7.625,105.375
,15295,-7.875,105.375
,15296,-8.125,105.375
,15297,-8.375,105.375
,15298,-8.625,105.375
,15299,-8.875,105.375
,15300,-9.125,105.375
,15301,-9.375,105.375
,15302,-9.625,105.375
,15303,-9.875,105.375
,15304,-10.125,105.375
,15305,-10.375,105.375
1.5999372555301025E-5,15306,-10.625,105.375
,15307,-10.875,105.375
,15308,-11.125,105.375
,15309,-11.375,105.375
,15310,-11.625,105.375
,15311,-11.875,105.375
,15312,31.875,105.625
,15313,31.625,105.625
,15314,31.375,105.625
,15315,31.125,105.625
,15316,30.875,105.625
,15317,30.625,105.625
,15318,30.375,105.625
,15319,30.125,105.625
,15320,29.875,105.625
,15321,29.625,105.625
,15322,29.375,105.625
,15323,29.125,105.625
,15324,28.875,105.625
,15325,28.625,105.625
,15326,28.375,105.625
,15327,28.125,105.625
,15328,27.875,105.625
,15329,27.625,105.625
,15330,27.375,105.625
,15331,27.125,105.625
,15332,26.875,105.625
,15333,26.625,105.625
,15334,26.375,105.625
,15335,26.125,105.625
,15336,25.875,105.625
,15337,25.625,105.625
,15338,25.375,105.625
,15339,25.125,105.625
,15340,24.875,105.625
,15341,24.625,105.625
,15342,24.375,105.625
,15343,24.125,105.625
,15344,23.875,105.625
,15345,23.625,105.625
,15346,23.375,105.625
,15347,23.125,105.625
,15348,22.875,105.625
,15349,22.625,105.625
,15350,22.375,105.625
,15351,22.125,105.625
,15352,21.875,105.625
,15353,21.625,105.625
,15354,21.375,105.625
,15355,21.125,105.625
,15356,20.875,105.625
,15357,20.625,105.625
,15358,20.375,105.625
,15359,20.125,105.625
,15360,19.875,105.625
,15361,19.625,105.625
,15362,19.375,105.625
,15363,19.125,105.625
,15364,18.875,105.625
,15365,18.625,105.625
,15366,18.375,105.625
,15367,18.125,105.625
,15368,17.875,105.625
,15369,17.625,105.625
,15370,17.375,105.625
,15371,17.125,105.625
,15372,16.875,105.625
,15373,16.625,105.625
,15374,16.375,105.625
,15375,16.125,105.625
2.2054134233662654E-5,15376,15.875,105.625
,15377,15.625,105.625
1.2906346842927393E-5,15378,15.375,105.625
2.0494231786169553E-5,15379,15.125,105.625
1.9038759391043473E-5,15380,14.875,105.625
2.0236954245687856E-5,15381,14.625,105.625
3.202798199513542E-5,15382,14.375,105.625
4.0171034651564535E-5,15383,14.125,105.625
3.0499128118563468E-5,15384,13.875,105.625
,15385,13.625,105.625
1.4593271769773534E-5,15386,13.375,105.625
3.0215464471274435E-5,15387,13.125,105.625
2.3601276612916468E-5,15388,12.875,105.625
1.2170749469065234E-5,15389,12.625,105.625
1.9278470447943802E-5,15390,12.375,105.625
,15391,12.125,105.625
2.5041626930246896E-5,15392,11.875,105.625
4.4616388274806744E-5,15393,11.625,105.625
,15394,11.375,105.625
2.6678704624342703E-5,15395,11.125,105.625
4.9637989179595005E-5,15396,10.875,105.625
3.14418395543877E-5,15397,10.625,105.625
2.5793505227666915E-5,15398,10.375,105.625
2.0251766155729794E-5,15399,10.125,105.625
1.2904607800860616E-5,15400,9.875,105.625
,15401,9.625,105.625
,15402,9.375,105.625
,15403,9.125,105.625
,15404,8.875,105.625
,15405,8.625,105.625
,15406,8.375,105.625
,15407,8.125,105.625
-2.198569279186027E-8,15408,7.875,105.625
3.7577707269851893E-6,15409,7.625,105.625
8.051868836909564E-6,15410,7.375,105.625
5.290351106928816E-6,15411,7.125,105.625
1.0466978081322474E-5,15412,6.875,105.625
9.000300253256628E-6,15413,6.625,105.625
8.672164886529973E-6,15414,6.375,105.625
1.1160487311056985E-5,15415,6.125,105.625
1.0551997047759053E-5,15416,5.875,105.625
8.274746607886273E-6,15417,5.625,105.625
1.1118401501278753E-5,15418,5.375,105.625
8.611164439778598E-6,15419,5.125,105.625
7.96885617694833E-6,15420,4.875,105.625
7.88753116391007E-6,15421,4.625,105.625
1.4022351753244154E-5,15422,4.375,105.625
1.6634967022147613E-5,15423,4.125,105.625
2.285100012674797E-5,15424,3.875,105.625
3.648359260157851E-5,15425,3.625,105.625
2.4269003503887794E-5,15426,3.375,105.625
1.824096897646726E-5,15427,3.125,105.625
1.1247311267795616E-5,15428,2.875,105.625
1.1950791596806051E-5,15429,2.625,105.625
9.243859340954582E-6,15430,2.375,105.625
1.2943786127876525E-5,15431,2.125,105.625
1.3423418971982916E-5,15432,1.875,105.625
1.854513874200786E-5,15433,1.625,105.625
1.678749643019605E-5,15434,1.375,105.625
1.412210987471186E-5,15435,1.125,105.625
2.2348182084633165E-5,15436,0.875,105.625
1.7795751526667464E-5,15437,0.625,105.625
,15438,0.375,105.625
,15439,0.125,105.625
,15440,-0.125,105.625
,15441,-0.375,105.625
,15442,-0.625,105.625
,15443,-0.875,105.625
,15444,-1.125,105.625
9.594643204552908E-6,15445,-1.375,105.625
,15446,-1.625,105.625
,15447,-1.875,105.625
,15448,-2.125,105.625
,15449,-2.375,105.625
,15450,-2.625,105.625
,15451,-2.875,105.625
,15452,-3.125,105.625
,15453,-3.375,105.625
,15454,-3.625,105.625
,15455,-3.875,105.625
,15456,-4.125,105.625
2.0760900346170293E-5,15457,-4.375,105.625
2.2341337184867106E-5,15458,-4.625,105.625
,15459,-4.875,105.625
2.9549634005491012E-5,15460,-5.125,105.625
2.539753413071022E-5,15461,-5.375,105.625
,15462,-5.625,105.625
,15463,-5.875,105.625
,15464,-6.125,105.625
,15465,-6.375,105.625
,15466,-6.625,105.625
,15467,-6.875,105.625
,15468,-7.125,105.625
,15469,-7.375,105.625
,15470,-7.625,105.625
,15471,-7.875,105.625
,15472,-8.125,105.625
,15473,-8.375,105.625
,15474,-8.625,105.625
,15475,-8.875,105.625
,15476,-9.125,105.625
,15477,-9.375,105.625
,15478,-9.625,105.625
,15479,-9.875,105.625
,15480,-10.125,105.625
,15481,-10.375,105.625
1.9273548135631058E-5,15482,-10.625,105.625
,15483,-10.875,105.625
,15484,-11.125,105.625
,15485,-11.375,105.625
,15486,-11.625,105.625
,15487,-11.875,105.625
,15488,31.875,105.875
,15489,31.625,105.875
,15490,31.375,105.875
,15491,31.125,105.875
,15492,30.875,105.875
,15493,30.625,105.875
,15494,30.375,105.875
,15495,30.125,105.875
,15496,29.875,105.875
,15497,29.625,105.875
,15498,29.375,105.875
,15499,29.125,105.875
,15500,28.875,105.875
,15501,28.625,105.875
,15502,28.375,105.875
,15503,28.125,105.875
,15504,27.875,105.875
,15505,27.625,105.875
,15506,27.375,105.875
,15507,27.125,105.875
,15508,26.875,105.875
,15509,26.625,105.875
,15510,26.375,105.875
,15511,26.125,105.875
,15512,25.875,105.875
,15513,25.625,105.875
,15514,25.375,105.875
,15515,25.125,105.875
,15516,24.875,105.875
,15517,24.625,105.875
,15518,24.375,105.875
,15519,24.125,105.875
,15520,23.875,105.875
,15521,23.625,105.875
,15522,23.375,105.875
,15523,23.125,105.875
,15524,22.875,105.875
,15525,22.625,105.875
,15526,22.375,105.875
,15527,22.125,105.875
,15528,21.875,105.875
,15529,21.625,105.875
,15530,21.375,105.875
,15531,21.125,105.875
,15532,20.875,105.875
,15533,20.625,105.875
,15534,20.375,105.875
2.3693290135032537E-5,15535,20.125,105.875
,15536,19.875,105.875
,15537,19.625,105.875
1.6334030733686046E-5,15538,19.375,105.875
1.8431426823814367E-5,15539,19.125,105.875
,15540,18.875,105.875
,15541,18.625,105.875
,15542,18.375,105.875
,15543,18.125,105.875
,15544,17.875,105.875
,15545,17.625,105.875
,15546,17.375,105.875
,15547,17.125,105.875
,15548,16.875,105.875
,15549,16.625,105.875
,15550,16.375,105.875
2.740595729206003E-5,15551,16.125,105.875
2.205413472649608E-5,15552,15.875,105.875
,15553,15.625,105.875
1.3281411865859545E-5,15554,15.375,105.875
2.163862595435947E-5,15555,15.125,105.875
2.4246644962971747E-5,15556,14.875,105.875
2.0185636392057918E-5,15557,14.625,105.875
1.9145577942330922E-5,15558,14.375,105.875
2.2323326872359362E-5,15559,14.125,105.875
2.155092291393927E-5,15560,13.875,105.875
1.7626089587291555E-5,15561,13.625,105.875
1.8435729620395225E-5,15562,13.375,105.875
2.2241956596404576E-5,15563,13.125,105.875
1.9170858221618027E-5,15564,12.875,105.875
2.1530523034397994E-5,15565,12.625,105.875
2.6867467372802232E-5,15566,12.375,105.875
,15567,12.125,105.875
2.2595620341778115E-5,15568,11.875,105.875
2.1939488901492198E-5,15569,11.625,105.875
3.113764906644792E-5,15570,11.375,105.875
,15571,11.125,105.875
5.76658407642256E-5,15572,10.875,105.875
2.6543997288994364E-5,15573,10.625,105.875
2.1706533490771716E-5,15574,10.375,105.875
1.6107012993242844E-5,15575,10.125,105.875
1.3374169828253078E-5,15576,9.875,105.875
,15577,9.625,105.875
,15578,9.375,105.875
,15579,9.125,105.875
,15580,8.875,105.875
,15581,8.625,105.875
,15582,8.375,105.875
,15583,8.125,105.875
,15584,7.875,105.875
,15585,7.625,105.875
4.558844709045371E-6,15586,7.375,105.875
7.266962739929018E-6,15587,7.125,105.875
8.765746212667881E-6,15588,6.875,105.875
1.0782374676759503E-5,15589,6.625,105.875
1.5306159130212566E-5,15590,6.375,105.875
3.6953344525937384E-6,15591,6.125,105.875
1.1032592453531272E-5,15592,5.875,105.875
9.824160982414186E-6,15593,5.625,105.875
6.749490788934787E-6,15594,5.375,105.875
1.081831961594464E-5,15595,5.125,105.875
5.798333276741713E-6,15596,4.875,105.875
1.2912643712062245E-5,15597,4.625,105.875
1.6376881845004883E-5,15598,4.375,105.875
3.207502031227588E-5,15599,4.125,105.875
3.577100436107983E-5,15600,3.875,105.875
1.7153700569595093E-5,15601,3.625,105.875
1.2242192322644654E-5,15602,3.375,105.875
1.0069021565245047E-5,15603,3.125,105.875
8.44525598022024E-6,15604,2.875,105.875
7.733166489740575E-6,15605,2.625,105.875
1.0649652328241408E-5,15606,2.375,105.875
1.4255999397095137E-5,15607,2.125,105.875
1.0153383685078139E-5,15608,1.875,105.875
1.7448743387088364E-5,15609,1.625,105.875
1.743492596508389E-5,15610,1.375,105.875
1.7721903770534758E-5,15611,1.125,105.875
1.9707627750181944E-5,15612,0.875,105.875
2.0698923776128486E-5,15613,0.625,105.875
1.2362408594985132E-5,15614,0.375,105.875
,15615,0.125,105.875
,15616,-0.125,105.875
,15617,-0.375,105.875
4.070601787201817E-6,15618,-0.625,105.875
,15619,-0.875,105.875
,15620,-1.125,105.875
,15621,-1.375,105.875
,15622,-1.625,105.875
,15623,-1.875,105.875
,15624,-2.125,105.875
,15625,-2.375,105.875
,15626,-2.625,105.875
,15627,-2.875,105.875
,15628,-3.125,105.875
,15629,-3.375,105.875
,15630,-3.625,105.875
,15631,-3.875,105.875
,15632,-4.125,105.875
,15633,-4.375,105.875
,15634,-4.625,105.875
1.908295687924034E-5,15635,-4.875,105.875
1.7217525475268205E-5,15636,-5.125,105.875
3.6586201636956133E-5,15637,-5.375,105.875
,15638,-5.625,105.875
,15639,-5.875,105.875
3.545950386390732E-5,15640,-6.125,105.875
4.9458632423022066E-5,15641,-6.375,105.875
3.124347347949132E-5,15642,-6.625,105.875
2.9163194394801978E-5,15643,-6.875,105.875
,15644,-7.125,105.875
7.529557179084394E-6,15645,-7.375,105.875
1.6123647233155764E-5,15646,-7.625,105.875
1.2319480825648079E-5,15647,-7.875,105.875
8.951892343989412E-6,15648,-8.125,105.875
3.6035899992387967E-6,15649,-8.375,105.875
3.535308004290942E-6,15650,-8.625,105.875
,15651,-8.875,105.875
,15652,-9.125,105.875
,15653,-9.375,105.875
,15654,-9.625,105.875
,15655,-9.875,105.875
,15656,-10.125,105.875
,15657,-10.375,105.875
,15658,-10.625,105.875
,15659,-10.875,105.875
,15660,-11.125,105.875
,15661,-11.375,105.875
,15662,-11.625,105.875
,15663,-11.875,105.875
,15664,31.875,106.125
,15665,31.625,106.125
,15666,31.375,106.125
,15667,31.125,106.125
,15668,30.875,106.125
,15669,30.625,106.125
,15670,30.375,106.125
,15671,30.125,106.125
,15672,29.875,106.125
,15673,29.625,106.125
,15674,29.375,106.125
,15675,29.125,106.125
,15676,28.875,106.125
,15677,28.625,106.125
,15678,28.375,106.125
,15679,28.125,106.125
,15680,27.875,106.125
,15681,27.625,106.125
,15682,27.375,106.125
,15683,27.125,106.125
,15684,26.875,106.125
,15685,26.625,106.125
,15686,26.375,106.125
,15687,26.125,106.125
,15688,25.875,106.125
,15689,25.625,106.125
,15690,25.375,106.125
,15691,25.125,106.125
,15692,24.875,106.125
,15693,24.625,106.125
,15694,24.375,106.125
,15695,24.125,106.125
,15696,23.875,106.125
,15697,23.625,106.125
,15698,23.375,106.125
,15699,23.125,106.125
,15700,22.875,106.125
,15701,22.625,106.125
,15702,22.375,106.125
,15703,22.125,106.125
,15704,21.875,106.125
,15705,21.625,106.125
,15706,21.375,106.125
,15707,21.125,106.125
,15708,20.875,106.125
,15709,20.625,106.125
,15710,20.375,106.125
,15711,20.125,106.125
,15712,19.875,106.125
2.6565884359853232E-5,15713,19.625,106.125
2.25428287457938E-5,15714,19.375,106.125
,15715,19.125,106.125
2.5375202302565318E-5,15716,18.875,106.125
,15717,18.625,106.125
,15718,18.375,106.125
,15719,18.125,106.125
,15720,17.875,106.125
,15721,17.625,106.125
,15722,17.375,106.125
,15723,17.125,106.125
,15724,16.875,106.125
2.3084917153533158E-5,15725,16.625,106.125
3.5237907139088945E-5,15726,16.375,106.125
3.3083749633245616E-5,15727,16.125,106.125
2.1792803611081404E-5,15728,15.875,106.125
,15729,15.625,106.125
,15730,15.375,106.125
4.110213642839102E-5,15731,15.125,106.125
3.8215296281821654E-5,15732,14.875,106.125
2.9370355315938098E-5,15733,14.625,106.125
2.154214268304135E-5,15734,14.375,106.125
1.5791698885580588E-5,15735,14.125,106.125
1.652986111449254E-5,15736,13.875,106.125
1.6396375065968203E-5,15737,13.625,106.125
1.642588499204778E-5,15738,13.375,106.125
2.372315616326851E-5,15739,13.125,106.125
2.179003973414938E-5,15740,12.875,106.125
2.879462120855252E-5,15741,12.625,106.125
2.8894221098039028E-5,15742,12.375,106.125
1.8873082847796976E-5,15743,12.125,106.125
2.9501645016280836E-5,15744,11.875,106.125
1.9913005001195107E-5,15745,11.625,106.125
3.000778931473319E-5,15746,11.375,106.125
,15747,11.125,106.125
,15748,10.875,106.125
2.359186126093328E-5,15749,10.625,106.125
1.9044963998731805E-5,15750,10.375,106.125
1.658343646254144E-5,15751,10.125,106.125
1.2491317768236948E-5,15752,9.875,106.125
,15753,9.625,106.125
,15754,9.375,106.125
,15755,9.125,106.125
,15756,8.875,106.125
,15757,8.625,106.125
,15758,8.375,106.125
,15759,8.125,106.125
,15760,7.875,106.125
,15761,7.625,106.125
2.1552103790769358E-6,15762,7.375,106.125
7.065789188353649E-6,15763,7.125,106.125
9.525223307438978E-6,15764,6.875,106.125
8.61104603889091E-6,15765,6.625,106.125
8.92279881514766E-6,15766,6.375,106.125
7.86703581237251E-6,15767,6.125,106.125
1.0570093264119355E-5,15768,5.875,106.125
1.052098475090877E-5,15769,5.625,106.125
5.374488559815051E-6,15770,5.375,106.125
1.4304843520410554E-5,15771,5.125,106.125
9.813339822017186E-6,15772,4.875,106.125
2.1491284794937793E-5,15773,4.625,106.125
2.3119635374618363E-5,15774,4.375,106.125
4.184115733100239E-5,15775,4.125,106.125
2.969481346711651E-5,15776,3.875,106.125
1.3086611822160698E-5,15777,3.625,106.125
1.074811920140267E-5,15778,3.375,106.125
1.229506585735151E-5,15779,3.125,106.125
1.1902621694903034E-5,15780,2.875,106.125
1.3024985078122676E-5,15781,2.625,106.125
9.446539428525352E-6,15782,2.375,106.125
1.0624059435756074E-5,15783,2.125,106.125
1.2762378870174678E-5,15784,1.875,106.125
1.4716904599814068E-5,15785,1.625,106.125
1.5834307079403156E-5,15786,1.375,106.125
1.5997535435185392E-5,15787,1.125,106.125
1.29139047194448E-5,15788,0.875,106.125
1.4158060387356074E-5,15789,0.625,106.125
2.006576931553514E-5,15790,0.375,106.125
,15791,0.125,106.125
,15792,-0.125,106.125
,15793,-0.375,106.125
,15794,-0.625,106.125
,15795,-0.875,106.125
,15796,-1.125,106.125
,15797,-1.375,106.125
,15798,-1.625,106.125
,15799,-1.875,106.125
,15800,-2.125,106.125
,15801,-2.375,106.125
,15802,-2.625,106.125
,15803,-2.875,106.125
,15804,-3.125,106.125
,15805,-3.375,106.125
,15806,-3.625,106.125
,15807,-3.875,106.125
,15808,-4.125,106.125
,15809,-4.375,106.125
,15810,-4.625,106.125
,15811,-4.875,106.125
1.7661977170697134E-5,15812,-5.125,106.125
1.7442390324095494E-5,15813,-5.375,106.125
2.1232276789027668E-5,15814,-5.625,106.125
3.810846278362051E-5,15815,-5.875,106.125
5.004769025037304E-5,15816,-6.125,106.125
4.725448941760001E-5,15817,-6.375,106.125
,15818,-6.625,106.125
1.4459238028397936E-5,15819,-6.875,106.125
,15820,-7.125,106.125
,15821,-7.375,106.125
7.882884542024862E-6,15822,-7.625,106.125
1.2488999309788329E-5,15823,-7.875,106.125
1.0247173389310924E-6,15824,-8.125,106.125
1.0197167100216474E-5,15825,-8.375,106.125
1.529160206349924E-5,15826,-8.625,106.125
,15827,-8.875,106.125
,15828,-9.125,106.125
,15829,-9.375,106.125
,15830,-9.625,106.125
,15831,-9.875,106.125
,15832,-10.125,106.125
,15833,-10.375,106.125
,15834,-10.625,106.125
,15835,-10.875,106.125
,15836,-11.125,106.125
,15837,-11.375,106.125
,15838,-11.625,106.125
,15839,-11.875,106.125
,15840,31.875,106.375
,15841,31.625,106.375
,15842,31.375,106.375
,15843,31.125,106.375
,15844,30.875,106.375
,15845,30.625,106.375
,15846,30.375,106.375
,15847,30.125,106.375
,15848,29.875,106.375
,15849,29.625,106.375
,15850,29.375,106.375
,15851,29.125,106.375
,15852,28.875,106.375
,15853,28.625,106.375
,15854,28.375,106.375
,15855,28.125,106.375
,15856,27.875,106.375
,15857,27.625,106.375
,15858,27.375,106.375
,15859,27.125,106.375
,15860,26.875,106.375
,15861,26.625,106.375
,15862,26.375,106.375
,15863,26.125,106.375
,15864,25.875,106.375
,15865,25.625,106.375
,15866,25.375,106.375
,15867,25.125,106.375
,15868,24.875,106.375
,15869,24.625,106.375
,15870,24.375,106.375
,15871,24.125,106.375
,15872,23.875,106.375
,15873,23.625,106.375
,15874,23.375,106.375
,15875,23.125,106.375
,15876,22.875,106.375
,15877,22.625,106.375
,15878,22.375,106.375
,15879,22.125,106.375
,15880,21.875,106.375
,15881,21.625,106.375
,15882,21.375,106.375
,15883,21.125,106.375
,15884,20.875,106.375
,15885,20.625,106.375
,15886,20.375,106.375
,15887,20.125,106.375
3.5822870387572803E-5,15888,19.875,106.375
3.112199181614029E-5,15889,19.625,106.375
2.408016468104911E-5,15890,19.375,106.375
2.3143943802991623E-5,15891,19.125,106.375
,15892,18.875,106.375
,15893,18.625,106.375
,15894,18.375,106.375
,15895,18.125,106.375
,15896,17.875,106.375
,15897,17.625,106.375
,15898,17.375,106.375
,15899,17.125,106.375
,15900,16.875,106.375
2.1972187737313585E-5,15901,16.625,106.375
4.10920458676632E-5,15902,16.375,106.375
6.740635687001474E-5,15903,16.125,106.375
2.4884315506840845E-5,15904,15.875,106.375
,15905,15.625,106.375
,15906,15.375,106.375
,15907,15.125,106.375
5.738238155004745E-5,15908,14.875,106.375
5.871738373402712E-5,15909,14.625,106.375
1.01537714275792E-5,15910,14.375,106.375
,15911,14.125,106.375
,15912,13.875,106.375
1.5376830307654866E-5,15913,13.625,106.375
1.8885548568184865E-5,15914,13.375,106.375
,15915,13.125,106.375
,15916,12.875,106.375
3.268604980380649E-5,15917,12.625,106.375
,15918,12.375,106.375
,15919,12.125,106.375
2.795777275637219E-5,15920,11.875,106.375
2.7885442928773413E-5,15921,11.625,106.375
3.6644940556547614E-5,15922,11.375,106.375
,15923,11.125,106.375
2.5770017758889627E-5,15924,10.875,106.375
3.346889374788489E-5,15925,10.625,106.375
2.4332588859887162E-5,15926,10.375,106.375
1.6682910784621964E-5,15927,10.125,106.375
1.9667504565997097E-5,15928,9.875,106.375
,15929,9.625,106.375
,15930,9.375,106.375
,15931,9.125,106.375
,15932,8.875,106.375
,15933,8.625,106.375
,15934,8.375,106.375
,15935,8.125,106.375
,15936,7.875,106.375
,15937,7.625,106.375
-2.1708588059162434E-6,15938,7.375,106.375
3.4031666025053137E-6,15939,7.125,106.375
1.0380591500056394E-5,15940,6.875,106.375
7.688470747182986E-6,15941,6.625,106.375
7.390958616394552E-6,15942,6.375,106.375
6.88132517620608E-6,15943,6.125,106.375
-4.3685649887619115E-8,15944,5.875,106.375
9.013355615223842E-6,15945,5.625,106.375
2.063768070632727E-5,15946,5.375,106.375
1.73105520492631E-5,15947,5.125,106.375
2.3691193726398307E-5,15948,4.875,106.375
2.5377024608495706E-5,15949,4.625,106.375
2.1255931981547443E-5,15950,4.375,106.375
1.5785452271365513E-5,15951,4.125,106.375
1.389105554371509E-5,15952,3.875,106.375
1.8947083153242596E-5,15953,3.625,106.375
1.054793224795236E-5,15954,3.375,106.375
1.6250471641884783E-5,15955,3.125,106.375
1.4612891883523885E-5,15956,2.875,106.375
1.3275459505090786E-5,15957,2.625,106.375
1.177285093276951E-5,15958,2.375,106.375
1.2491771023070005E-5,15959,2.125,106.375
9.820949441477192E-6,15960,1.875,106.375
1.3035649995345457E-5,15961,1.625,106.375
1.9075165589376747E-5,15962,1.375,106.375
2.009821247120361E-5,15963,1.125,106.375
,15964,0.875,106.375
1.1628548572223743E-5,15965,0.625,106.375
1.1350823937489365E-5,15966,0.375,106.375
1.348553576470657E-5,15967,0.125,106.375
1.0474374991422537E-5,15968,-0.125,106.375
,15969,-0.375,106.375
,15970,-0.625,106.375
,15971,-0.875,106.375
,15972,-1.125,106.375
,15973,-1.375,106.375
,15974,-1.625,106.375
,15975,-1.875,106.375
,15976,-2.125,106.375
,15977,-2.375,106.375
,15978,-2.625,106.375
,15979,-2.875,106.375
,15980,-3.125,106.375
,15981,-3.375,106.375
,15982,-3.625,106.375
,15983,-3.875,106.375
,15984,-4.125,106.375
,15985,-4.375,106.375
,15986,-4.625,106.375
,15987,-4.875,106.375
,15988,-5.125,106.375
,15989,-5.375,106.375
,15990,-5.625,106.375
,15991,-5.875,106.375
1.1181255878419875E-4,15992,-6.125,106.375
,15993,-6.375,106.375
,15994,-6.625,106.375
,15995,-6.875,106.375
,15996,-7.125,106.375
,15997,-7.375,106.375
,15998,-7.625,106.375
1.1054853092954207E-5,15999,-7.875,106.375
8.68783443648181E-6,16000,-8.125,106.375
9.974125708101317E-6,16001,-8.375,106.375
1.0271494583924046E-5,16002,-8.625,106.375
2.830549601476194E-6,16003,-8.875,106.375
5.2770971715068745E-6,16004,-9.125,106.375
1.7447150302151117E-5,16005,-9.375,106.375
,16006,-9.625,106.375
,16007,-9.875,106.375
,16008,-10.125,106.375
,16009,-10.375,106.375
,16010,-10.625,106.375
,16011,-10.875,106.375
,16012,-11.125,106.375
,16013,-11.375,106.375
,16014,-11.625,106.375
,16015,-11.875,106.375
,16016,31.875,106.625
,16017,31.625,106.625
,16018,31.375,106.625
,16019,31.125,106.625
,16020,30.875,106.625
,16021,30.625,106.625
,16022,30.375,106.625
,16023,30.125,106.625
,16024,29.875,106.625
,16025,29.625,106.625
,16026,29.375,106.625
,16027,29.125,106.625
,16028,28.875,106.625
,16029,28.625,106.625
,16030,28.375,106.625
,16031,28.125,106.625
,16032,27.875,106.625
,16033,27.625,106.625
,16034,27.375,106.625
,16035,27.125,106.625
,16036,26.875,106.625
,16037,26.625,106.625
,16038,26.375,106.625
,16039,26.125,106.625
,16040,25.875,106.625
,16041,25.625,106.625
,16042,25.375,106.625
,16043,25.125,106.625
,16044,24.875,106.625
,16045,24.625,106.625
,16046,24.375,106.625
,16047,24.125,106.625
,16048,23.875,106.625
,16049,23.625,106.625
,16050,23.375,106.625
,16051,23.125,106.625
,16052,22.875,106.625
,16053,22.625,106.625
,16054,22.375,106.625
,16055,22.125,106.625
,16056,21.875,106.625
,16057,21.625,106.625
,16058,21.375,106.625
,16059,21.125,106.625
,16060,20.875,106.625
,16061,20.625,106.625
,16062,20.375,106.625
,16063,20.125,106.625
,16064,19.875,106.625
2.2202885735793922E-5,16065,19.625,106.625
2.1785434988574436E-5,16066,19.375,106.625
2.085863676640936E-5,16067,19.125,106.625
2.880353234832976E-5,16068,18.875,106.625
,16069,18.625,106.625
1.8074417485207232E-5,16070,18.375,106.625
1.9470081703851565E-5,16071,18.125,106.625
1.5505131199568626E-5,16072,17.875,106.625
,16073,17.625,106.625
,16074,17.375,106.625
,16075,17.125,106.625
,16076,16.875,106.625
,16077,16.625,106.625
,16078,16.375,106.625
1.082198640966278E-4,16079,16.125,106.625
,16080,15.875,106.625
1.940221032804806E-5,16081,15.625,106.625
2.1145864543240598E-5,16082,15.375,106.625
1.753026894473391E-5,16083,15.125,106.625
2.0199649781684026E-5,16084,14.875,106.625
2.4467712444711416E-5,16085,14.625,106.625
7.41924331227284E-6,16086,14.375,106.625
1.3669982927842456E-5,16087,14.125,106.625
,16088,13.875,106.625
2.242260248696883E-5,16089,13.625,106.625
,16090,13.375,106.625
,16091,13.125,106.625
,16092,12.875,106.625
,16093,12.625,106.625
,16094,12.375,106.625
2.2771411820594542E-5,16095,12.125,106.625
2.97936610001085E-5,16096,11.875,106.625
1.9974512443611215E-5,16097,11.625,106.625
2.8831136899215043E-5,16098,11.375,106.625
,16099,11.125,106.625
,16100,10.875,106.625
2.487659124468587E-5,16101,10.625,106.625
1.4683528074344338E-5,16102,10.375,106.625
1.446969181749026E-5,16103,10.125,106.625
1.2428593247733177E-5,16104,9.875,106.625
,16105,9.625,106.625
,16106,9.375,106.625
,16107,9.125,106.625
,16108,8.875,106.625
,16109,8.625,106.625
,16110,8.375,106.625
,16111,8.125,106.625
,16112,7.875,106.625
,16113,7.625,106.625
,16114,7.375,106.625
,16115,7.125,106.625
,16116,6.875,106.625
6.901061587012715E-6,16117,6.625,106.625
4.537395771848315E-6,16118,6.375,106.625
9.447259000561742E-6,16119,6.125,106.625
6.609891701321181E-6,16120,5.875,106.625
1.4027786153677032E-5,16121,5.625,106.625
1.513147047737201E-5,16122,5.375,106.625
2.1880744182322838E-5,16123,5.125,106.625
2.2290050096169023E-5,16124,4.875,106.625
2.1134231510379187E-5,16125,4.625,106.625
1.8499012495728268E-5,16126,4.375,106.625
1.4150260416188986E-5,16127,4.125,106.625
1.4426933607464961E-5,16128,3.875,106.625
1.32702660471016E-5,16129,3.625,106.625
1.1334160173666892E-5,16130,3.375,106.625
9.550404095771576E-6,16131,3.125,106.625
1.0630776013339386E-5,16132,2.875,106.625
9.814652545972484E-6,16133,2.625,106.625
1.21160004774817E-5,16134,2.375,106.625
1.159098423809069E-5,16135,2.125,106.625
8.350083613183381E-6,16136,1.875,106.625
1.1331553240017E-5,16137,1.625,106.625
1.598677388115586E-5,16138,1.375,106.625
,16139,1.125,106.625
3.903328404808681E-6,16140,0.875,106.625
5.112976555636261E-6,16141,0.625,106.625
1.623703385969774E-5,16142,0.375,106.625
6.397903827660904E-6,16143,0.125,106.625
1.248763000466062E-5,16144,-0.125,106.625
1.6327953698892355E-5,16145,-0.375,106.625
2.0911878070465384E-5,16146,-0.625,106.625
,16147,-0.875,106.625
,16148,-1.125,106.625
,16149,-1.375,106.625
,16150,-1.625,106.625
,16151,-1.875,106.625
,16152,-2.125,106.625
,16153,-2.375,106.625
,16154,-2.625,106.625
,16155,-2.875,106.625
,16156,-3.125,106.625
,16157,-3.375,106.625
,16158,-3.625,106.625
,16159,-3.875,106.625
,16160,-4.125,106.625
,16161,-4.375,106.625
,16162,-4.625,106.625
,16163,-4.875,106.625
,16164,-5.125,106.625
,16165,-5.375,106.625
,16166,-5.625,106.625
,16167,-5.875,106.625
1.1523634412203154E-4,16168,-6.125,106.625
,16169,-6.375,106.625
,16170,-6.625,106.625
,16171,-6.875,106.625
,16172,-7.125,106.625
,16173,-7.375,106.625
,16174,-7.625,106.625
1.564926257972493E-5,16175,-7.875,106.625
1.5193860980535437E-5,16176,-8.125,106.625
1.5668974312280462E-5,16177,-8.375,106.625
8.988206998484322E-6,16178,-8.625,106.625
1.2551055999773526E-5,16179,-8.875,106.625
1.411757176000616E-5,16180,-9.125,106.625
1.7198791836717693E-5,16181,-9.375,106.625
1.399463513006244E-5,16182,-9.625,106.625
,16183,-9.875,106.625
,16184,-10.125,106.625
,16185,-10.375,106.625
,16186,-10.625,106.625
,16187,-10.875,106.625
,16188,-11.125,106.625
,16189,-11.375,106.625
,16190,-11.625,106.625
,16191,-11.875,106.625
,16192,31.875,106.875
,16193,31.625,106.875
,16194,31.375,106.875
,16195,31.125,106.875
,16196,30.875,106.875
,16197,30.625,106.875
,16198,30.375,106.875
,16199,30.125,106.875
,16200,29.875,106.875
,16201,29.625,106.875
,16202,29.375,106.875
,16203,29.125,106.875
,16204,28.875,106.875
,16205,28.625,106.875
,16206,28.375,106.875
,16207,28.125,106.875
,16208,27.875,106.875
,16209,27.625,106.875
,16210,27.375,106.875
,16211,27.125,106.875
,16212,26.875,106.875
,16213,26.625,106.875
,16214,26.375,106.875
,16215,26.125,106.875
,16216,25.875,106.875
,16217,25.625,106.875
,16218,25.375,106.875
,16219,25.125,106.875
,16220,24.875,106.875
,16221,24.625,106.875
,16222,24.375,106.875
,16223,24.125,106.875
,16224,23.875,106.875
,16225,23.625,106.875
,16226,23.375,106.875
,16227,23.125,106.875
,16228,22.875,106.875
,16229,22.625,106.875
,16230,22.375,106.875
,16231,22.125,106.875
,16232,21.875,106.875
,16233,21.625,106.875
,16234,21.375,106.875
,16235,21.125,106.875
,16236,20.875,106.875
,16237,20.625,106.875
,16238,20.375,106.875
,16239,20.125,106.875
,16240,19.875,106.875
2.2205811187357718E-5,16241,19.625,106.875
,16242,19.375,106.875
1.7202326110298974E-5,16243,19.125,106.875
2.5561494700649838E-5,16244,18.875,106.875
,16245,18.625,106.875
1.6622682188671968E-5,16246,18.375,106.875
1.847383693021927E-5,16247,18.125,106.875
1.1800980640410567E-5,16248,17.875,106.875
1.1739467218086545E-5,16249,17.625,106.875
1.874390463119684E-5,16250,17.375,106.875
,16251,17.125,106.875
,16252,16.875,106.875
,16253,16.625,106.875
2.160185810435551E-5,16254,16.375,106.875
5.402102397498643E-5,16255,16.125,106.875
,16256,15.875,106.875
1.6592329737980247E-5,16257,15.625,106.875
2.258634291356824E-5,16258,15.375,106.875
1.6995353509646942E-5,16259,15.125,106.875
1.9787543984185485E-5,16260,14.875,106.875
2.604634344884262E-5,16261,14.625,106.875
8.43845838148997E-6,16262,14.375,106.875
2.6290706220396972E-5,16263,14.125,106.875
2.9919227086797045E-5,16264,13.875,106.875
1.8608138810394686E-5,16265,13.625,106.875
1.7586093879564425E-5,16266,13.375,106.875
,16267,13.125,106.875
,16268,12.875,106.875
1.476420694853008E-5,16269,12.625,106.875
1.8988304892341187E-5,16270,12.375,106.875
2.659005086261373E-5,16271,12.125,106.875
2.258758638452367E-5,16272,11.875,106.875
2.054274087205952E-5,16273,11.625,106.875
2.5721545573344056E-5,16274,11.375,106.875
,16275,11.125,106.875
,16276,10.875,106.875
2.3073115847306965E-5,16277,10.625,106.875
1.5557544194266483E-5,16278,10.375,106.875
1.3686816784605479E-5,16279,10.125,106.875
1.242574317219094E-5,16280,9.875,106.875
,16281,9.625,106.875
,16282,9.375,106.875
,16283,9.125,106.875
,16284,8.875,106.875
,16285,8.625,106.875
,16286,8.375,106.875
,16287,8.125,106.875
,16288,7.875,106.875
,16289,7.625,106.875
,16290,7.375,106.875
,16291,7.125,106.875
,16292,6.875,106.875
,16293,6.625,106.875
1.861179904351091E-6,16294,6.375,106.875
1.2524491443323796E-5,16295,6.125,106.875
9.728603310075362E-6,16296,5.875,106.875
1.3729306073102212E-5,16297,5.625,106.875
2.231257291394618E-5,16298,5.375,106.875
1.5420884058491528E-5,16299,5.125,106.875
2.080696529220075E-5,16300,4.875,106.875
2.1008385983439627E-5,16301,4.625,106.875
1.5621035115769686E-5,16302,4.375,106.875
1.1315980593393727E-5,16303,4.125,106.875
1.1453513977123261E-5,16304,3.875,106.875
1.2223426154675695E-5,16305,3.625,106.875
1.1494768527149816E-5,16306,3.375,106.875
1.1878119255317852E-5,16307,3.125,106.875
1.2932487312900116E-5,16308,2.875,106.875
1.0988651785966301E-5,16309,2.625,106.875
1.226170053300323E-5,16310,2.375,106.875
1.3876979606368355E-5,16311,2.125,106.875
1.273512371891273E-5,16312,1.875,106.875
1.2691931796216621E-5,16313,1.625,106.875
1.3564498449210967E-5,16314,1.375,106.875
,16315,1.125,106.875
,16316,0.875,106.875
,16317,0.625,106.875
1.3613631727541504E-5,16318,0.375,106.875
1.5389822495946376E-5,16319,0.125,106.875
1.54046147097183E-5,16320,-0.125,106.875
1.2022019620270782E-5,16321,-0.375,106.875
9.235219252835668E-6,16322,-0.625,106.875
1.8579265529442874E-5,16323,-0.875,106.875
1.0249814285227577E-5,16324,-1.125,106.875
,16325,-1.375,106.875
,16326,-1.625,106.875
,16327,-1.875,106.875
,16328,-2.125,106.875
,16329,-2.375,106.875
,16330,-2.625,106.875
,16331,-2.875,106.875
,16332,-3.125,106.875
,16333,-3.375,106.875
,16334,-3.625,106.875
,16335,-3.875,106.875
,16336,-4.125,106.875
,16337,-4.375,106.875
,16338,-4.625,106.875
,16339,-4.875,106.875
,16340,-5.125,106.875
,16341,-5.375,106.875
,16342,-5.625,106.875
,16343,-5.875,106.875
,16344,-6.125,106.875
,16345,-6.375,106.875
,16346,-6.625,106.875
,16347,-6.875,106.875
,16348,-7.125,106.875
,16349,-7.375,106.875
,16350,-7.625,106.875
9.005670820965E-6,16351,-7.875,106.875
5.95911238191492E-6,16352,-8.125,106.875
1.4108589212070835E-5,16353,-8.375,106.875
1.84507066412888E-5,16354,-8.625,106.875
1.518798846039375E-5,16355,-8.875,106.875
2.2886327373144073E-5,16356,-9.125,106.875
1.1730176343356529E-5,16357,-9.375,106.875
1.645484573386263E-5,16358,-9.625,106.875
1.9163984872384218E-5,16359,-9.875,106.875
,16360,-10.125,106.875
,16361,-10.375,106.875
,16362,-10.625,106.875
,16363,-10.875,106.875
,16364,-11.125,106.875
,16365,-11.375,106.875
,16366,-11.625,106.875
,16367,-11.875,106.875
,16368,31.875,107.125
,16369,31.625,107.125
,16370,31.375,107.125
,16371,31.125,107.125
,16372,30.875,107.125
,16373,30.625,107.125
,16374,30.375,107.125
,16375,30.125,107.125
,16376,29.875,107.125
,16377,29.625,107.125
,16378,29.375,107.125
,16379,29.125,107.125
,16380,28.875,107.125
,16381,28.625,107.125
,16382,28.375,107.125
,16383,28.125,107.125
,16384,27.875,107.125
,16385,27.625,107.125
,16386,27.375,107.125
,16387,27.125,107.125
,16388,26.875,107.125
,16389,26.625,107.125
,16390,26.375,107.125
,16391,26.125,107.125
,16392,25.875,107.125
,16393,25.625,107.125
,16394,25.375,107.125
,16395,25.125,107.125
,16396,24.875,107.125
,16397,24.625,107.125
,16398,24.375,107.125
,16399,24.125,107.125
,16400,23.875,107.125
,16401,23.625,107.125
,16402,23.375,107.125
,16403,23.125,107.125
,16404,22.875,107.125
,16405,22.625,107.125
,16406,22.375,107.125
,16407,22.125,107.125
,16408,21.875,107.125
,16409,21.625,107.125
,16410,21.375,107.125
,16411,21.125,107.125
,16412,20.875,107.125
,16413,20.625,107.125
,16414,20.375,107.125
,16415,20.125,107.125
,16416,19.875,107.125
3.012118617828298E-5,16417,19.625,107.125
,16418,19.375,107.125
1.8429223725043417E-5,16419,19.125,107.125
1.9339946369880687E-5,16420,18.875,107.125
2.0276886895137162E-5,16421,18.625,107.125
1.5719890782652915E-5,16422,18.375,107.125
1.774431278608607E-5,16423,18.125,107.125
9.877077763067789E-6,16424,17.875,107.125
1.0666064391296437E-5,16425,17.625,107.125
1.1246104009890707E-5,16426,17.375,107.125
1.8152969088761E-5,16427,17.125,107.125
2.5238577966807617E-5,16428,16.875,107.125
,16429,16.625,107.125
1.600640099992602E-5,16430,16.375,107.125
1.1031936847908244E-5,16431,16.125,107.125
1.1090524397950213E-5,16432,15.875,107.125
1.32519558291731E-5,16433,15.625,107.125
2.1998670280467504E-5,16434,15.375,107.125
1.5190332670683215E-5,16435,15.125,107.125
2.8075641508598407E-5,16436,14.875,107.125
1.1776898311855505E-5,16437,14.625,107.125
8.125763464698653E-6,16438,14.375,107.125
3.1542149213802634E-5,16439,14.125,107.125
3.642180100578778E-5,16440,13.875,107.125
1.551783774323671E-5,16441,13.625,107.125
1.2409749760076238E-5,16442,13.375,107.125
1.3935092671095769E-5,16443,13.125,107.125
,16444,12.875,107.125
,16445,12.625,107.125
1.4636921171760756E-5,16446,12.375,107.125
2.2692167890908694E-5,16447,12.125,107.125
1.7628384623888956E-5,16448,11.875,107.125
1.7225499178769983E-5,16449,11.625,107.125
1.4524331919548484E-5,16450,11.375,107.125
2.4263254990107504E-5,16451,11.125,107.125
4.6011064738950554E-6,16452,10.875,107.125
1.6444010551568795E-5,16453,10.625,107.125
1.5965874037080173E-5,16454,10.375,107.125
1.5787896557290034E-5,16455,10.125,107.125
1.3323734010369373E-5,16456,9.875,107.125
6.513268850295058E-6,16457,9.625,107.125
6.276259408933105E-6,16458,9.375,107.125
1.1508235442694299E-6,16459,9.125,107.125
,16460,8.875,107.125
,16461,8.625,107.125
,16462,8.375,107.125
,16463,8.125,107.125
,16464,7.875,107.125
,16465,7.625,107.125
,16466,7.375,107.125
,16467,7.125,107.125
4.477701975613706E-6,16468,6.875,107.125
5.428546845633399E-6,16469,6.625,107.125
7.909882206819892E-6,16470,6.375,107.125
5.0523796135829846E-6,16471,6.125,107.125
1.1405909224331838E-5,16472,5.875,107.125
1.242570975684463E-5,16473,5.625,107.125
1.4879456239640134E-5,16474,5.375,107.125
1.0063572089965222E-5,16475,5.125,107.125
1.1554221741809332E-5,16476,4.875,107.125
1.1767145130364255E-5,16477,4.625,107.125
1.0490957770421745E-5,16478,4.375,107.125
9.902596556165121E-6,16479,4.125,107.125
8.406100448635894E-6,16480,3.875,107.125
1.2056433687498834E-5,16481,3.625,107.125
1.0110082981101979E-5,16482,3.375,107.125
8.338191499527445E-6,16483,3.125,107.125
1.1188939746772702E-5,16484,2.875,107.125
1.0468819402944494E-5,16485,2.625,107.125
1.1214528248510377E-5,16486,2.375,107.125
1.1099336834656275E-5,16487,2.125,107.125
8.706061577122668E-6,16488,1.875,107.125
1.2518151790364699E-5,16489,1.625,107.125
8.761495790048205E-6,16490,1.375,107.125
1.038807447165882E-5,16491,1.125,107.125
1.673137750595221E-5,16492,0.875,107.125
1.0676076534426584E-5,16493,0.625,107.125
1.2553763842438875E-5,16494,0.375,107.125
1.2562847321908952E-5,16495,0.125,107.125
1.2392519455114222E-5,16496,-0.125,107.125
1.7690463204469415E-5,16497,-0.375,107.125
1.027924643431022E-5,16498,-0.625,107.125
1.0637217115363042E-5,16499,-0.875,107.125
8.550936751981126E-6,16500,-1.125,107.125
9.679699946426672E-6,16501,-1.375,107.125
,16502,-1.625,107.125
,16503,-1.875,107.125
,16504,-2.125,107.125
,16505,-2.375,107.125
,16506,-2.625,107.125
,16507,-2.875,107.125
,16508,-3.125,107.125
,16509,-3.375,107.125
,16510,-3.625,107.125
,16511,-3.875,107.125
,16512,-4.125,107.125
,16513,-4.375,107.125
,16514,-4.625,107.125
,16515,-4.875,107.125
,16516,-5.125,107.125
,16517,-5.375,107.125
,16518,-5.625,107.125
5.9734862682674416E-5,16519,-5.875,107.125
,16520,-6.125,107.125
,16521,-6.375,107.125
,16522,-6.625,107.125
,16523,-6.875,107.125
,16524,-7.125,107.125
,16525,-7.375,107.125
,16526,-7.625,107.125
1.8794167863832907E-5,16527,-7.875,107.125
1.649879959240451E-5,16528,-8.125,107.125
2.6437194886063167E-5,16529,-8.375,107.125
2.2562740962967464E-5,16530,-8.625,107.125
1.477254485566393E-5,16531,-8.875,107.125
8.023704738092101E-6,16532,-9.125,107.125
,16533,-9.375,107.125
,16534,-9.625,107.125
1.1190041156380073E-5,16535,-9.875,107.125
2.4243584772506126E-5,16536,-10.125,107.125
,16537,-10.375,107.125
,16538,-10.625,107.125
,16539,-10.875,107.125
,16540,-11.125,107.125
,16541,-11.375,107.125
,16542,-11.625,107.125
,16543,-11.875,107.125
,16544,31.875,107.375
,16545,31.625,107.375
,16546,31.375,107.375
,16547,31.125,107.375
,16548,30.875,107.375
,16549,30.625,107.375
,16550,30.375,107.375
,16551,30.125,107.375
,16552,29.875,107.375
,16553,29.625,107.375
,16554,29.375,107.375
,16555,29.125,107.375
,16556,28.875,107.375
,16557,28.625,107.375
,16558,28.375,107.375
,16559,28.125,107.375
,16560,27.875,107.375
,16561,27.625,107.375
,16562,27.375,107.375
,16563,27.125,107.375
,16564,26.875,107.375
,16565,26.625,107.375
,16566,26.375,107.375
,16567,26.125,107.375
,16568,25.875,107.375
,16569,25.625,107.375
,16570,25.375,107.375
,16571,25.125,107.375
,16572,24.875,107.375
,16573,24.625,107.375
,16574,24.375,107.375
,16575,24.125,107.375
,16576,23.875,107.375
,16577,23.625,107.375
,16578,23.375,107.375
,16579,23.125,107.375
,16580,22.875,107.375
,16581,22.625,107.375
,16582,22.375,107.375
,16583,22.125,107.375
,16584,21.875,107.375
,16585,21.625,107.375
,16586,21.375,107.375
,16587,21.125,107.375
,16588,20.875,107.375
,16589,20.625,107.375
,16590,20.375,107.375
,16591,20.125,107.375
,16592,19.875,107.375
,16593,19.625,107.375
,16594,19.375,107.375
,16595,19.125,107.375
1.973293816492413E-5,16596,18.875,107.375
2.0611034855021277E-5,16597,18.625,107.375
1.747431054148213E-5,16598,18.375,107.375
2.011245891999277E-5,16599,18.125,107.375
1.1516685731770977E-5,16600,17.875,107.375
1.0452354522638745E-5,16601,17.625,107.375
1.0496306950189915E-5,16602,17.375,107.375
1.34543759581181E-5,16603,17.125,107.375
1.5087283118866169E-5,16604,16.875,107.375
,16605,16.625,107.375
,16606,16.375,107.375
1.5105396970788608E-5,16607,16.125,107.375
7.92030280348427E-6,16608,15.875,107.375
1.0373867276922349E-5,16609,15.625,107.375
1.0444583351973528E-5,16610,15.375,107.375
1.2621144621920391E-5,16611,15.125,107.375
1.540755210631814E-5,16612,14.875,107.375
9.38298673685578E-6,16613,14.625,107.375
1.3481565026193441E-5,16614,14.375,107.375
3.8873346682550396E-5,16615,14.125,107.375
,16616,13.875,107.375
1.7852070633801747E-5,16617,13.625,107.375
1.475668476924195E-5,16618,13.375,107.375
1.064996136191817E-5,16619,13.125,107.375
,16620,12.875,107.375
,16621,12.625,107.375
1.4780113861385388E-5,16622,12.375,107.375
1.9530246632815168E-5,16623,12.125,107.375
1.7627418601183172E-5,16624,11.875,107.375
1.97594544857601E-5,16625,11.625,107.375
1.6315512838137058E-5,16626,11.375,107.375
2.040736267216306E-5,16627,11.125,107.375
5.27016454157767E-6,16628,10.875,107.375
9.027171507560695E-6,16629,10.625,107.375
1.4936372967941061E-5,16630,10.375,107.375
1.565608092198127E-5,16631,10.125,107.375
1.6819308504006605E-5,16632,9.875,107.375
2.5620610210200776E-6,16633,9.625,107.375
6.0738494003731805E-6,16634,9.375,107.375
3.6909437865158375E-6,16635,9.125,107.375
,16636,8.875,107.375
,16637,8.625,107.375
,16638,8.375,107.375
,16639,8.125,107.375
,16640,7.875,107.375
,16641,7.625,107.375
,16642,7.375,107.375
,16643,7.125,107.375
,16644,6.875,107.375
1.006280639050851E-7,16645,6.625,107.375
9.745441481910175E-6,16646,6.375,107.375
6.318716523073427E-6,16647,6.125,107.375
9.13293360769927E-6,16648,5.875,107.375
9.142658254748828E-6,16649,5.625,107.375
1.1750625245604654E-5,16650,5.375,107.375
1.0465578065426417E-5,16651,5.125,107.375
1.1112026877954011E-5,16652,4.875,107.375
1.1434015823697781E-5,16653,4.625,107.375
1.8355845500583473E-5,16654,4.375,107.375
1.4804800693230146E-5,16655,4.125,107.375
1.224608075678689E-5,16656,3.875,107.375
1.364628499804E-5,16657,3.625,107.375
1.1206533763465788E-5,16658,3.375,107.375
1.1990618773683652E-5,16659,3.125,107.375
1.1219700814839946E-5,16660,2.875,107.375
9.792839226291497E-6,16661,2.625,107.375
1.1622978635590564E-5,16662,2.375,107.375
1.5076598013579036E-5,16663,2.125,107.375
1.3178289920142121E-5,16664,1.875,107.375
1.2692144590707102E-5,16665,1.625,107.375
1.3541446257225046E-5,16666,1.375,107.375
1.1292134125388863E-5,16667,1.125,107.375
1.6605763960062082E-5,16668,0.875,107.375
9.97288247503917E-6,16669,0.625,107.375
1.1880721460718602E-5,16670,0.375,107.375
5.638369649664915E-6,16671,0.125,107.375
8.58062726191525E-6,16672,-0.125,107.375
1.082840562116512E-5,16673,-0.375,107.375
1.4168415978948167E-5,16674,-0.625,107.375
1.118828000437814E-5,16675,-0.875,107.375
4.688056822720296E-6,16676,-1.125,107.375
,16677,-1.375,107.375
,16678,-1.625,107.375
,16679,-1.875,107.375
,16680,-2.125,107.375
,16681,-2.375,107.375
,16682,-2.625,107.375
,16683,-2.875,107.375
,16684,-3.125,107.375
,16685,-3.375,107.375
,16686,-3.625,107.375
,16687,-3.875,107.375
,16688,-4.125,107.375
,16689,-4.375,107.375
,16690,-4.625,107.375
,16691,-4.875,107.375
,16692,-5.125,107.375
,16693,-5.375,107.375
,16694,-5.625,107.375
5.973486295466103E-5,16695,-5.875,107.375
2.9043816965338495E-5,16696,-6.125,107.375
4.2683011586547325E-5,16697,-6.375,107.375
,16698,-6.625,107.375
2.774237142674523E-5,16699,-6.875,107.375
,16700,-7.125,107.375
,16701,-7.375,107.375
,16702,-7.625,107.375
,16703,-7.875,107.375
1.8559209511387168E-5,16704,-8.125,107.375
1.6604815549362715E-5,16705,-8.375,107.375
1.2823395131714929E-5,16706,-8.625,107.375
1.691817134522747E-5,16707,-8.875,107.375
9.348823060849175E-6,16708,-9.125,107.375
2.5023417330538624E-5,16709,-9.375,107.375
,16710,-9.625,107.375
,16711,-9.875,107.375
,16712,-10.125,107.375
,16713,-10.375,107.375
,16714,-10.625,107.375
,16715,-10.875,107.375
,16716,-11.125,107.375
,16717,-11.375,107.375
,16718,-11.625,107.375
,16719,-11.875,107.375
,16720,31.875,107.625
,16721,31.625,107.625
,16722,31.375,107.625
,16723,31.125,107.625
,16724,30.875,107.625
,16725,30.625,107.625
,16726,30.375,107.625
,16727,30.125,107.625
,16728,29.875,107.625
,16729,29.625,107.625
,16730,29.375,107.625
,16731,29.125,107.625
,16732,28.875,107.625
,16733,28.625,107.625
,16734,28.375,107.625
,16735,28.125,107.625
,16736,27.875,107.625
,16737,27.625,107.625
,16738,27.375,107.625
,16739,27.125,107.625
,16740,26.875,107.625
,16741,26.625,107.625
,16742,26.375,107.625
,16743,26.125,107.625
,16744,25.875,107.625
,16745,25.625,107.625
,16746,25.375,107.625
,16747,25.125,107.625
,16748,24.875,107.625
,16749,24.625,107.625
,16750,24.375,107.625
,16751,24.125,107.625
,16752,23.875,107.625
,16753,23.625,107.625
,16754,23.375,107.625
,16755,23.125,107.625
,16756,22.875,107.625
,16757,22.625,107.625
,16758,22.375,107.625
,16759,22.125,107.625
,16760,21.875,107.625
,16761,21.625,107.625
,16762,21.375,107.625
,16763,21.125,107.625
,16764,20.875,107.625
,16765,20.625,107.625
,16766,20.375,107.625
,16767,20.125,107.625
,16768,19.875,107.625
,16769,19.625,107.625
,16770,19.375,107.625
,16771,19.125,107.625
1.8722359642601657E-5,16772,18.875,107.625
2.006520536298674E-5,16773,18.625,107.625
1.9888635872265226E-5,16774,18.375,107.625
1.611038541459297E-5,16775,18.125,107.625
1.3752530155103618E-5,16776,17.875,107.625
1.2798016537953619E-5,16777,17.625,107.625
1.3537346916229079E-5,16778,17.375,107.625
1.1733214671471225E-5,16779,17.125,107.625
1.1761447671224179E-5,16780,16.875,107.625
1.3587411318380382E-5,16781,16.625,107.625
,16782,16.375,107.625
3.072981187094914E-6,16783,16.125,107.625
1.0232909418768296E-5,16784,15.875,107.625
1.02985465262968E-5,16785,15.625,107.625
8.256446238741793E-6,16786,15.375,107.625
1.3636874385562639E-5,16787,15.125,107.625
1.2685198481274915E-5,16788,14.875,107.625
1.3036334655940484E-5,16789,14.625,107.625
1.7482439434554774E-5,16790,14.375,107.625
1.4628981401529246E-5,16791,14.125,107.625
1.1786746402752982E-5,16792,13.875,107.625
1.2325771812088141E-5,16793,13.625,107.625
1.6662044678549174E-5,16794,13.375,107.625
,16795,13.125,107.625
1.866912862636849E-5,16796,12.875,107.625
2.1185509748222743E-5,16797,12.625,107.625
,16798,12.375,107.625
1.7104884381430753E-5,16799,12.125,107.625
1.5202655418394021E-5,16800,11.875,107.625
1.403519191342701E-5,16801,11.625,107.625
1.3517121359579768E-5,16802,11.375,107.625
1.757624225777499E-5,16803,11.125,107.625
1.7172558920947418E-5,16804,10.875,107.625
7.112689748207471E-6,16805,10.625,107.625
9.212050766626374E-6,16806,10.375,107.625
1.1142797223070228E-5,16807,10.125,107.625
1.2275891694744378E-5,16808,9.875,107.625
4.914760870263747E-6,16809,9.625,107.625
6.170244094309217E-6,16810,9.375,107.625
2.8142691471541904E-6,16811,9.125,107.625
,16812,8.875,107.625
,16813,8.625,107.625
,16814,8.375,107.625
,16815,8.125,107.625
,16816,7.875,107.625
,16817,7.625,107.625
,16818,7.375,107.625
,16819,7.125,107.625
-3.940690434168716E-6,16820,6.875,107.625
9.687285950283165E-6,16821,6.625,107.625
8.85034462101365E-6,16822,6.375,107.625
8.993057211242674E-6,16823,6.125,107.625
6.07609477704246E-6,16824,5.875,107.625
4.429100673381185E-6,16825,5.625,107.625
4.86198812813675E-6,16826,5.375,107.625
7.315230665823018E-6,16827,5.125,107.625
8.817437713341232E-6,16828,4.875,107.625
,16829,4.625,107.625
,16830,4.375,107.625
1.1411203645820875E-5,16831,4.125,107.625
6.462809941851233E-6,16832,3.875,107.625
1.1627526860716515E-5,16833,3.625,107.625
8.882724781595806E-6,16834,3.375,107.625
1.1563990181501345E-5,16835,3.125,107.625
9.361181517678623E-6,16836,2.875,107.625
1.1355328095092533E-5,16837,2.625,107.625
9.613663381761926E-6,16838,2.375,107.625
1.1378309696625909E-5,16839,2.125,107.625
1.0542657329678797E-5,16840,1.875,107.625
1.229282045682482E-5,16841,1.625,107.625
9.60522557180205E-6,16842,1.375,107.625
1.868742306992543E-5,16843,1.125,107.625
2.231656276522909E-5,16844,0.875,107.625
1.0005366970664444E-5,16845,0.625,107.625
1.0499248274516506E-5,16846,0.375,107.625
8.721969082165644E-6,16847,0.125,107.625
1.2288755501126242E-5,16848,-0.125,107.625
8.714509192206577E-6,16849,-0.375,107.625
8.237288503956594E-6,16850,-0.625,107.625
6.435518061278633E-6,16851,-0.875,107.625
,16852,-1.125,107.625
,16853,-1.375,107.625
9.96644527647047E-6,16854,-1.625,107.625
1.0885341883277469E-6,16855,-1.875,107.625
,16856,-2.125,107.625
,16857,-2.375,107.625
,16858,-2.625,107.625
,16859,-2.875,107.625
,16860,-3.125,107.625
,16861,-3.375,107.625
,16862,-3.625,107.625
,16863,-3.875,107.625
,16864,-4.125,107.625
,16865,-4.375,107.625
,16866,-4.625,107.625
,16867,-4.875,107.625
,16868,-5.125,107.625
2.4006902419002175E-5,16869,-5.375,107.625
2.1433337685499815E-5,16870,-5.625,107.625
3.5361501136251795E-5,16871,-5.875,107.625
2.223463583847491E-5,16872,-6.125,107.625
3.059736781623906E-5,16873,-6.375,107.625
4.017323860017142E-5,16874,-6.625,107.625
4.017323841276436E-5,16875,-6.875,107.625
,16876,-7.125,107.625
,16877,-7.375,107.625
,16878,-7.625,107.625
1.4738750922519705E-5,16879,-7.875,107.625
1.9653587326639142E-5,16880,-8.125,107.625
2.8620506341596883E-5,16881,-8.375,107.625
1.9188373350379892E-5,16882,-8.625,107.625
2.3550285460800556E-5,16883,-8.875,107.625
1.3541716042760568E-5,16884,-9.125,107.625
2.053236815812528E-5,16885,-9.375,107.625
2.9511739964932138E-5,16886,-9.625,107.625
,16887,-9.875,107.625
,16888,-10.125,107.625
,16889,-10.375,107.625
,16890,-10.625,107.625
,16891,-10.875,107.625
,16892,-11.125,107.625
,16893,-11.375,107.625
,16894,-11.625,107.625
,16895,-11.875,107.625
,16896,31.875,107.875
,16897,31.625,107.875
,16898,31.375,107.875
,16899,31.125,107.875
,16900,30.875,107.875
,16901,30.625,107.875
,16902,30.375,107.875
,16903,30.125,107.875
,16904,29.875,107.875
,16905,29.625,107.875
,16906,29.375,107.875
,16907,29.125,107.875
,16908,28.875,107.875
,16909,28.625,107.875
,16910,28.375,107.875
,16911,28.125,107.875
,16912,27.875,107.875
,16913,27.625,107.875
,16914,27.375,107.875
,16915,27.125,107.875
,16916,26.875,107.875
,16917,26.625,107.875
,16918,26.375,107.875
,16919,26.125,107.875
,16920,25.875,107.875
,16921,25.625,107.875
,16922,25.375,107.875
,16923,25.125,107.875
,16924,24.875,107.875
,16925,24.625,107.875
,16926,24.375,107.875
,16927,24.125,107.875
,16928,23.875,107.875
,16929,23.625,107.875
,16930,23.375,107.875
,16931,23.125,107.875
,16932,22.875,107.875
,16933,22.625,107.875
,16934,22.375,107.875
,16935,22.125,107.875
,16936,21.875,107.875
,16937,21.625,107.875
,16938,21.375,107.875
,16939,21.125,107.875
,16940,20.875,107.875
,16941,20.625,107.875
,16942,20.375,107.875
,16943,20.125,107.875
,16944,19.875,107.875
,16945,19.625,107.875
2.351603229473885E-5,16946,19.375,107.875
1.801263882788144E-5,16947,19.125,107.875
1.823825842355375E-5,16948,18.875,107.875
2.227292834511064E-5,16949,18.625,107.875
2.1424670894740445E-5,16950,18.375,107.875
1.749427158999874E-5,16951,18.125,107.875
1.5641507261196363E-5,16952,17.875,107.875
1.0648002800415645E-5,16953,17.625,107.875
1.1258571966658402E-5,16954,17.375,107.875
8.99689886457896E-6,16955,17.125,107.875
1.1693333133786871E-5,16956,16.875,107.875
1.223383705994461E-5,16957,16.625,107.875
1.2781034618849911E-5,16958,16.375,107.875
1.4369101222860908E-5,16959,16.125,107.875
9.832527571934302E-6,16960,15.875,107.875
9.902522635474687E-6,16961,15.625,107.875
7.34030786785012E-6,16962,15.375,107.875
7.587363896510267E-6,16963,15.125,107.875
8.779555257038672E-6,16964,14.875,107.875
1.550198570783547E-5,16965,14.625,107.875
1.5754255542732966E-5,16966,14.375,107.875
1.3794786148965313E-5,16967,14.125,107.875
1.2854402503026859E-5,16968,13.875,107.875
1.3170759729231771E-5,16969,13.625,107.875
1.9889369900070252E-5,16970,13.375,107.875
,16971,13.125,107.875
1.8217056402321817E-5,16972,12.875,107.875
2.1705276987962846E-5,16973,12.625,107.875
1.0329839828176072E-5,16974,12.375,107.875
1.7889551004351698E-5,16975,12.125,107.875
1.4592981352466027E-5,16976,11.875,107.875
1.5724695111088173E-5,16977,11.625,107.875
1.0525541530193465E-5,16978,11.375,107.875
1.9314005743715177E-5,16979,11.125,107.875
1.597117349496573E-5,16980,10.875,107.875
6.73006346701111E-6,16981,10.625,107.875
8.793735732152055E-6,16982,10.375,107.875
1.4251101002494425E-5,16983,10.125,107.875
1.2301547252277485E-5,16984,9.875,107.875
9.644225832485426E-6,16985,9.625,107.875
8.718883644717631E-6,16986,9.375,107.875
1.1669875502582174E-5,16987,9.125,107.875
2.0187046538826736E-5,16988,8.875,107.875
,16989,8.625,107.875
,16990,8.375,107.875
,16991,8.125,107.875
,16992,7.875,107.875
,16993,7.625,107.875
,16994,7.375,107.875
,16995,7.125,107.875
1.2411456367645237E-6,16996,6.875,107.875
1.4770913680027667E-5,16997,6.625,107.875
1.1558227603930506E-5,16998,6.375,107.875
8.502453069453505E-6,16999,6.125,107.875
7.4780696627605186E-6,17000,5.875,107.875
9.075252386639515E-6,17001,5.625,107.875
3.311072375022463E-6,17002,5.375,107.875
6.318737537000692E-6,17003,5.125,107.875
9.433758306877966E-6,17004,4.875,107.875
3.256056345206771E-6,17005,4.625,107.875
,17006,4.375,107.875
,17007,4.125,107.875
8.211845899480045E-6,17008,3.875,107.875
6.047486213794167E-6,17009,3.625,107.875
1.126428497591708E-5,17010,3.375,107.875
9.08685909300301E-6,17011,3.125,107.875
9.552728251891362E-6,17012,2.875,107.875
1.1161468632709524E-5,17013,2.625,107.875
1.2633466140956585E-5,17014,2.375,107.875
7.48965624331901E-6,17015,2.125,107.875
1.0200892669452175E-5,17016,1.875,107.875
1.1800733359503338E-5,17017,1.625,107.875
7.056008214646457E-6,17018,1.375,107.875
1.6330753461533732E-5,17019,1.125,107.875
1.1871916358235137E-5,17020,0.875,107.875
6.307490850632459E-6,17021,0.625,107.875
9.986361419765285E-6,17022,0.375,107.875
1.0447619060542978E-5,17023,0.125,107.875
1.4590189057490192E-5,17024,-0.125,107.875
1.0736678766620764E-5,17025,-0.375,107.875
8.556769585810932E-6,17026,-0.625,107.875
1.003650589081126E-5,17027,-0.875,107.875
8.882652792391639E-6,17028,-1.125,107.875
,17029,-1.375,107.875
,17030,-1.625,107.875
1.0885341911455555E-6,17031,-1.875,107.875
,17032,-2.125,107.875
,17033,-2.375,107.875
,17034,-2.625,107.875
,17035,-2.875,107.875
,17036,-3.125,107.875
,17037,-3.375,107.875
,17038,-3.625,107.875
,17039,-3.875,107.875
,17040,-4.125,107.875
,17041,-4.375,107.875
,17042,-4.625,107.875
,17043,-4.875,107.875
,17044,-5.125,107.875
,17045,-5.375,107.875
3.5365148471843094E-5,17046,-5.625,107.875
1.9438317102909448E-5,17047,-5.875,107.875
2.2083652708895892E-5,17048,-6.125,107.875
2.659571945367923E-5,17049,-6.375,107.875
,17050,-6.625,107.875
,17051,-6.875,107.875
4.4396226761033656E-5,17052,-7.125,107.875
,17053,-7.375,107.875
,17054,-7.625,107.875
2.7407833540384905E-5,17055,-7.875,107.875
1.4411098384460263E-5,17056,-8.125,107.875
2.5125156273135607E-5,17057,-8.375,107.875
1.6874488677817655E-5,17058,-8.625,107.875
2.1275250517893802E-5,17059,-8.875,107.875
2.0662415169632844E-5,17060,-9.125,107.875
3.3990462492655106E-5,17061,-9.375,107.875
,17062,-9.625,107.875
,17063,-9.875,107.875
,17064,-10.125,107.875
,17065,-10.375,107.875
,17066,-10.625,107.875
,17067,-10.875,107.875
,17068,-11.125,107.875
,17069,-11.375,107.875
,17070,-11.625,107.875
,17071,-11.875,107.875
,17072,31.875,108.125
,17073,31.625,108.125
,17074,31.375,108.125
,17075,31.125,108.125
,17076,30.875,108.125
,17077,30.625,108.125
,17078,30.375,108.125
,17079,30.125,108.125
,17080,29.875,108.125
,17081,29.625,108.125
,17082,29.375,108.125
,17083,29.125,108.125
,17084,28.875,108.125
,17085,28.625,108.125
,17086,28.375,108.125
,17087,28.125,108.125
,17088,27.875,108.125
,17089,27.625,108.125
,17090,27.375,108.125
,17091,27.125,108.125
,17092,26.875,108.125
,17093,26.625,108.125
,17094,26.375,108.125
,17095,26.125,108.125
,17096,25.875,108.125
,17097,25.625,108.125
,17098,25.375,108.125
,17099,25.125,108.125
,17100,24.875,108.125
,17101,24.625,108.125
,17102,24.375,108.125
,17103,24.125,108.125
,17104,23.875,108.125
,17105,23.625,108.125
,17106,23.375,108.125
,17107,23.125,108.125
,17108,22.875,108.125
,17109,22.625,108.125
,17110,22.375,108.125
,17111,22.125,108.125
,17112,21.875,108.125
,17113,21.625,108.125
,17114,21.375,108.125
,17115,21.125,108.125
,17116,20.875,108.125
,17117,20.625,108.125
,17118,20.375,108.125
,17119,20.125,108.125
,17120,19.875,108.125
,17121,19.625,108.125
1.674862478493863E-5,17122,19.375,108.125
1.663579779656093E-5,17123,19.125,108.125
2.2623649192408293E-5,17124,18.875,108.125
2.3272165732566312E-5,17125,18.625,108.125
1.5153545061276559E-5,17126,18.375,108.125
1.742285125912007E-5,17127,18.125,108.125
1.4335907934811272E-5,17128,17.875,108.125
8.579154196490497E-6,17129,17.625,108.125
1.0551161422874424E-5,17130,17.375,108.125
8.255856058811032E-6,17131,17.125,108.125
9.491873708911463E-6,17132,16.875,108.125
8.709164491323854E-6,17133,16.625,108.125
8.839026799454394E-6,17134,16.375,108.125
1.2646244142848965E-5,17135,16.125,108.125
1.0691107318285917E-5,17136,15.875,108.125
1.2434734054188753E-5,17137,15.625,108.125
1.7730433409982767E-5,17138,15.375,108.125
8.605934453791958E-6,17139,15.125,108.125
9.28955356459062E-6,17140,14.875,108.125
1.1018228555239896E-5,17141,14.625,108.125
1.4598463941450065E-5,17142,14.375,108.125
1.484916724366822E-5,17143,14.125,108.125
1.1703229077140281E-5,17144,13.875,108.125
1.4009085191868272E-5,17145,13.625,108.125
1.535282235990503E-5,17146,13.375,108.125
5.428706520185477E-6,17147,13.125,108.125
1.560025173703669E-5,17148,12.875,108.125
2.2297087231466533E-5,17149,12.625,108.125
1.9808158980162003E-5,17150,12.375,108.125
,17151,12.125,108.125
1.4145099863310681E-5,17152,11.875,108.125
,17153,11.625,108.125
1.4094875502633857E-5,17154,11.375,108.125
1.3702810290568741E-5,17155,11.125,108.125
1.2532624801189769E-5,17156,10.875,108.125
8.44947945290164E-6,17157,10.625,108.125
7.422135175192029E-6,17158,10.375,108.125
8.879160679518408E-6,17159,10.125,108.125
9.519100807879188E-6,17160,9.875,108.125
1.1249231851415818E-5,17161,9.625,108.125
7.927797081213818E-6,17162,9.375,108.125
9.431322030266324E-6,17163,9.125,108.125
-9.305639475046921E-7,17164,8.875,108.125
3.3832164802228837E-6,17165,8.625,108.125
1.2953214045594447E-5,17166,8.375,108.125
,17167,8.125,108.125
,17168,7.875,108.125
,17169,7.625,108.125
,17170,7.375,108.125
,17171,7.125,108.125
1.2556545003298364E-5,17172,6.875,108.125
1.0376838074467345E-5,17173,6.625,108.125
4.6984180646372035E-6,17174,6.375,108.125
7.584779458070766E-6,17175,6.125,108.125
6.835139564884533E-6,17176,5.875,108.125
9.97646711085125E-6,17177,5.625,108.125
6.153943747602257E-6,17178,5.375,108.125
2.5317170648851603E-6,17179,5.125,108.125
5.148529125179807E-6,17180,4.875,108.125
8.355643074890214E-6,17181,4.625,108.125
4.5224595538066935E-6,17182,4.375,108.125
,17183,4.125,108.125
,17184,3.875,108.125
5.133177521927727E-6,17185,3.625,108.125
8.909320173819307E-6,17186,3.375,108.125
6.579545588657403E-6,17187,3.125,108.125
1.0607169197133182E-5,17188,2.875,108.125
1.0267284555701315E-5,17189,2.625,108.125
1.0070593457047481E-5,17190,2.375,108.125
1.0804560467987464E-5,17191,2.125,108.125
1.1850653878589349E-5,17192,1.875,108.125
9.893537282731479E-6,17193,1.625,108.125
9.426980832092775E-6,17194,1.375,108.125
7.855112096944764E-6,17195,1.125,108.125
1.1649737051172483E-5,17196,0.875,108.125
8.006171348766867E-6,17197,0.625,108.125
7.325540054427836E-6,17198,0.375,108.125
8.062081810696059E-6,17199,0.125,108.125
1.1448610794707802E-5,17200,-0.125,108.125
5.759593147488965E-6,17201,-0.375,108.125
6.929625873313983E-6,17202,-0.625,108.125
6.0912751113356085E-6,17203,-0.875,108.125
6.583891939242472E-6,17204,-1.125,108.125
,17205,-1.375,108.125
,17206,-1.625,108.125
,17207,-1.875,108.125
9.587550654125804E-6,17208,-2.125,108.125
,17209,-2.375,108.125
,17210,-2.625,108.125
,17211,-2.875,108.125
,17212,-3.125,108.125
,17213,-3.375,108.125
,17214,-3.625,108.125
,17215,-3.875,108.125
,17216,-4.125,108.125
,17217,-4.375,108.125
,17218,-4.625,108.125
,17219,-4.875,108.125
,17220,-5.125,108.125
2.1617986889079534E-5,17221,-5.375,108.125
,17222,-5.625,108.125
,17223,-5.875,108.125
2.3511711202954174E-5,17224,-6.125,108.125
2.466436390268653E-5,17225,-6.375,108.125
6.143639097372246E-5,17226,-6.625,108.125
,17227,-6.875,108.125
,17228,-7.125,108.125
,17229,-7.375,108.125
,17230,-7.625,108.125
,17231,-7.875,108.125
,17232,-8.125,108.125
,17233,-8.375,108.125
,17234,-8.625,108.125
5.224571951677444E-6,17235,-8.875,108.125
1.693081109991211E-5,17236,-9.125,108.125
,17237,-9.375,108.125
,17238,-9.625,108.125
,17239,-9.875,108.125
1.8608583230292273E-5,17240,-10.125,108.125
2.3724698409517053E-5,17241,-10.375,108.125
2.908223907984582E-5,17242,-10.625,108.125
,17243,-10.875,108.125
,17244,-11.125,108.125
,17245,-11.375,108.125
,17246,-11.625,108.125
,17247,-11.875,108.125
,17248,31.875,108.375
,17249,31.625,108.375
,17250,31.375,108.375
,17251,31.125,108.375
,17252,30.875,108.375
,17253,30.625,108.375
,17254,30.375,108.375
,17255,30.125,108.375
,17256,29.875,108.375
,17257,29.625,108.375
,17258,29.375,108.375
,17259,29.125,108.375
,17260,28.875,108.375
,17261,28.625,108.375
,17262,28.375,108.375
,17263,28.125,108.375
,17264,27.875,108.375
,17265,27.625,108.375
,17266,27.375,108.375
,17267,27.125,108.375
,17268,26.875,108.375
,17269,26.625,108.375
,17270,26.375,108.375
,17271,26.125,108.375
,17272,25.875,108.375
,17273,25.625,108.375
,17274,25.375,108.375
,17275,25.125,108.375
,17276,24.875,108.375
,17277,24.625,108.375
,17278,24.375,108.375
,17279,24.125,108.375
,17280,23.875,108.375
,17281,23.625,108.375
,17282,23.375,108.375
,17283,23.125,108.375
,17284,22.875,108.375
,17285,22.625,108.375
,17286,22.375,108.375
,17287,22.125,108.375
,17288,21.875,108.375
,17289,21.625,108.375
,17290,21.375,108.375
,17291,21.125,108.375
,17292,20.875,108.375
,17293,20.625,108.375
,17294,20.375,108.375
,17295,20.125,108.375
1.245578098129246E-5,17296,19.875,108.375
1.8713689216532565E-5,17297,19.625,108.375
1.8726740445670208E-5,17298,19.375,108.375
2.1215937960626895E-5,17299,19.125,108.375
1.98603197151779E-5,17300,18.875,108.375
2.144152906198792E-5,17301,18.625,108.375
1.8295164606014203E-5,17302,18.375,108.375
1.8121695747595232E-5,17303,18.125,108.375
1.2898000158636466E-5,17304,17.875,108.375
9.04160001791002E-6,17305,17.625,108.375
7.757838921410684E-6,17306,17.375,108.375
8.72505183557499E-6,17307,17.125,108.375
8.060899964323722E-6,17308,16.875,108.375
1.0427454421624213E-5,17309,16.625,108.375
1.0109060991250906E-5,17310,16.375,108.375
1.1329841273708338E-5,17311,16.125,108.375
1.0477633852476755E-5,17312,15.875,108.375
1.566254785201595E-5,17313,15.625,108.375
1.2584213398445843E-5,17314,15.375,108.375
9.705216458510966E-6,17315,15.125,108.375
8.487231200626705E-6,17316,14.875,108.375
5.788827792050856E-6,17317,14.625,108.375
5.6069809551057354E-6,17318,14.375,108.375
1.183576037479168E-5,17319,14.125,108.375
1.1776864836286814E-5,17320,13.875,108.375
1.5548093200786973E-5,17321,13.625,108.375
1.777677407385579E-5,17322,13.375,108.375
9.684418804705323E-6,17323,13.125,108.375
1.6498982997298398E-5,17324,12.875,108.375
2.8091163061903646E-5,17325,12.625,108.375
2.559003127291627E-5,17326,12.375,108.375
,17327,12.125,108.375
1.4366575862038721E-5,17328,11.875,108.375
1.7368505793790684E-5,17329,11.625,108.375
1.1517330692476E-5,17330,11.375,108.375
1.3591699546604848E-5,17331,11.125,108.375
1.5900176391647823E-5,17332,10.875,108.375
6.728887791876756E-6,17333,10.625,108.375
8.871666650345965E-6,17334,10.375,108.375
9.592707252456914E-6,17335,10.125,108.375
1.4271955390195837E-5,17336,9.875,108.375
1.454823214808623E-5,17337,9.625,108.375
6.057674565995214E-6,17338,9.375,108.375
9.828958671774782E-6,17339,9.125,108.375
1.0570345380351448E-5,17340,8.875,108.375
4.48441787234633E-6,17341,8.625,108.375
9.585697528446196E-6,17342,8.375,108.375
1.7097472093985133E-5,17343,8.125,108.375
,17344,7.875,108.375
,17345,7.625,108.375
,17346,7.375,108.375
,17347,7.125,108.375
,17348,6.875,108.375
,17349,6.625,108.375
5.518619058505117E-6,17350,6.375,108.375
8.430186245557289E-6,17351,6.125,108.375
5.084736912353821E-6,17352,5.875,108.375
6.1744985570387286E-6,17353,5.625,108.375
8.090109409965326E-6,17354,5.375,108.375
5.41207063309619E-7,17355,5.125,108.375
6.175666169270632E-6,17356,4.875,108.375
7.373900891285804E-6,17357,4.625,108.375
6.254503775359382E-6,17358,4.375,108.375
,17359,4.125,108.375
,17360,3.875,108.375
7.626703993600423E-6,17361,3.625,108.375
7.338357069077302E-6,17362,3.375,108.375
6.057665526056582E-6,17363,3.125,108.375
9.20412739391609E-6,17364,2.875,108.375
9.584913331612231E-6,17365,2.625,108.375
1.061069044417815E-5,17366,2.375,108.375
1.0358285760713288E-5,17367,2.125,108.375
1.0645792676956362E-5,17368,1.875,108.375
1.1043066684346768E-5,17369,1.625,108.375
1.0778792011899741E-5,17370,1.375,108.375
9.04759034811763E-6,17371,1.125,108.375
9.62711546150935E-6,17372,0.875,108.375
8.572132136223894E-6,17373,0.625,108.375
8.370287635557594E-6,17374,0.375,108.375
1.2319572253288984E-5,17375,0.125,108.375
1.3923934321007815E-5,17376,-0.125,108.375
8.033324887796447E-6,17377,-0.375,108.375
7.773061913017493E-6,17378,-0.625,108.375
7.841122089851148E-6,17379,-0.875,108.375
8.422261116333733E-6,17380,-1.125,108.375
,17381,-1.375,108.375
,17382,-1.625,108.375
,17383,-1.875,108.375
,17384,-2.125,108.375
,17385,-2.375,108.375
,17386,-2.625,108.375
,17387,-2.875,108.375
,17388,-3.125,108.375
,17389,-3.375,108.375
,17390,-3.625,108.375
,17391,-3.875,108.375
,17392,-4.125,108.375
,17393,-4.375,108.375
,17394,-4.625,108.375
,17395,-4.875,108.375
,17396,-5.125,108.375
1.8362490275341597E-5,17397,-5.375,108.375
2.1197497805663164E-5,17398,-5.625,108.375
2.359941261909767E-5,17399,-5.875,108.375
2.0741059540606542E-5,17400,-6.125,108.375
2.4960803145591846E-5,17401,-6.375,108.375
4.2358602930057596E-5,17402,-6.625,108.375
3.4815811278369934E-5,17403,-6.875,108.375
,17404,-7.125,108.375
,17405,-7.375,108.375
,17406,-7.625,108.375
,17407,-7.875,108.375
,17408,-8.125,108.375
,17409,-8.375,108.375
1.1338747644408669E-5,17410,-8.625,108.375
8.074565859903357E-6,17411,-8.875,108.375
2.1809414746469052E-5,17412,-9.125,108.375
,17413,-9.375,108.375
,17414,-9.625,108.375
,17415,-9.875,108.375
2.5678461305637692E-5,17416,-10.125,108.375
1.9705579405384164E-5,17417,-10.375,108.375
,17418,-10.625,108.375
,17419,-10.875,108.375
,17420,-11.125,108.375
,17421,-11.375,108.375
,17422,-11.625,108.375
,17423,-11.875,108.375
,17424,31.875,108.625
,17425,31.625,108.625
,17426,31.375,108.625
,17427,31.125,108.625
,17428,30.875,108.625
,17429,30.625,108.625
,17430,30.375,108.625
,17431,30.125,108.625
,17432,29.875,108.625
,17433,29.625,108.625
,17434,29.375,108.625
,17435,29.125,108.625
,17436,28.875,108.625
,17437,28.625,108.625
,17438,28.375,108.625
,17439,28.125,108.625
,17440,27.875,108.625
,17441,27.625,108.625
,17442,27.375,108.625
,17443,27.125,108.625
,17444,26.875,108.625
,17445,26.625,108.625
,17446,26.375,108.625
,17447,26.125,108.625
,17448,25.875,108.625
,17449,25.625,108.625
,17450,25.375,108.625
,17451,25.125,108.625
,17452,24.875,108.625
,17453,24.625,108.625
,17454,24.375,108.625
,17455,24.125,108.625
,17456,23.875,108.625
,17457,23.625,108.625
,17458,23.375,108.625
,17459,23.125,108.625
,17460,22.875,108.625
,17461,22.625,108.625
,17462,22.375,108.625
,17463,22.125,108.625
,17464,21.875,108.625
,17465,21.625,108.625
,17466,21.375,108.625
,17467,21.125,108.625
,17468,20.875,108.625
,17469,20.625,108.625
,17470,20.375,108.625
,17471,20.125,108.625
1.4527269627554477E-5,17472,19.875,108.625
1.576986690525478E-5,17473,19.625,108.625
1.7898435313214028E-5,17474,19.375,108.625
2.42201391395954E-5,17475,19.125,108.625
2.1444082576713215E-5,17476,18.875,108.625
1.9019992379597746E-5,17477,18.625,108.625
1.602246285015329E-5,17478,18.375,108.625
1.6626120730065417E-5,17479,18.125,108.625
1.2600586593854399E-5,17480,17.875,108.625
8.221577537087759E-6,17481,17.625,108.625
7.294853244613639E-6,17482,17.375,108.625
3.979456551024211E-6,17483,17.125,108.625
5.36124404398019E-6,17484,16.875,108.625
6.570300293256615E-6,17485,16.625,108.625
7.4001229783702404E-6,17486,16.375,108.625
8.92115099123036E-6,17487,16.125,108.625
8.101092763469965E-6,17488,15.875,108.625
1.3127149853329366E-5,17489,15.625,108.625
7.98213812360962E-6,17490,15.375,108.625
9.82882043218788E-6,17491,15.125,108.625
1.046573106638029E-5,17492,14.875,108.625
7.955862715071667E-6,17493,14.625,108.625
7.645447417061618E-6,17494,14.375,108.625
,17495,14.125,108.625
1.1284295611956965E-5,17496,13.875,108.625
1.2536442752031906E-5,17497,13.625,108.625
2.149642679526143E-5,17498,13.375,108.625
1.4073661281714334E-5,17499,13.125,108.625
1.8486856691905497E-5,17500,12.875,108.625
1.9190480512926355E-5,17501,12.625,108.625
1.5926221647819852E-5,17502,12.375,108.625
1.754001096190295E-5,17503,12.125,108.625
1.2751376701132172E-5,17504,11.875,108.625
1.0083658631083424E-5,17505,11.625,108.625
1.6398474470968518E-5,17506,11.375,108.625
2.0303590251389125E-5,17507,11.125,108.625
1.0312025416453465E-5,17508,10.875,108.625
9.78682945540164E-6,17509,10.625,108.625
1.1102452304443173E-5,17510,10.375,108.625
1.636679491307089E-5,17511,10.125,108.625
1.4928866641820485E-5,17512,9.875,108.625
1.2661259189994887E-5,17513,9.625,108.625
,17514,9.375,108.625
1.1468356978047133E-5,17515,9.125,108.625
6.461085504439274E-6,17516,8.875,108.625
1.0854034727013013E-5,17517,8.625,108.625
9.835520964581871E-6,17518,8.375,108.625
4.136350654446027E-6,17519,8.125,108.625
,17520,7.875,108.625
,17521,7.625,108.625
,17522,7.375,108.625
,17523,7.125,108.625
,17524,6.875,108.625
3.0086302062127636E-6,17525,6.625,108.625
6.33622088119282E-6,17526,6.375,108.625
7.632438477303407E-6,17527,6.125,108.625
4.768047728706847E-6,17528,5.875,108.625
6.8930675176044935E-6,17529,5.625,108.625
8.041269707389983E-6,17530,5.375,108.625
6.992364863047584E-6,17531,5.125,108.625
8.861669926201323E-6,17532,4.875,108.625
8.933853791388948E-6,17533,4.625,108.625
7.315131094866822E-6,17534,4.375,108.625
1.1783570152242712E-5,17535,4.125,108.625
4.710265779250444E-6,17536,3.875,108.625
7.2151790372030355E-6,17537,3.625,108.625
8.09788595328768E-6,17538,3.375,108.625
1.1299482635487258E-5,17539,3.125,108.625
1.0349290646298282E-5,17540,2.875,108.625
9.140109393908454E-6,17541,2.625,108.625
9.807053059496552E-6,17542,2.375,108.625
8.721968661076037E-6,17543,2.125,108.625
1.2102000592756862E-5,17544,1.875,108.625
8.515621692924145E-6,17545,1.625,108.625
9.64784158700071E-6,17546,1.375,108.625
9.164744920411985E-6,17547,1.125,108.625
1.2344088189518734E-5,17548,0.875,108.625
1.0886384573730226E-5,17549,0.625,108.625
7.182170367788147E-6,17550,0.375,108.625
1.055415221728058E-5,17551,0.125,108.625
8.562991010610048E-6,17552,-0.125,108.625
8.66545935453991E-6,17553,-0.375,108.625
1.2896217925101699E-5,17554,-0.625,108.625
6.291752579034322E-6,17555,-0.875,108.625
7.057715600047968E-6,17556,-1.125,108.625
9.08519476855769E-6,17557,-1.375,108.625
7.030555027111599E-6,17558,-1.625,108.625
9.758843420101665E-6,17559,-1.875,108.625
6.372797116127079E-6,17560,-2.125,108.625
,17561,-2.375,108.625
,17562,-2.625,108.625
,17563,-2.875,108.625
,17564,-3.125,108.625
,17565,-3.375,108.625
,17566,-3.625,108.625
,17567,-3.875,108.625
,17568,-4.125,108.625
,17569,-4.375,108.625
,17570,-4.625,108.625
,17571,-4.875,108.625
,17572,-5.125,108.625
1.0399188785671622E-5,17573,-5.375,108.625
2.5469368640297405E-5,17574,-5.625,108.625
1.1831264469737833E-5,17575,-5.875,108.625
2.142644356290864E-5,17576,-6.125,108.625
2.8179567863638303E-5,17577,-6.375,108.625
3.031077676376116E-5,17578,-6.625,108.625
5.116534515324314E-5,17579,-6.875,108.625
,17580,-7.125,108.625
,17581,-7.375,108.625
,17582,-7.625,108.625
1.8600081882453856E-5,17583,-7.875,108.625
4.011835261834721E-5,17584,-8.125,108.625
1.4491150400267031E-5,17585,-8.375,108.625
1.5115677410338981E-5,17586,-8.625,108.625
1.5370560379376413E-5,17587,-8.875,108.625
2.642613599651687E-5,17588,-9.125,108.625
2.388442377148033E-5,17589,-9.375,108.625
,17590,-9.625,108.625
2.3470602181452767E-5,17591,-9.875,108.625
2.6659830495594953E-5,17592,-10.125,108.625
,17593,-10.375,108.625
,17594,-10.625,108.625
,17595,-10.875,108.625
,17596,-11.125,108.625
,17597,-11.375,108.625
,17598,-11.625,108.625
,17599,-11.875,108.625
,17600,31.875,108.875
,17601,31.625,108.875
,17602,31.375,108.875
,17603,31.125,108.875
,17604,30.875,108.875
,17605,30.625,108.875
,17606,30.375,108.875
,17607,30.125,108.875
,17608,29.875,108.875
,17609,29.625,108.875
,17610,29.375,108.875
,17611,29.125,108.875
,17612,28.875,108.875
,17613,28.625,108.875
,17614,28.375,108.875
,17615,28.125,108.875
,17616,27.875,108.875
,17617,27.625,108.875
,17618,27.375,108.875
,17619,27.125,108.875
,17620,26.875,108.875
,17621,26.625,108.875
,17622,26.375,108.875
,17623,26.125,108.875
,17624,25.875,108.875
,17625,25.625,108.875
,17626,25.375,108.875
,17627,25.125,108.875
,17628,24.875,108.875
,17629,24.625,108.875
,17630,24.375,108.875
,17631,24.125,108.875
,17632,23.875,108.875
,17633,23.625,108.875
,17634,23.375,108.875
,17635,23.125,108.875
,17636,22.875,108.875
,17637,22.625,108.875
,17638,22.375,108.875
,17639,22.125,108.875
,17640,21.875,108.875
,17641,21.625,108.875
,17642,21.375,108.875
,17643,21.125,108.875
,17644,20.875,108.875
3.285178895028519E-5,17645,20.625,108.875
,17646,20.375,108.875
1.6878705935055176E-5,17647,20.125,108.875
1.9727451718746314E-5,17648,19.875,108.875
2.0588573551438673E-5,17649,19.625,108.875
1.7193161455568573E-5,17650,19.375,108.875
,17651,19.125,108.875
,17652,18.875,108.875
1.096867417104375E-5,17653,18.625,108.875
1.4218248029844847E-5,17654,18.375,108.875
1.3861746365970582E-5,17655,18.125,108.875
1.2020037455323982E-5,17656,17.875,108.875
7.297876864613269E-6,17657,17.625,108.875
9.898871969863357E-6,17658,17.375,108.875
9.26183222138081E-6,17659,17.125,108.875
9.554763950307713E-6,17660,16.875,108.875
1.2718503477996672E-5,17661,16.625,108.875
1.0370775169337093E-5,17662,16.375,108.875
1.2968108450952093E-5,17663,16.125,108.875
8.329024896769724E-6,17664,15.875,108.875
8.587999685765549E-6,17665,15.625,108.875
1.56516525167741E-5,17666,15.375,108.875
1.2559798334006374E-5,17667,15.125,108.875
9.927015751103399E-6,17668,14.875,108.875
9.937292458247811E-6,17669,14.625,108.875
9.619790689441993E-6,17670,14.375,108.875
9.494724302028076E-6,17671,14.125,108.875
,17672,13.875,108.875
,17673,13.625,108.875
7.438950601454755E-6,17674,13.375,108.875
1.1269153389832913E-5,17675,13.125,108.875
1.4543263735837688E-5,17676,12.875,108.875
1.1552930087508815E-5,17677,12.625,108.875
,17678,12.375,108.875
1.3492342981964031E-5,17679,12.125,108.875
1.1303608420436855E-5,17680,11.875,108.875
1.2275332589623162E-5,17681,11.625,108.875
1.0318351636394227E-5,17682,11.375,108.875
9.694246192835951E-6,17683,11.125,108.875
1.0584391001137936E-5,17684,10.875,108.875
1.4444674740309465E-5,17685,10.625,108.875
1.201563580977399E-5,17686,10.375,108.875
1.0583130235302413E-5,17687,10.125,108.875
1.262370434232034E-5,17688,9.875,108.875
,17689,9.625,108.875
,17690,9.375,108.875
,17691,9.125,108.875
,17692,8.875,108.875
1.1949834054074792E-5,17693,8.625,108.875
1.5723531915106655E-5,17694,8.375,108.875
,17695,8.125,108.875
1.3783732560530664E-5,17696,7.875,108.875
,17697,7.625,108.875
,17698,7.375,108.875
,17699,7.125,108.875
,17700,6.875,108.875
1.0329969603786792E-7,17701,6.625,108.875
3.641062480431546E-6,17702,6.375,108.875
1.1769534651004998E-5,17703,6.125,108.875
7.674884787841348E-6,17704,5.875,108.875
7.428154817577895E-6,17705,5.625,108.875
6.359749282511858E-6,17706,5.375,108.875
1.02176567760219E-5,17707,5.125,108.875
5.6257686035080005E-6,17708,4.875,108.875
7.48459532053925E-6,17709,4.625,108.875
8.542481210552568E-6,17710,4.375,108.875
4.207092004735972E-6,17711,4.125,108.875
4.77982537653773E-6,17712,3.875,108.875
,17713,3.625,108.875
-1.9500844395339765E-6,17714,3.375,108.875
3.3223888935481476E-6,17715,3.125,108.875
4.542063288451137E-6,17716,2.875,108.875
8.158815056095394E-6,17717,2.625,108.875
9.37583258436332E-6,17718,2.375,108.875
8.021509048530308E-6,17719,2.125,108.875
9.166442105007065E-6,17720,1.875,108.875
9.046442822415876E-6,17721,1.625,108.875
1.2592849300428329E-5,17722,1.375,108.875
1.083152900600597E-5,17723,1.125,108.875
7.6045697697359335E-6,17724,0.875,108.875
8.40098414580459E-6,17725,0.625,108.875
1.1381130233032759E-5,17726,0.375,108.875
1.2776565844845408E-5,17727,0.125,108.875
1.3394420822163496E-5,17728,-0.125,108.875
7.484289792199007E-6,17729,-0.375,108.875
8.088670191582316E-6,17730,-0.625,108.875
1.2785988152282881E-5,17731,-0.875,108.875
9.529625016099829E-6,17732,-1.125,108.875
9.67478751612176E-6,17733,-1.375,108.875
6.830482812866652E-6,17734,-1.625,108.875
8.633219489747776E-6,17735,-1.875,108.875
7.327693298240777E-6,17736,-2.125,108.875
6.545582634481329E-6,17737,-2.375,108.875
,17738,-2.625,108.875
2.0804995414218615E-6,17739,-2.875,108.875
6.120057344230445E-6,17740,-3.125,108.875
,17741,-3.375,108.875
,17742,-3.625,108.875
,17743,-3.875,108.875
,17744,-4.125,108.875
,17745,-4.375,108.875
,17746,-4.625,108.875
,17747,-4.875,108.875
,17748,-5.125,108.875
1.0399188823507689E-5,17749,-5.375,108.875
1.642571693719096E-5,17750,-5.625,108.875
1.5240406099381848E-5,17751,-5.875,108.875
2.2408420333050575E-5,17752,-6.125,108.875
2.7221810781290764E-5,17753,-6.375,108.875
2.0650125791621454E-5,17754,-6.625,108.875
2.8957157362490325E-5,17755,-6.875,108.875
,17756,-7.125,108.875
,17757,-7.375,108.875
,17758,-7.625,108.875
2.319234867603886E-5,17759,-7.875,108.875
2.6761278980668814E-5,17760,-8.125,108.875
2.535897295778995E-5,17761,-8.375,108.875
1.854226208935376E-5,17762,-8.625,108.875
1.560700628083378E-5,17763,-8.875,108.875
1.8840516995707844E-5,17764,-9.125,108.875
2.264495176225858E-5,17765,-9.375,108.875
2.8301997607816172E-5,17766,-9.625,108.875
1.6874145976201475E-5,17767,-9.875,108.875
2.6043080205556807E-5,17768,-10.125,108.875
,17769,-10.375,108.875
,17770,-10.625,108.875
,17771,-10.875,108.875
,17772,-11.125,108.875
,17773,-11.375,108.875
,17774,-11.625,108.875
,17775,-11.875,108.875
,17776,31.875,109.125
,17777,31.625,109.125
,17778,31.375,109.125
,17779,31.125,109.125
,17780,30.875,109.125
,17781,30.625,109.125
,17782,30.375,109.125
,17783,30.125,109.125
,17784,29.875,109.125
,17785,29.625,109.125
,17786,29.375,109.125
,17787,29.125,109.125
,17788,28.875,109.125
,17789,28.625,109.125
,17790,28.375,109.125
,17791,28.125,109.125
,17792,27.875,109.125
,17793,27.625,109.125
,17794,27.375,109.125
,17795,27.125,109.125
,17796,26.875,109.125
,17797,26.625,109.125
,17798,26.375,109.125
,17799,26.125,109.125
,17800,25.875,109.125
,17801,25.625,109.125
,17802,25.375,109.125
,17803,25.125,109.125
,17804,24.875,109.125
,17805,24.625,109.125
,17806,24.375,109.125
,17807,24.125,109.125
,17808,23.875,109.125
,17809,23.625,109.125
,17810,23.375,109.125
,17811,23.125,109.125
,17812,22.875,109.125
,17813,22.625,109.125
,17814,22.375,109.125
,17815,22.125,109.125
,17816,21.875,109.125
,17817,21.625,109.125
,17818,21.375,109.125
,17819,21.125,109.125
,17820,20.875,109.125
2.413967888375682E-5,17821,20.625,109.125
,17822,20.375,109.125
,17823,20.125,109.125
1.6657939008689056E-5,17824,19.875,109.125
1.5970710675016826E-5,17825,19.625,109.125
1.7835782379842923E-5,17826,19.375,109.125
,17827,19.125,109.125
1.0687924897381492E-5,17828,18.875,109.125
1.7485570718490323E-5,17829,18.625,109.125
1.5653103249660267E-5,17830,18.375,109.125
1.4340506685659712E-5,17831,18.125,109.125
1.2441210071897918E-5,17832,17.875,109.125
8.802543811196444E-6,17833,17.625,109.125
1.2500200990980646E-5,17834,17.375,109.125
7.367912998674956E-6,17835,17.125,109.125
9.37942599800075E-6,17836,16.875,109.125
1.203818755970684E-5,17837,16.625,109.125
1.0871501594813924E-5,17838,16.375,109.125
1.0805655423725399E-5,17839,16.125,109.125
1.3518164165851406E-5,17840,15.875,109.125
1.0121983349775871E-5,17841,15.625,109.125
1.2985013240951645E-5,17842,15.375,109.125
9.402624317742102E-6,17843,15.125,109.125
1.293311256780082E-5,17844,14.875,109.125
7.10592287360477E-6,17845,14.625,109.125
9.597024852369957E-6,17846,14.375,109.125
1.213136340232351E-5,17847,14.125,109.125
1.0099803850593204E-5,17848,13.875,109.125
9.628876792562376E-6,17849,13.625,109.125
6.505715086209161E-6,17850,13.375,109.125
1.0658221653958951E-5,17851,13.125,109.125
1.1652715978903453E-5,17852,12.875,109.125
1.675061704581677E-5,17853,12.625,109.125
1.838386222729893E-5,17854,12.375,109.125
9.674301194251109E-6,17855,12.125,109.125
9.907556561859866E-6,17856,11.875,109.125
1.2672293009934951E-5,17857,11.625,109.125
9.298981865486022E-6,17858,11.375,109.125
1.1917409849218787E-5,17859,11.125,109.125
1.375553776369875E-5,17860,10.875,109.125
1.3398580206129362E-5,17861,10.625,109.125
,17862,10.375,109.125
1.0167956750386554E-5,17863,10.125,109.125
1.2628497419614862E-5,17864,9.875,109.125
7.396020775787146E-6,17865,9.625,109.125
,17866,9.375,109.125
,17867,9.125,109.125
1.1644801088818496E-5,17868,8.875,109.125
1.5041742488307786E-5,17869,8.625,109.125
1.1336227555531873E-5,17870,8.375,109.125
,17871,8.125,109.125
,17872,7.875,109.125
,17873,7.625,109.125
,17874,7.375,109.125
,17875,7.125,109.125
,17876,6.875,109.125
-2.779814602439747E-6,17877,6.625,109.125
4.980458478142364E-6,17878,6.375,109.125
9.4361962706654E-6,17879,6.125,109.125
7.203556458517589E-6,17880,5.875,109.125
5.37262288991401E-6,17881,5.625,109.125
5.1931249138975775E-6,17882,5.375,109.125
9.879253285253917E-6,17883,5.125,109.125
7.423357848771956E-6,17884,4.875,109.125
5.666878908782289E-6,17885,4.625,109.125
7.643866721752522E-6,17886,4.375,109.125
6.203024171372764E-6,17887,4.125,109.125
7.3832563523902325E-6,17888,3.875,109.125
,17889,3.625,109.125
-1.4098794683498613E-6,17890,3.375,109.125
8.360136330939967E-6,17891,3.125,109.125
4.336131566617261E-6,17892,2.875,109.125
1.006786256234233E-5,17893,2.625,109.125
6.373303391870921E-6,17894,2.375,109.125
8.702927884719359E-6,17895,2.125,109.125
9.482827173151304E-6,17896,1.875,109.125
8.911145207247285E-6,17897,1.625,109.125
1.0405475426926949E-5,17898,1.375,109.125
1.1737197051931021E-5,17899,1.125,109.125
8.938535621379435E-6,17900,0.875,109.125
9.566241355155701E-6,17901,0.625,109.125
1.2050462135086575E-5,17902,0.375,109.125
1.3974710023026778E-5,17903,0.125,109.125
1.2903961070262856E-5,17904,-0.125,109.125
1.2114013438515984E-5,17905,-0.375,109.125
1.1867303063868553E-5,17906,-0.625,109.125
1.2089503696581203E-5,17907,-0.875,109.125
9.932887975792156E-6,17908,-1.125,109.125
1.3502426884994312E-5,17909,-1.375,109.125
7.99892804756604E-6,17910,-1.625,109.125
7.090620468131967E-6,17911,-1.875,109.125
1.0105833323962056E-5,17912,-2.125,109.125
4.494958521162594E-6,17913,-2.375,109.125
,17914,-2.625,109.125
,17915,-2.875,109.125
,17916,-3.125,109.125
,17917,-3.375,109.125
,17918,-3.625,109.125
,17919,-3.875,109.125
,17920,-4.125,109.125
,17921,-4.375,109.125
1.1666439002722963E-5,17922,-4.625,109.125
,17923,-4.875,109.125
,17924,-5.125,109.125
,17925,-5.375,109.125
1.3735643475738202E-5,17926,-5.625,109.125
1.5421816750953667E-5,17927,-5.875,109.125
2.367758543472272E-5,17928,-6.125,109.125
2.426721063964381E-5,17929,-6.375,109.125
1.8917295371971777E-5,17930,-6.625,109.125
2.625670912019444E-5,17931,-6.875,109.125
1.943860389697488E-5,17932,-7.125,109.125
2.58826639679976E-5,17933,-7.375,109.125
4.188632032811413E-5,17934,-7.625,109.125
2.1613839457523023E-5,17935,-7.875,109.125
2.73029379626281E-5,17936,-8.125,109.125
2.8691605913110033E-5,17937,-8.375,109.125
2.3028801401738533E-5,17938,-8.625,109.125
1.888125265033461E-5,17939,-8.875,109.125
-5.983739792403703E-6,17940,-9.125,109.125
3.0848392412277464E-5,17941,-9.375,109.125
1.8171409665021872E-5,17942,-9.625,109.125
,17943,-9.875,109.125
,17944,-10.125,109.125
,17945,-10.375,109.125
,17946,-10.625,109.125
,17947,-10.875,109.125
,17948,-11.125,109.125
,17949,-11.375,109.125
,17950,-11.625,109.125
3.222336444438538E-5,17951,-11.875,109.125
,17952,31.875,109.375
,17953,31.625,109.375
,17954,31.375,109.375
,17955,31.125,109.375
,17956,30.875,109.375
,17957,30.625,109.375
,17958,30.375,109.375
,17959,30.125,109.375
,17960,29.875,109.375
,17961,29.625,109.375
,17962,29.375,109.375
,17963,29.125,109.375
,17964,28.875,109.375
,17965,28.625,109.375
,17966,28.375,109.375
,17967,28.125,109.375
,17968,27.875,109.375
,17969,27.625,109.375
,17970,27.375,109.375
,17971,27.125,109.375
,17972,26.875,109.375
,17973,26.625,109.375
,17974,26.375,109.375
,17975,26.125,109.375
,17976,25.875,109.375
,17977,25.625,109.375
,17978,25.375,109.375
,17979,25.125,109.375
,17980,24.875,109.375
,17981,24.625,109.375
,17982,24.375,109.375
,17983,24.125,109.375
,17984,23.875,109.375
,17985,23.625,109.375
,17986,23.375,109.375
,17987,23.125,109.375
,17988,22.875,109.375
,17989,22.625,109.375
,17990,22.375,109.375
,17991,22.125,109.375
,17992,21.875,109.375
,17993,21.625,109.375
,17994,21.375,109.375
,17995,21.125,109.375
,17996,20.875,109.375
2.0514499029001855E-5,17997,20.625,109.375
2.229960062200982E-5,17998,20.375,109.375
2.051546109631039E-5,17999,20.125,109.375
,18000,19.875,109.375
,18001,19.625,109.375
1.3145155184620508E-5,18002,19.375,109.375
,18003,19.125,109.375
1.0966443186482469E-5,18004,18.875,109.375
,18005,18.625,109.375
2.2369999876319896E-5,18006,18.375,109.375
7.442881648286836E-6,18007,18.125,109.375
9.354392190203758E-6,18008,17.875,109.375
7.192333875753285E-6,18009,17.625,109.375
7.0053609904916374E-6,18010,17.375,109.375
8.797438021683212E-6,18011,17.125,109.375
1.0433178510591972E-5,18012,16.875,109.375
1.1358791244093461E-5,18013,16.625,109.375
1.0069234335760936E-5,18014,16.375,109.375
1.0684258351915085E-5,18015,16.125,109.375
1.354519862334696E-5,18016,15.875,109.375
1.0463293326756078E-5,18017,15.625,109.375
1.1599693069019381E-5,18018,15.375,109.375
1.2797657482389512E-5,18019,15.125,109.375
1.1215414853707194E-5,18020,14.875,109.375
1.1068528194040907E-5,18021,14.625,109.375
8.877765452784883E-6,18022,14.375,109.375
1.0107393499312328E-5,18023,14.125,109.375
1.0391447529392889E-5,18024,13.875,109.375
9.682186049952545E-6,18025,13.625,109.375
1.2476546811657254E-5,18026,13.375,109.375
1.511982983404468E-5,18027,13.125,109.375
,18028,12.875,109.375
1.793063356125311E-5,18029,12.625,109.375
1.3296608055723398E-5,18030,12.375,109.375
1.1315512268429205E-5,18031,12.125,109.375
1.5138902267981845E-5,18032,11.875,109.375
1.3233715856501513E-5,18033,11.625,109.375
1.0212103727410562E-5,18034,11.375,109.375
1.2486837914191847E-5,18035,11.125,109.375
1.572021077592684E-5,18036,10.875,109.375
1.2794843974787487E-5,18037,10.625,109.375
,18038,10.375,109.375
1.91282725658528E-5,18039,10.125,109.375
1.3202858552214303E-5,18040,9.875,109.375
1.009470525548127E-5,18041,9.625,109.375
1.6021791600079582E-5,18042,9.375,109.375
1.7275255384997343E-5,18043,9.125,109.375
1.5130158845420181E-5,18044,8.875,109.375
1.6033527548292787E-5,18045,8.625,109.375
,18046,8.375,109.375
7.540126253355055E-6,18047,8.125,109.375
,18048,7.875,109.375
,18049,7.625,109.375
,18050,7.375,109.375
,18051,7.125,109.375
4.930284096034217E-6,18052,6.875,109.375
7.336657133643777E-6,18053,6.625,109.375
6.56571054108236E-6,18054,6.375,109.375
6.4316989597732885E-6,18055,6.125,109.375
8.774955463759826E-6,18056,5.875,109.375
6.815778833350706E-6,18057,5.625,109.375
6.049155517570676E-6,18058,5.375,109.375
7.154354510500315E-6,18059,5.125,109.375
6.239338061137379E-6,18060,4.875,109.375
8.27290422885279E-6,18061,4.625,109.375
9.041244970811152E-6,18062,4.375,109.375
7.143584575605928E-6,18063,4.125,109.375
,18064,3.875,109.375
6.603214011757261E-7,18065,3.625,109.375
4.165140870063408E-6,18066,3.375,109.375
3.7224060741516112E-6,18067,3.125,109.375
4.675749533627699E-6,18068,2.875,109.375
4.465079772972816E-6,18069,2.625,109.375
6.353641467902278E-6,18070,2.375,109.375
8.188816569114597E-6,18071,2.125,109.375
7.812139269655023E-6,18072,1.875,109.375
9.142896756545448E-6,18073,1.625,109.375
8.134545990617444E-6,18074,1.375,109.375
9.257579418210827E-6,18075,1.125,109.375
5.286383602941219E-6,18076,0.875,109.375
7.131735106833051E-6,18077,0.625,109.375
6.138722068652955E-6,18078,0.375,109.375
1.0331440245957104E-5,18079,0.125,109.375
9.98782079425829E-6,18080,-0.125,109.375
1.438780364431033E-5,18081,-0.375,109.375
8.376873626867777E-6,18082,-0.625,109.375
7.795164499912805E-6,18083,-0.875,109.375
7.343962120037185E-6,18084,-1.125,109.375
1.143190637624375E-5,18085,-1.375,109.375
7.824916182257959E-6,18086,-1.625,109.375
8.91659628977824E-6,18087,-1.875,109.375
8.935414379954442E-6,18088,-2.125,109.375
9.031423997855416E-6,18089,-2.375,109.375
7.791441436824107E-6,18090,-2.625,109.375
1.1044234707386835E-5,18091,-2.875,109.375
8.67673174602316E-6,18092,-3.125,109.375
,18093,-3.375,109.375
,18094,-3.625,109.375
,18095,-3.875,109.375
,18096,-4.125,109.375
,18097,-4.375,109.375
,18098,-4.625,109.375
,18099,-4.875,109.375
,18100,-5.125,109.375
1.0809821183567646E-5,18101,-5.375,109.375
1.4874703006771286E-5,18102,-5.625,109.375
1.746278441200487E-5,18103,-5.875,109.375
2.4746500927357943E-5,18104,-6.125,109.375
2.412898676261979E-5,18105,-6.375,109.375
2.2356274943334193E-5,18106,-6.625,109.375
2.486110370540683E-5,18107,-6.875,109.375
3.7796757591958475E-5,18108,-7.125,109.375
,18109,-7.375,109.375
1.517424258585991E-5,18110,-7.625,109.375
2.7924625502691932E-5,18111,-7.875,109.375
3.2393853484375865E-5,18112,-8.125,109.375
1.7116488249085625E-5,18113,-8.375,109.375
1.2307496290724917E-5,18114,-8.625,109.375
1.548772951351269E-5,18115,-8.875,109.375
1.7812006352171334E-5,18116,-9.125,109.375
1.3428762761854139E-5,18117,-9.375,109.375
1.4205265252118239E-5,18118,-9.625,109.375
3.0274724018351933E-5,18119,-9.875,109.375
,18120,-10.125,109.375
,18121,-10.375,109.375
,18122,-10.625,109.375
,18123,-10.875,109.375
,18124,-11.125,109.375
,18125,-11.375,109.375
,18126,-11.625,109.375
1.0570751150284218E-6,18127,-11.875,109.375
,18128,31.875,109.625
,18129,31.625,109.625
,18130,31.375,109.625
,18131,31.125,109.625
,18132,30.875,109.625
,18133,30.625,109.625
,18134,30.375,109.625
,18135,30.125,109.625
,18136,29.875,109.625
,18137,29.625,109.625
,18138,29.375,109.625
,18139,29.125,109.625
,18140,28.875,109.625
,18141,28.625,109.625
,18142,28.375,109.625
,18143,28.125,109.625
,18144,27.875,109.625
,18145,27.625,109.625
,18146,27.375,109.625
,18147,27.125,109.625
,18148,26.875,109.625
,18149,26.625,109.625
,18150,26.375,109.625
,18151,26.125,109.625
,18152,25.875,109.625
,18153,25.625,109.625
,18154,25.375,109.625
,18155,25.125,109.625
,18156,24.875,109.625
,18157,24.625,109.625
,18158,24.375,109.625
,18159,24.125,109.625
,18160,23.875,109.625
,18161,23.625,109.625
,18162,23.375,109.625
,18163,23.125,109.625
,18164,22.875,109.625
,18165,22.625,109.625
,18166,22.375,109.625
,18167,22.125,109.625
,18168,21.875,109.625
,18169,21.625,109.625
,18170,21.375,109.625
,18171,21.125,109.625
,18172,20.875,109.625
1.8615080569599268E-5,18173,20.625,109.625
2.2636687441420416E-5,18174,20.375,109.625
2.1877999212703082E-5,18175,20.125,109.625
1.8311341212949196E-5,18176,19.875,109.625
1.8488702282042317E-5,18177,19.625,109.625
5.026290858938258E-6,18178,19.375,109.625
2.8827575658165356E-5,18179,19.125,109.625
,18180,18.875,109.625
3.82606148400667E-6,18181,18.625,109.625
3.9880012497468615E-6,18182,18.375,109.625
7.190188069938722E-6,18183,18.125,109.625
6.17502024255397E-6,18184,17.875,109.625
8.767843354533799E-6,18185,17.625,109.625
9.051587011608872E-6,18186,17.375,109.625
9.866376737906044E-6,18187,17.125,109.625
7.204926439463634E-6,18188,16.875,109.625
8.886953486017916E-6,18189,16.625,109.625
1.3307152949685535E-5,18190,16.375,109.625
1.149717095538167E-5,18191,16.125,109.625
1.0582942632424382E-5,18192,15.875,109.625
1.0282054391581194E-5,18193,15.625,109.625
1.2502213885648247E-5,18194,15.375,109.625
1.1257235014404893E-5,18195,15.125,109.625
8.995528338819027E-6,18196,14.875,109.625
9.130533208457328E-6,18197,14.625,109.625
9.570099518875228E-6,18198,14.375,109.625
9.70452871682536E-6,18199,14.125,109.625
1.1526577289119727E-5,18200,13.875,109.625
9.428527716198212E-6,18201,13.625,109.625
1.1611170795643839E-5,18202,13.375,109.625
1.2121994236218943E-5,18203,13.125,109.625
1.3304694225424727E-5,18204,12.875,109.625
1.3913102507722412E-5,18205,12.625,109.625
1.0751648930024538E-5,18206,12.375,109.625
1.5778436279227335E-5,18207,12.125,109.625
1.3791149596415768E-5,18208,11.875,109.625
1.761574537842635E-5,18209,11.625,109.625
1.1483770887544535E-5,18210,11.375,109.625
9.20184237226664E-6,18211,11.125,109.625
1.693992972512917E-5,18212,10.875,109.625
1.6420180691638225E-5,18213,10.625,109.625
1.9386672168875143E-5,18214,10.375,109.625
1.2911393778175258E-5,18215,10.125,109.625
1.6134222906578024E-5,18216,9.875,109.625
1.3915068382553643E-5,18217,9.625,109.625
1.5975196751215064E-5,18218,9.375,109.625
1.6888365906106556E-5,18219,9.125,109.625
1.5819117552507376E-5,18220,8.875,109.625
1.5152147211933995E-5,18221,8.625,109.625
2.981662160199884E-5,18222,8.375,109.625
1.4330337044647708E-5,18223,8.125,109.625
,18224,7.875,109.625
,18225,7.625,109.625
,18226,7.375,109.625
,18227,7.125,109.625
1.4704896296644356E-6,18228,6.875,109.625
4.034167753684206E-6,18229,6.625,109.625
8.85686547681531E-6,18230,6.375,109.625
7.883263569282175E-6,18231,6.125,109.625
8.322387937885311E-6,18232,5.875,109.625
7.68623492558717E-6,18233,5.625,109.625
7.248205025191847E-6,18234,5.375,109.625
4.7484052461284965E-6,18235,5.125,109.625
7.629965242786018E-6,18236,4.875,109.625
8.819817924752962E-6,18237,4.625,109.625
9.55819193641463E-6,18238,4.375,109.625
8.41190698649378E-6,18239,4.125,109.625
1.000789464296399E-6,18240,3.875,109.625
3.1652444588981195E-6,18241,3.625,109.625
4.297743821559086E-6,18242,3.375,109.625
4.514637204757032E-6,18243,3.125,109.625
6.493005522328942E-6,18244,2.875,109.625
4.258547025353423E-6,18245,2.625,109.625
7.3941512723737945E-6,18246,2.375,109.625
1.0486179819144635E-5,18247,2.125,109.625
1.0505576222367673E-5,18248,1.875,109.625
9.136393572035226E-6,18249,1.625,109.625
8.989666523811326E-6,18250,1.375,109.625
1.2082079735862804E-5,18251,1.125,109.625
6.151142116570432E-6,18252,0.875,109.625
7.575921265963838E-6,18253,0.625,109.625
7.636633091976991E-6,18254,0.375,109.625
1.2341561010058256E-5,18255,0.125,109.625
1.1675365986578211E-5,18256,-0.125,109.625
1.2500533957970088E-5,18257,-0.375,109.625
7.119482653206686E-6,18258,-0.625,109.625
5.965249784647097E-6,18259,-0.875,109.625
8.066502835345804E-6,18260,-1.125,109.625
1.2211906708380719E-5,18261,-1.375,109.625
7.80253498466502E-6,18262,-1.625,109.625
6.078049099502256E-6,18263,-1.875,109.625
1.1601486598230621E-5,18264,-2.125,109.625
8.078865065261606E-6,18265,-2.375,109.625
1.0060636241342931E-5,18266,-2.625,109.625
9.023047619208964E-6,18267,-2.875,109.625
7.780118658485933E-6,18268,-3.125,109.625
,18269,-3.375,109.625
,18270,-3.625,109.625
,18271,-3.875,109.625
,18272,-4.125,109.625
,18273,-4.375,109.625
,18274,-4.625,109.625
,18275,-4.875,109.625
,18276,-5.125,109.625
,18277,-5.375,109.625
1.1856323732272746E-5,18278,-5.625,109.625
1.699924462308591E-5,18279,-5.875,109.625
2.2347354431670063E-5,18280,-6.125,109.625
2.522067122225961E-5,18281,-6.375,109.625
2.4400390188294998E-5,18282,-6.625,109.625
2.7512051156581372E-5,18283,-6.875,109.625
4.887808402086868E-5,18284,-7.125,109.625
,18285,-7.375,109.625
1.493371859548717E-5,18286,-7.625,109.625
2.672362184313443E-5,18287,-7.875,109.625
2.495720623668983E-5,18288,-8.125,109.625
1.5878503283185393E-5,18289,-8.375,109.625
1.3019247372819798E-5,18290,-8.625,109.625
1.7434198148687274E-5,18291,-8.875,109.625
1.1737973781004277E-5,18292,-9.125,109.625
1.271956134807541E-5,18293,-9.375,109.625
1.2619355301260566E-5,18294,-9.625,109.625
1.3017248469621323E-5,18295,-9.875,109.625
,18296,-10.125,109.625
,18297,-10.375,109.625
2.125594136479584E-5,18298,-10.625,109.625
1.59811915787927E-5,18299,-10.875,109.625
,18300,-11.125,109.625
,18301,-11.375,109.625
,18302,-11.625,109.625
1.0326502927419756E-5,18303,-11.875,109.625
,18304,31.875,109.875
,18305,31.625,109.875
,18306,31.375,109.875
,18307,31.125,109.875
,18308,30.875,109.875
,18309,30.625,109.875
,18310,30.375,109.875
,18311,30.125,109.875
,18312,29.875,109.875
,18313,29.625,109.875
,18314,29.375,109.875
,18315,29.125,109.875
,18316,28.875,109.875
,18317,28.625,109.875
,18318,28.375,109.875
,18319,28.125,109.875
,18320,27.875,109.875
,18321,27.625,109.875
,18322,27.375,109.875
,18323,27.125,109.875
,18324,26.875,109.875
,18325,26.625,109.875
,18326,26.375,109.875
,18327,26.125,109.875
,18328,25.875,109.875
,18329,25.625,109.875
,18330,25.375,109.875
,18331,25.125,109.875
,18332,24.875,109.875
,18333,24.625,109.875
,18334,24.375,109.875
,18335,24.125,109.875
,18336,23.875,109.875
,18337,23.625,109.875
,18338,23.375,109.875
,18339,23.125,109.875
,18340,22.875,109.875
,18341,22.625,109.875
,18342,22.375,109.875
,18343,22.125,109.875
,18344,21.875,109.875
,18345,21.625,109.875
,18346,21.375,109.875
3.498900514089784E-5,18347,21.125,109.875
3.128709354097197E-5,18348,20.875,109.875
1.720237629758159E-5,18349,20.625,109.875
2.0902980174698436E-5,18350,20.375,109.875
2.7084700618977873E-5,18351,20.125,109.875
3.139871363656297E-5,18352,19.875,109.875
1.7945281223029718E-5,18353,19.625,109.875
1.4184205600938943E-5,18354,19.375,109.875
2.389913449700864E-5,18355,19.125,109.875
,18356,18.875,109.875
3.279435342790102E-6,18357,18.625,109.875
4.137489729242965E-6,18358,18.375,109.875
6.352649279392778E-6,18359,18.125,109.875
7.830576931457784E-6,18360,17.875,109.875
9.27951532851064E-6,18361,17.625,109.875
7.591466331450778E-6,18362,17.375,109.875
1.3057758562088427E-5,18363,17.125,109.875
1.0615638976439259E-5,18364,16.875,109.875
4.611592146333567E-6,18365,16.625,109.875
1.2137635933926682E-5,18366,16.375,109.875
9.657599357729708E-6,18367,16.125,109.875
1.1251473600843285E-5,18368,15.875,109.875
1.3253692646964725E-5,18369,15.625,109.875
8.347941105296272E-6,18370,15.375,109.875
8.95076947971305E-6,18371,15.125,109.875
1.1011389698422405E-5,18372,14.875,109.875
7.046980578824891E-6,18373,14.625,109.875
9.185630396872298E-6,18374,14.375,109.875
1.2060498911165575E-5,18375,14.125,109.875
1.3830252574901115E-5,18376,13.875,109.875
1.5173412736850948E-5,18377,13.625,109.875
1.4344710261846538E-5,18378,13.375,109.875
7.304259719765142E-6,18379,13.125,109.875
9.773509216200957E-6,18380,12.875,109.875
1.1874147803398498E-5,18381,12.625,109.875
1.2721668654999712E-5,18382,12.375,109.875
1.4228481915711086E-5,18383,12.125,109.875
8.496008627342807E-6,18384,11.875,109.875
1.0156008093598416E-5,18385,11.625,109.875
1.112443211897073E-5,18386,11.375,109.875
1.206753378476481E-5,18387,11.125,109.875
1.3042791512607997E-5,18388,10.875,109.875
1.1987749199320718E-5,18389,10.625,109.875
1.2938689970939644E-5,18390,10.375,109.875
1.6139623654240957E-5,18391,10.125,109.875
1.861115258373956E-5,18392,9.875,109.875
1.3874328799208337E-5,18393,9.625,109.875
1.4206904124006608E-5,18394,9.375,109.875
9.2205507159016E-6,18395,9.125,109.875
1.674244250723206E-5,18396,8.875,109.875
1.0310342068506493E-5,18397,8.625,109.875
1.2079071761763242E-5,18398,8.375,109.875
5.306928878730826E-6,18399,8.125,109.875
7.144248349761907E-6,18400,7.875,109.875
1.2207923359983506E-6,18401,7.625,109.875
,18402,7.375,109.875
,18403,7.125,109.875
,18404,6.875,109.875
,18405,6.625,109.875
6.104065497833554E-6,18406,6.375,109.875
6.411407748309663E-6,18407,6.125,109.875
7.097660473866236E-6,18408,5.875,109.875
6.515991618308759E-6,18409,5.625,109.875
7.193729486868741E-6,18410,5.375,109.875
6.810675153846094E-6,18411,5.125,109.875
4.496362375404546E-6,18412,4.875,109.875
8.875251811383408E-6,18413,4.625,109.875
6.8549736388415085E-6,18414,4.375,109.875
6.598160691301421E-6,18415,4.125,109.875
6.5665780571371E-6,18416,3.875,109.875
-3.1056538073702783E-6,18417,3.625,109.875
7.193596643525202E-6,18418,3.375,109.875
2.57388704359719E-6,18419,3.125,109.875
1.1898257508970137E-6,18420,2.875,109.875
3.163812003531377E-6,18421,2.625,109.875
6.0094697845459E-6,18422,2.375,109.875
6.639833070698761E-6,18423,2.125,109.875
9.225382953044508E-6,18424,1.875,109.875
9.507144538116668E-6,18425,1.625,109.875
7.937522055063545E-6,18426,1.375,109.875
1.4208662588540096E-5,18427,1.125,109.875
9.226811826203907E-6,18428,0.875,109.875
5.500221446279624E-6,18429,0.625,109.875
8.99119531208173E-6,18430,0.375,109.875
6.473253378369388E-6,18431,0.125,109.875
1.0894625380030863E-5,18432,-0.125,109.875
9.053617539000611E-6,18433,-0.375,109.875
9.407548397640709E-6,18434,-0.625,109.875
6.355782289090751E-6,18435,-0.875,109.875
4.131375310675447E-6,18436,-1.125,109.875
7.626497480605823E-6,18437,-1.375,109.875
5.24650064033823E-6,18438,-1.625,109.875
8.056037555380435E-6,18439,-1.875,109.875
4.521988631231857E-6,18440,-2.125,109.875
1.1008733218726532E-5,18441,-2.375,109.875
9.064727623268928E-6,18442,-2.625,109.875
6.573293683523726E-6,18443,-2.875,109.875
7.50087499580566E-6,18444,-3.125,109.875
7.042558467156397E-6,18445,-3.375,109.875
1.4192002005473352E-5,18446,-3.625,109.875
1.5040402040127244E-5,18447,-3.875,109.875
2.6983723918538788E-5,18448,-4.125,109.875
,18449,-4.375,109.875
,18450,-4.625,109.875
,18451,-4.875,109.875
,18452,-5.125,109.875
,18453,-5.375,109.875
1.7950581968565043E-5,18454,-5.625,109.875
1.4983329317523514E-5,18455,-5.875,109.875
2.4972861304652096E-5,18456,-6.125,109.875
2.52795223732576E-5,18457,-6.375,109.875
2.45647764099373E-5,18458,-6.625,109.875
2.3879034760198398E-5,18459,-6.875,109.875
3.5647866105351005E-5,18460,-7.125,109.875
3.359663244520835E-5,18461,-7.375,109.875
,18462,-7.625,109.875
1.7809019803158352E-5,18463,-7.875,109.875
2.097921040601218E-5,18464,-8.125,109.875
1.746969625422771E-5,18465,-8.375,109.875
1.1893910427448572E-5,18466,-8.625,109.875
1.2873942820518396E-5,18467,-8.875,109.875
2.557892088735832E-5,18468,-9.125,109.875
1.4663609403472345E-5,18469,-9.375,109.875
1.1786006012199416E-5,18470,-9.625,109.875
3.5532688718175797E-6,18471,-9.875,109.875
,18472,-10.125,109.875
,18473,-10.375,109.875
6.931970961549336E-6,18474,-10.625,109.875
-1.964280184279284E-6,18475,-10.875,109.875
1.0970364589260398E-5,18476,-11.125,109.875
,18477,-11.375,109.875
,18478,-11.625,109.875
,18479,-11.875,109.875
,18480,31.875,110.125
,18481,31.625,110.125
,18482,31.375,110.125
,18483,31.125,110.125
,18484,30.875,110.125
,18485,30.625,110.125
,18486,30.375,110.125
,18487,30.125,110.125
,18488,29.875,110.125
,18489,29.625,110.125
,18490,29.375,110.125
,18491,29.125,110.125
,18492,28.875,110.125
,18493,28.625,110.125
,18494,28.375,110.125
,18495,28.125,110.125
,18496,27.875,110.125
,18497,27.625,110.125
,18498,27.375,110.125
,18499,27.125,110.125
,18500,26.875,110.125
,18501,26.625,110.125
,18502,26.375,110.125
,18503,26.125,110.125
,18504,25.875,110.125
,18505,25.625,110.125
,18506,25.375,110.125
,18507,25.125,110.125
,18508,24.875,110.125
,18509,24.625,110.125
,18510,24.375,110.125
,18511,24.125,110.125
,18512,23.875,110.125
,18513,23.625,110.125
,18514,23.375,110.125
,18515,23.125,110.125
,18516,22.875,110.125
,18517,22.625,110.125
,18518,22.375,110.125
,18519,22.125,110.125
,18520,21.875,110.125
,18521,21.625,110.125
,18522,21.375,110.125
4.854205712781756E-5,18523,21.125,110.125
2.9358736886148674E-5,18524,20.875,110.125
3.006205849219317E-5,18525,20.625,110.125
2.634242055536099E-5,18526,20.375,110.125
3.1126171505687114E-5,18527,20.125,110.125
,18528,19.875,110.125
1.37366917483449E-5,18529,19.625,110.125
1.3156880948920961E-5,18530,19.375,110.125
1.8783741362733416E-5,18531,19.125,110.125
5.378380606671184E-6,18532,18.875,110.125
6.805003776567594E-6,18533,18.625,110.125
4.359424624397956E-6,18534,18.375,110.125
1.0649997027811395E-5,18535,18.125,110.125
8.502860185070966E-6,18536,17.875,110.125
6.635572892131562E-6,18537,17.625,110.125
7.995618176388366E-6,18538,17.375,110.125
1.0822160919520846E-5,18539,17.125,110.125
7.2225972665986195E-6,18540,16.875,110.125
7.568409036105303E-6,18541,16.625,110.125
8.869104408745373E-6,18542,16.375,110.125
8.844594616379123E-6,18543,16.125,110.125
1.0608748823221217E-5,18544,15.875,110.125
7.082793615175487E-6,18545,15.625,110.125
1.0888972713194505E-5,18546,15.375,110.125
8.073645007668084E-6,18547,15.125,110.125
1.147564827531239E-5,18548,14.875,110.125
7.531204102097696E-6,18549,14.625,110.125
1.1333329188625846E-5,18550,14.375,110.125
1.0508930856129384E-5,18551,14.125,110.125
1.0800591147077483E-5,18552,13.875,110.125
1.1246701568626827E-5,18553,13.625,110.125
1.574059902153833E-5,18554,13.375,110.125
1.086767939121317E-5,18555,13.125,110.125
1.0973316464912796E-5,18556,12.875,110.125
1.0097134784515092E-5,18557,12.625,110.125
1.460906126272049E-5,18558,12.375,110.125
1.2796418539154898E-5,18559,12.125,110.125
4.7192776909495324E-6,18560,11.875,110.125
8.28995630773327E-6,18561,11.625,110.125
9.169827890052059E-6,18562,11.375,110.125
1.4374945237631863E-5,18563,11.125,110.125
1.579462424143642E-5,18564,10.875,110.125
1.2071746351302006E-5,18565,10.625,110.125
1.4493055504061037E-5,18566,10.375,110.125
1.3197296646718795E-5,18567,10.125,110.125
1.2601617807055172E-5,18568,9.875,110.125
1.3968930758669613E-5,18569,9.625,110.125
1.0770736005484137E-5,18570,9.375,110.125
8.929266660495543E-6,18571,9.125,110.125
1.5337034663719895E-5,18572,8.875,110.125
1.1536986559793944E-5,18573,8.625,110.125
1.3745069712927867E-5,18574,8.375,110.125
9.318360380572089E-6,18575,8.125,110.125
3.2974729194980726E-6,18576,7.875,110.125
6.216915375178519E-6,18577,7.625,110.125
,18578,7.375,110.125
,18579,7.125,110.125
1.194366001439757E-5,18580,6.875,110.125
5.0261278273035955E-6,18581,6.625,110.125
6.886723463764835E-6,18582,6.375,110.125
5.828833483487749E-6,18583,6.125,110.125
8.288193834806237E-6,18584,5.875,110.125
7.008336382070254E-6,18585,5.625,110.125
4.210922496785053E-6,18586,5.375,110.125
9.145407338784915E-6,18587,5.125,110.125
7.806682617512472E-6,18588,4.875,110.125
8.752350688712794E-6,18589,4.625,110.125
8.745914667746745E-6,18590,4.375,110.125
1.0234376948617467E-5,18591,4.125,110.125
8.351236076484059E-6,18592,3.875,110.125
1.1205534886759868E-5,18593,3.625,110.125
2.2976172836953227E-7,18594,3.375,110.125
8.35860732392653E-7,18595,3.125,110.125
4.0969237952180675E-6,18596,2.875,110.125
4.324081081602226E-6,18597,2.625,110.125
6.97755326641306E-6,18598,2.375,110.125
4.643056738981715E-6,18599,2.125,110.125
7.4533836673458594E-6,18600,1.875,110.125
1.1195943662498339E-5,18601,1.625,110.125
6.835776091598937E-6,18602,1.375,110.125
,18603,1.125,110.125
1.9341885879243034E-6,18604,0.875,110.125
7.097394545285646E-6,18605,0.625,110.125
8.996393763937589E-6,18606,0.375,110.125
8.386133177848082E-6,18607,0.125,110.125
1.2164383265015239E-5,18608,-0.125,110.125
9.045290122004282E-6,18609,-0.375,110.125
1.0709212290745516E-5,18610,-0.625,110.125
,18611,-0.875,110.125
1.1287481795026128E-5,18612,-1.125,110.125
6.744218636061528E-6,18613,-1.375,110.125
7.825581358463648E-6,18614,-1.625,110.125
9.252636491291912E-6,18615,-1.875,110.125
3.380398684556342E-6,18616,-2.125,110.125
5.976962592292329E-6,18617,-2.375,110.125
5.9881059176912E-6,18618,-2.625,110.125
8.046039665423299E-6,18619,-2.875,110.125
5.192310857708881E-6,18620,-3.125,110.125
6.882462188088305E-6,18621,-3.375,110.125
7.733058710588818E-6,18622,-3.625,110.125
9.328558217030118E-6,18623,-3.875,110.125
2.32019885365261E-5,18624,-4.125,110.125
,18625,-4.375,110.125
,18626,-4.625,110.125
,18627,-4.875,110.125
,18628,-5.125,110.125
,18629,-5.375,110.125
,18630,-5.625,110.125
2.40411861039557E-5,18631,-5.875,110.125
2.1506991663196255E-5,18632,-6.125,110.125
2.135779570221773E-5,18633,-6.375,110.125
3.165030844570026E-5,18634,-6.625,110.125
2.9579319773110636E-5,18635,-6.875,110.125
5.087172739512758E-5,18636,-7.125,110.125
,18637,-7.375,110.125
,18638,-7.625,110.125
1.8808278283395622E-5,18639,-7.875,110.125
1.9652083390973063E-5,18640,-8.125,110.125
1.1039792411620631E-5,18641,-8.375,110.125
9.23514767229044E-6,18642,-8.625,110.125
1.444297952911098E-5,18643,-8.875,110.125
1.4543620742917252E-5,18644,-9.125,110.125
1.2741523112757307E-5,18645,-9.375,110.125
1.7424463225141765E-5,18646,-9.625,110.125
1.147820022450628E-5,18647,-9.875,110.125
1.659934213679968E-5,18648,-10.125,110.125
1.1166638925038634E-5,18649,-10.375,110.125
1.2851030410452916E-5,18650,-10.625,110.125
1.3686680037272912E-5,18651,-10.875,110.125
1.2139410278047408E-5,18652,-11.125,110.125
,18653,-11.375,110.125
,18654,-11.625,110.125
,18655,-11.875,110.125
,18656,31.875,110.375
,18657,31.625,110.375
,18658,31.375,110.375
,18659,31.125,110.375
,18660,30.875,110.375
,18661,30.625,110.375
,18662,30.375,110.375
,18663,30.125,110.375
,18664,29.875,110.375
,18665,29.625,110.375
,18666,29.375,110.375
,18667,29.125,110.375
,18668,28.875,110.375
,18669,28.625,110.375
,18670,28.375,110.375
,18671,28.125,110.375
,18672,27.875,110.375
,18673,27.625,110.375
,18674,27.375,110.375
,18675,27.125,110.375
,18676,26.875,110.375
,18677,26.625,110.375
,18678,26.375,110.375
,18679,26.125,110.375
,18680,25.875,110.375
,18681,25.625,110.375
,18682,25.375,110.375
,18683,25.125,110.375
,18684,24.875,110.375
,18685,24.625,110.375
,18686,24.375,110.375
,18687,24.125,110.375
,18688,23.875,110.375
,18689,23.625,110.375
,18690,23.375,110.375
,18691,23.125,110.375
,18692,22.875,110.375
,18693,22.625,110.375
,18694,22.375,110.375
,18695,22.125,110.375
,18696,21.875,110.375
,18697,21.625,110.375
4.7555190685263255E-5,18698,21.375,110.375
5.892099781896809E-5,18699,21.125,110.375
2.5179171120184104E-5,18700,20.875,110.375
2.3577860966947612E-5,18701,20.625,110.375
2.475434984259809E-5,18702,20.375,110.375
2.901032314501434E-5,18703,20.125,110.375
1.57975920641458E-5,18704,19.875,110.375
1.5576074550987597E-5,18705,19.625,110.375
1.7143438993151596E-5,18706,19.375,110.375
5.152769814959612E-6,18707,19.125,110.375
5.296318281173304E-6,18708,18.875,110.375
8.269829057606378E-6,18709,18.625,110.375
8.052440863626145E-6,18710,18.375,110.375
8.350110189739973E-6,18711,18.125,110.375
7.656226710705057E-6,18712,17.875,110.375
6.790268551467962E-6,18713,17.625,110.375
1.050238720364064E-5,18714,17.375,110.375
7.956293215518986E-6,18715,17.125,110.375
6.7774393289749485E-6,18716,16.875,110.375
8.779191147741563E-6,18717,16.625,110.375
1.3322842496469721E-5,18718,16.375,110.375
1.2723572050648128E-5,18719,16.125,110.375
7.235435641119408E-6,18720,15.875,110.375
8.436533717363126E-6,18721,15.625,110.375
1.1016965136209207E-5,18722,15.375,110.375
1.3384706206077311E-5,18723,15.125,110.375
1.5716756296169025E-5,18724,14.875,110.375
7.343305888503574E-6,18725,14.625,110.375
1.277997043008609E-5,18726,14.375,110.375
1.0032355287985386E-5,18727,14.125,110.375
1.1346890889609342E-5,18728,13.875,110.375
1.7824983739391895E-5,18729,13.625,110.375
9.711695021180115E-6,18730,13.375,110.375
1.3513186647225176E-5,18731,13.125,110.375
1.6607958162964012E-5,18732,12.875,110.375
1.5651854975435094E-5,18733,12.625,110.375
1.2821227247556181E-5,18734,12.375,110.375
1.4392857640026594E-5,18735,12.125,110.375
6.317666466107864E-6,18736,11.875,110.375
8.345248126928789E-6,18737,11.625,110.375
1.2949202073534146E-5,18738,11.375,110.375
1.1383709293356728E-5,18739,11.125,110.375
1.0596162806705242E-5,18740,10.875,110.375
1.1873223718390374E-5,18741,10.625,110.375
1.3137986042727786E-5,18742,10.375,110.375
1.480747588201322E-5,18743,10.125,110.375
1.9447983308103618E-5,18744,9.875,110.375
1.234318872239929E-5,18745,9.625,110.375
1.4355320335648118E-5,18746,9.375,110.375
1.4139602745931738E-5,18747,9.125,110.375
1.2377885243785189E-5,18748,8.875,110.375
1.1168694719436138E-5,18749,8.625,110.375
7.672774897588645E-6,18750,8.375,110.375
1.265942260025093E-5,18751,8.125,110.375
9.293911778137894E-6,18752,7.875,110.375
4.670499925895055E-6,18753,7.625,110.375
1.1988021838755398E-7,18754,7.375,110.375
5.743017022447574E-6,18755,7.125,110.375
6.328684273847363E-6,18756,6.875,110.375
5.238802218680796E-6,18757,6.625,110.375
7.718745172293589E-6,18758,6.375,110.375
7.509879992782665E-6,18759,6.125,110.375
7.305091355869555E-6,18760,5.875,110.375
9.679701977197895E-6,18761,5.625,110.375
6.026595899018286E-6,18762,5.375,110.375
5.48409729463901E-6,18763,5.125,110.375
7.150287583415894E-6,18764,4.875,110.375
5.5599482640002775E-6,18765,4.625,110.375
8.233858547040414E-6,18766,4.375,110.375
8.917319819951851E-6,18767,4.125,110.375
5.403137162670468E-6,18768,3.875,110.375
6.8506957723568235E-6,18769,3.625,110.375
1.8622909464732849E-6,18770,3.375,110.375
3.0480053892860687E-6,18771,3.125,110.375
5.431903151383559E-6,18772,2.875,110.375
4.281265974255059E-6,18773,2.625,110.375
7.089547505768125E-6,18774,2.375,110.375
9.330141224889793E-6,18775,2.125,110.375
7.866652283285572E-6,18776,1.875,110.375
8.975641926225484E-6,18777,1.625,110.375
9.544465720136787E-6,18778,1.375,110.375
4.074014676955591E-6,18779,1.125,110.375
8.611425241128696E-6,18780,0.875,110.375
6.882357915781051E-6,18781,0.625,110.375
1.1565874235919712E-5,18782,0.375,110.375
8.449012320059777E-6,18783,0.125,110.375
1.186286353133879E-5,18784,-0.125,110.375
7.4541743318378866E-6,18785,-0.375,110.375
7.852897299929987E-6,18786,-0.625,110.375
1.043488437162344E-5,18787,-0.875,110.375
,18788,-1.125,110.375
5.428574666411444E-6,18789,-1.375,110.375
6.296197128391007E-6,18790,-1.625,110.375
7.474676541753482E-6,18791,-1.875,110.375
6.171529417057586E-6,18792,-2.125,110.375
7.480582465088497E-6,18793,-2.375,110.375
9.366176004865797E-6,18794,-2.625,110.375
6.139784605003199E-6,18795,-2.875,110.375
4.155847179901738E-6,18796,-3.125,110.375
6.165508995217171E-6,18797,-3.375,110.375
6.061065919689474E-6,18798,-3.625,110.375
1.0280476586162482E-5,18799,-3.875,110.375
9.189985881876722E-7,18800,-4.125,110.375
4.244497673906792E-6,18801,-4.375,110.375
,18802,-4.625,110.375
,18803,-4.875,110.375
,18804,-5.125,110.375
,18805,-5.375,110.375
,18806,-5.625,110.375
,18807,-5.875,110.375
2.3054389531581046E-5,18808,-6.125,110.375
1.72367842037283E-5,18809,-6.375,110.375
2.2961865657282116E-5,18810,-6.625,110.375
2.728200647345127E-5,18811,-6.875,110.375
4.600542269815682E-5,18812,-7.125,110.375
,18813,-7.375,110.375
,18814,-7.625,110.375
1.254620637774099E-5,18815,-7.875,110.375
2.001008501203143E-5,18816,-8.125,110.375
1.5923858894041667E-5,18817,-8.375,110.375
9.103909514450313E-6,18818,-8.625,110.375
9.503918615495312E-6,18819,-8.875,110.375
1.4812733937564957E-5,18820,-9.125,110.375
1.2434534723318976E-5,18821,-9.375,110.375
7.446788330005146E-6,18822,-9.625,110.375
1.0630966611744214E-5,18823,-9.875,110.375
1.11114875289156E-5,18824,-10.125,110.375
1.3507570214371514E-5,18825,-10.375,110.375
9.994651412962659E-6,18826,-10.625,110.375
7.73619154520055E-6,18827,-10.875,110.375
5.767769038258154E-6,18828,-11.125,110.375
6.047190369782071E-6,18829,-11.375,110.375
5.8777155260338596E-6,18830,-11.625,110.375
1.125033210685742E-5,18831,-11.875,110.375
,18832,31.875,110.625
,18833,31.625,110.625
,18834,31.375,110.625
,18835,31.125,110.625
,18836,30.875,110.625
,18837,30.625,110.625
,18838,30.375,110.625
,18839,30.125,110.625
,18840,29.875,110.625
,18841,29.625,110.625
,18842,29.375,110.625
,18843,29.125,110.625
,18844,28.875,110.625
,18845,28.625,110.625
,18846,28.375,110.625
,18847,28.125,110.625
,18848,27.875,110.625
,18849,27.625,110.625
,18850,27.375,110.625
,18851,27.125,110.625
,18852,26.875,110.625
,18853,26.625,110.625
,18854,26.375,110.625
,18855,26.125,110.625
,18856,25.875,110.625
,18857,25.625,110.625
,18858,25.375,110.625
,18859,25.125,110.625
,18860,24.875,110.625
,18861,24.625,110.625
,18862,24.375,110.625
,18863,24.125,110.625
,18864,23.875,110.625
,18865,23.625,110.625
,18866,23.375,110.625
,18867,23.125,110.625
,18868,22.875,110.625
,18869,22.625,110.625
,18870,22.375,110.625
,18871,22.125,110.625
,18872,21.875,110.625
3.9282278928008336E-5,18873,21.625,110.625
3.7803044652935636E-5,18874,21.375,110.625
3.657868059222049E-5,18875,21.125,110.625
2.050538061616469E-5,18876,20.875,110.625
2.3799148841098497E-5,18877,20.625,110.625
1.834847071299133E-5,18878,20.375,110.625
1.642566330639808E-5,18879,20.125,110.625
1.1070631526792594E-5,18880,19.875,110.625
1.4320003540198618E-5,18881,19.625,110.625
9.46347483759909E-6,18882,19.375,110.625
7.868615217041704E-6,18883,19.125,110.625
9.218747885256485E-6,18884,18.875,110.625
9.075123723495853E-6,18885,18.625,110.625
7.4824165076531975E-6,18886,18.375,110.625
4.037516854269926E-6,18887,18.125,110.625
6.1575879535098265E-6,18888,17.875,110.625
6.171528477801055E-6,18889,17.625,110.625
8.192493205997567E-6,18890,17.375,110.625
7.972476055675843E-6,18891,17.125,110.625
1.0140070731309037E-5,18892,16.875,110.625
9.991239703174567E-6,18893,16.625,110.625
1.1767128054712734E-5,18894,16.375,110.625
9.923923180132821E-6,18895,16.125,110.625
9.448642596131418E-6,18896,15.875,110.625
1.2662267695118691E-5,18897,15.625,110.625
1.2246916398658986E-5,18898,15.375,110.625
1.3294906262615525E-5,18899,15.125,110.625
1.4082039902626566E-5,18900,14.875,110.625
1.5674096817335053E-5,18901,14.625,110.625
1.4545146004236054E-5,18902,14.375,110.625
1.3392668478366921E-5,18903,14.125,110.625
1.2162440778708302E-5,18904,13.875,110.625
1.3927776007652402E-5,18905,13.625,110.625
1.2343048914198572E-5,18906,13.375,110.625
1.5000281181347212E-5,18907,13.125,110.625
1.6945932904188817E-5,18908,12.875,110.625
1.6056524838558945E-5,18909,12.625,110.625
1.5415801422298422E-5,18910,12.375,110.625
1.7074990756943198E-5,18911,12.125,110.625
1.1550860163657925E-5,18912,11.875,110.625
1.2508548917056695E-5,18913,11.625,110.625
1.4187908310318954E-5,18914,11.375,110.625
8.706090327103679E-6,18915,11.125,110.625
1.3308801729914804E-5,18916,10.875,110.625
1.0000425724800127E-5,18917,10.625,110.625
1.5061167696554145E-5,18918,10.375,110.625
1.8950728021954902E-5,18919,10.125,110.625
1.5152616796969592E-5,18920,9.875,110.625
1.5458154910033426E-5,18921,9.625,110.625
1.317799434441476E-5,18922,9.375,110.625
1.1604870012784706E-5,18923,9.125,110.625
1.393779425711411E-5,18924,8.875,110.625
1.0673934525500868E-5,18925,8.625,110.625
1.153340330480807E-5,18926,8.375,110.625
,18927,8.125,110.625
,18928,7.875,110.625
5.229971752351369E-7,18929,7.625,110.625
3.0020034943425808E-6,18930,7.375,110.625
7.450549004729185E-6,18931,7.125,110.625
-8.243596318522389E-6,18932,6.875,110.625
4.3387440902067185E-6,18933,6.625,110.625
9.064005885260683E-6,18934,6.375,110.625
6.126362579042546E-6,18935,6.125,110.625
5.241554966004683E-6,18936,5.875,110.625
9.070491186683872E-6,18937,5.625,110.625
5.519067498541162E-6,18938,5.375,110.625
8.972361205051053E-6,18939,5.125,110.625
1.1600328673142145E-5,18940,4.875,110.625
7.966454263763295E-6,18941,4.625,110.625
9.799662235997355E-6,18942,4.375,110.625
8.492572088858868E-6,18943,4.125,110.625
1.1151287471707982E-5,18944,3.875,110.625
6.740217882890488E-6,18945,3.625,110.625
9.76300160163886E-6,18946,3.375,110.625
-3.976237813804636E-6,18947,3.125,110.625
6.358272576739608E-6,18948,2.875,110.625
6.6374784984230685E-6,18949,2.625,110.625
5.020084179405278E-6,18950,2.375,110.625
4.973689833377555E-6,18951,2.125,110.625
8.275924977013945E-6,18952,1.875,110.625
1.1450513422219092E-5,18953,1.625,110.625
9.082783621580804E-6,18954,1.375,110.625
5.509631685019119E-6,18955,1.125,110.625
5.502167811027079E-6,18956,0.875,110.625
9.167341763851483E-6,18957,0.625,110.625
1.0623807935631742E-5,18958,0.375,110.625
1.0044057097140405E-5,18959,0.125,110.625
1.2700177854805721E-5,18960,-0.125,110.625
1.0855829660560951E-5,18961,-0.375,110.625
9.750748008688135E-6,18962,-0.625,110.625
1.0547546801746618E-5,18963,-0.875,110.625
,18964,-1.125,110.625
,18965,-1.375,110.625
1.2200357176547721E-5,18966,-1.625,110.625
6.20867034872069E-6,18967,-1.875,110.625
4.598526566960734E-6,18968,-2.125,110.625
7.29697941253071E-6,18969,-2.375,110.625
7.5385304304091995E-6,18970,-2.625,110.625
7.614373734445305E-6,18971,-2.875,110.625
6.066433593690934E-6,18972,-3.125,110.625
7.303459431624975E-6,18973,-3.375,110.625
4.071778047589865E-6,18974,-3.625,110.625
,18975,-3.875,110.625
8.553090596325756E-7,18976,-4.125,110.625
6.343854802197102E-6,18977,-4.375,110.625
,18978,-4.625,110.625
,18979,-4.875,110.625
,18980,-5.125,110.625
,18981,-5.375,110.625
,18982,-5.625,110.625
,18983,-5.875,110.625
,18984,-6.125,110.625
,18985,-6.375,110.625
2.2557665385943143E-5,18986,-6.625,110.625
2.4748638627710347E-5,18987,-6.875,110.625
5.381766455211681E-5,18988,-7.125,110.625
,18989,-7.375,110.625
,18990,-7.625,110.625
6.508218237676148E-6,18991,-7.875,110.625
1.6658964018108964E-5,18992,-8.125,110.625
1.3914984628784894E-5,18993,-8.375,110.625
1.271898658989218E-5,18994,-8.625,110.625
9.350708706836279E-6,18995,-8.875,110.625
8.734130504768897E-6,18996,-9.125,110.625
1.9087144089613866E-5,18997,-9.375,110.625
8.61743997185113E-6,18998,-9.625,110.625
7.567049027370985E-6,18999,-9.875,110.625
9.804703778263136E-6,19000,-10.125,110.625
8.965234579678871E-6,19001,-10.375,110.625
6.861663026046269E-6,19002,-10.625,110.625
8.466633695291123E-6,19003,-10.875,110.625
9.080020908478482E-6,19004,-11.125,110.625
1.126104559917899E-5,19005,-11.375,110.625
8.42477768055908E-6,19006,-11.625,110.625
1.3894940079273738E-5,19007,-11.875,110.625
,19008,31.875,110.875
,19009,31.625,110.875
,19010,31.375,110.875
,19011,31.125,110.875
,19012,30.875,110.875
,19013,30.625,110.875
,19014,30.375,110.875
,19015,30.125,110.875
,19016,29.875,110.875
,19017,29.625,110.875
,19018,29.375,110.875
,19019,29.125,110.875
,19020,28.875,110.875
,19021,28.625,110.875
,19022,28.375,110.875
,19023,28.125,110.875
,19024,27.875,110.875
,19025,27.625,110.875
,19026,27.375,110.875
,19027,27.125,110.875
,19028,26.875,110.875
,19029,26.625,110.875
,19030,26.375,110.875
,19031,26.125,110.875
,19032,25.875,110.875
,19033,25.625,110.875
,19034,25.375,110.875
,19035,25.125,110.875
,19036,24.875,110.875
,19037,24.625,110.875
,19038,24.375,110.875
,19039,24.125,110.875
,19040,23.875,110.875
,19041,23.625,110.875
,19042,23.375,110.875
,19043,23.125,110.875
,19044,22.875,110.875
,19045,22.625,110.875
,19046,22.375,110.875
,19047,22.125,110.875
,19048,21.875,110.875
4.194654350470158E-5,19049,21.625,110.875
2.4128963395711588E-5,19050,21.375,110.875
2.563132017632792E-5,19051,21.125,110.875
2.1343384319015565E-5,19052,20.875,110.875
2.1522317765701442E-5,19053,20.625,110.875
1.5857401281819616E-5,19054,20.375,110.875
1.3163778638396388E-5,19055,20.125,110.875
1.9755691196880665E-5,19056,19.875,110.875
1.2092825387332702E-5,19057,19.625,110.875
6.070028192790133E-6,19058,19.375,110.875
7.175618790902853E-6,19059,19.125,110.875
6.365277648365716E-6,19060,18.875,110.875
5.99945872435129E-6,19061,18.625,110.875
6.407280092750725E-6,19062,18.375,110.875
3.22033968168608E-6,19063,18.125,110.875
8.132942293860821E-6,19064,17.875,110.875
6.370462791279926E-6,19065,17.625,110.875
4.703527050500013E-6,19066,17.375,110.875
7.202222298635979E-6,19067,17.125,110.875
8.762085973461064E-6,19068,16.875,110.875
8.170419447899148E-6,19069,16.625,110.875
8.249619501589467E-6,19070,16.375,110.875
6.487399697477953E-6,19071,16.125,110.875
1.2317933020035698E-5,19072,15.875,110.875
1.4179311379539551E-5,19073,15.625,110.875
1.2509513881525767E-5,19074,15.375,110.875
9.612197048209249E-6,19075,15.125,110.875
1.1470196302866037E-5,19076,14.875,110.875
1.3973498790091224E-5,19077,14.625,110.875
1.1384425367805664E-5,19078,14.375,110.875
1.2942621334415848E-5,19079,14.125,110.875
1.294593255361976E-5,19080,13.875,110.875
1.363072220245147E-5,19081,13.625,110.875
1.015288228772596E-5,19082,13.375,110.875
1.0488040333687535E-5,19083,13.125,110.875
8.414585833114915E-6,19084,12.875,110.875
1.52739234622435E-5,19085,12.625,110.875
1.3549199452910627E-5,19086,12.375,110.875
1.5890253433530972E-5,19087,12.125,110.875
1.3734055358500208E-5,19088,11.875,110.875
1.0004114448011614E-5,19089,11.625,110.875
1.0525737269910216E-5,19090,11.375,110.875
1.2861745548935948E-5,19091,11.125,110.875
1.3978079071579346E-5,19092,10.875,110.875
7.752359526120934E-6,19093,10.625,110.875
8.254311443879298E-6,19094,10.375,110.875
6.2572163214796614E-6,19095,10.125,110.875
1.142505501226865E-5,19096,9.875,110.875
8.92967022369972E-6,19097,9.625,110.875
1.5140994380118791E-5,19098,9.375,110.875
8.261062805900452E-6,19099,9.125,110.875
5.79453198185435E-6,19100,8.875,110.875
5.73124003309877E-6,19101,8.625,110.875
9.772962344120117E-6,19102,8.375,110.875
6.2096097004759045E-6,19103,8.125,110.875
6.495309121893452E-6,19104,7.875,110.875
8.648333872192086E-6,19105,7.625,110.875
,19106,7.375,110.875
3.8950443760951345E-6,19107,7.125,110.875
6.756159149257089E-6,19108,6.875,110.875
1.3874362248288632E-5,19109,6.625,110.875
9.304234560349467E-6,19110,6.375,110.875
4.0225495031692886E-6,19111,6.125,110.875
9.564643941542275E-6,19112,5.875,110.875
9.462094842727893E-6,19113,5.625,110.875
7.25503812288158E-6,19114,5.375,110.875
9.059548069011401E-6,19115,5.125,110.875
9.728803829595067E-6,19116,4.875,110.875
8.960484017518777E-6,19117,4.625,110.875
8.26350314814385E-6,19118,4.375,110.875
1.2767636786271387E-5,19119,4.125,110.875
5.474343564379831E-6,19120,3.875,110.875
5.413882424051883E-6,19121,3.625,110.875
6.599218775572095E-6,19122,3.375,110.875
7.246428647376131E-6,19123,3.125,110.875
5.761492121113767E-6,19124,2.875,110.875
9.014915267567027E-6,19125,2.625,110.875
7.3947089448347424E-6,19126,2.375,110.875
9.032571499916865E-6,19127,2.125,110.875
8.870150918280053E-6,19128,1.875,110.875
8.904325836024653E-6,19129,1.625,110.875
9.619469727332096E-6,19130,1.375,110.875
7.921152236493362E-6,19131,1.125,110.875
8.622637297789878E-6,19132,0.875,110.875
8.905675882564321E-6,19133,0.625,110.875
7.5380642946233326E-6,19134,0.375,110.875
1.1063988151071128E-5,19135,0.125,110.875
,19136,-0.125,110.875
8.963536256785575E-6,19137,-0.375,110.875
6.89708124615684E-6,19138,-0.625,110.875
1.2068338792929812E-5,19139,-0.875,110.875
1.6255345409719313E-5,19140,-1.125,110.875
,19141,-1.375,110.875
,19142,-1.625,110.875
3.808232899880886E-6,19143,-1.875,110.875
6.114632415500671E-6,19144,-2.125,110.875
8.811126623131762E-6,19145,-2.375,110.875
,19146,-2.625,110.875
6.593154578095157E-6,19147,-2.875,110.875
8.810235514262676E-6,19148,-3.125,110.875
5.955383515323821E-6,19149,-3.375,110.875
5.366687852844013E-6,19150,-3.625,110.875
1.0586885316360085E-5,19151,-3.875,110.875
9.053151215462433E-6,19152,-4.125,110.875
8.189123494731159E-6,19153,-4.375,110.875
5.399761629695818E-6,19154,-4.625,110.875
1.287845824696292E-5,19155,-4.875,110.875
4.081347777455491E-6,19156,-5.125,110.875
6.188626809995504E-6,19157,-5.375,110.875
7.1945549861134614E-6,19158,-5.625,110.875
6.590147928802944E-6,19159,-5.875,110.875
9.61429925846956E-6,19160,-6.125,110.875
2.98814220253903E-5,19161,-6.375,110.875
2.198750678816156E-5,19162,-6.625,110.875
2.2039067196430122E-5,19163,-6.875,110.875
3.4480437197811945E-5,19164,-7.125,110.875
,19165,-7.375,110.875
,19166,-7.625,110.875
,19167,-7.875,110.875
-7.172140025255603E-7,19168,-8.125,110.875
1.465985590616805E-5,19169,-8.375,110.875
1.4611401297387379E-5,19170,-8.625,110.875
1.4929585752136047E-5,19171,-8.875,110.875
,19172,-9.125,110.875
1.1209922107536358E-5,19173,-9.375,110.875
1.2753065798763886E-5,19174,-9.625,110.875
7.487583150450092E-6,19175,-9.875,110.875
1.3106546362379995E-5,19176,-10.125,110.875
1.0222007134027689E-5,19177,-10.375,110.875
1.0283337410511745E-5,19178,-10.625,110.875
1.680709434711976E-5,19179,-10.875,110.875
1.2842507090892658E-5,19180,-11.125,110.875
9.88432554081045E-6,19181,-11.375,110.875
1.5502216961745487E-5,19182,-11.625,110.875
7.080849436886098E-6,19183,-11.875,110.875
,19184,31.875,111.125
,19185,31.625,111.125
,19186,31.375,111.125
,19187,31.125,111.125
,19188,30.875,111.125
,19189,30.625,111.125
,19190,30.375,111.125
,19191,30.125,111.125
,19192,29.875,111.125
,19193,29.625,111.125
,19194,29.375,111.125
,19195,29.125,111.125
,19196,28.875,111.125
,19197,28.625,111.125
,19198,28.375,111.125
,19199,28.125,111.125
,19200,27.875,111.125
,19201,27.625,111.125
,19202,27.375,111.125
,19203,27.125,111.125
,19204,26.875,111.125
,19205,26.625,111.125
,19206,26.375,111.125
,19207,26.125,111.125
,19208,25.875,111.125
,19209,25.625,111.125
,19210,25.375,111.125
,19211,25.125,111.125
,19212,24.875,111.125
,19213,24.625,111.125
,19214,24.375,111.125
,19215,24.125,111.125
,19216,23.875,111.125
,19217,23.625,111.125
,19218,23.375,111.125
,19219,23.125,111.125
,19220,22.875,111.125
,19221,22.625,111.125
,19222,22.375,111.125
,19223,22.125,111.125
,19224,21.875,111.125
6.341804458105378E-5,19225,21.625,111.125
3.325658436840477E-5,19226,21.375,111.125
2.803663010644856E-5,19227,21.125,111.125
2.1613786282615482E-5,19228,20.875,111.125
1.700862287496201E-5,19229,20.625,111.125
1.54179629054347E-5,19230,20.375,111.125
1.2099990978750296E-5,19231,20.125,111.125
9.722020811277593E-6,19232,19.875,111.125
9.661615252994603E-6,19233,19.625,111.125
8.505752742542603E-6,19234,19.375,111.125
6.412376689652452E-6,19235,19.125,111.125
5.387814592383443E-6,19236,18.875,111.125
7.577102437958631E-6,19237,18.625,111.125
5.335925682473759E-6,19238,18.375,111.125
3.981558449930525E-6,19239,18.125,111.125
9.457966581241163E-6,19240,17.875,111.125
4.907746404262717E-6,19241,17.625,111.125
6.540602501577996E-6,19242,17.375,111.125
1.032462761747047E-5,19243,17.125,111.125
7.297013900318898E-6,19244,16.875,111.125
1.1839993523229303E-5,19245,16.625,111.125
6.8329681937538405E-6,19246,16.375,111.125
8.597493794794456E-6,19247,16.125,111.125
1.0944086640355796E-5,19248,15.875,111.125
1.4298914513815157E-5,19249,15.625,111.125
1.0685537689952289E-5,19250,15.375,111.125
1.1544786542871409E-5,19251,15.125,111.125
9.928835080747066E-6,19252,14.875,111.125
1.2445503673076467E-5,19253,14.625,111.125
1.3277853330568104E-5,19254,14.375,111.125
1.0244151805559938E-5,19255,14.125,111.125
1.2580702920411791E-5,19256,13.875,111.125
1.4310848053684301E-5,19257,13.625,111.125
9.856977814259922E-6,19258,13.375,111.125
1.076370785848863E-5,19259,13.125,111.125
1.431980205797431E-5,19260,12.875,111.125
1.7463222482598525E-5,19261,12.625,111.125
1.1957728191343624E-5,19262,12.375,111.125
1.124648823317068E-5,19263,12.125,111.125
1.211529951360419E-5,19264,11.875,111.125
1.4261287165456254E-5,19265,11.625,111.125
1.3364852836559083E-5,19266,11.375,111.125
1.0804123309438003E-5,19267,11.125,111.125
1.7784211653294237E-5,19268,10.875,111.125
8.76882603166447E-6,19269,10.625,111.125
1.0908263451709502E-5,19270,10.375,111.125
1.2289639618799528E-5,19271,10.125,111.125
1.2432900548003609E-5,19272,9.875,111.125
,19273,9.625,111.125
,19274,9.375,111.125
,19275,9.125,111.125
,19276,8.875,111.125
2.772710502415128E-6,19277,8.625,111.125
7.2289572087235105E-6,19278,8.375,111.125
1.6598032842909522E-8,19279,8.125,111.125
3.224373563697515E-6,19280,7.875,111.125
6.789760988902536E-6,19281,7.625,111.125
5.3585754445417005E-6,19282,7.375,111.125
9.290546630824795E-6,19283,7.125,111.125
8.29662782374114E-6,19284,6.875,111.125
9.923583525151159E-6,19285,6.625,111.125
6.592059063975249E-6,19286,6.375,111.125
1.5550251447814703E-5,19287,6.125,111.125
1.084423490429623E-5,19288,5.875,111.125
8.257292422569582E-6,19289,5.625,111.125
1.2891315004928094E-5,19290,5.375,111.125
1.0360113544320589E-5,19291,5.125,111.125
6.705601184210902E-6,19292,4.875,111.125
6.373386257029781E-6,19293,4.625,111.125
1.2813387819833252E-5,19294,4.375,111.125
1.3325427733301188E-5,19295,4.125,111.125
1.128120679975108E-5,19296,3.875,111.125
-1.2039108255930133E-6,19297,3.625,111.125
8.546841876214469E-6,19298,3.375,111.125
1.0453295598276926E-5,19299,3.125,111.125
1.2496061702412953E-5,19300,2.875,111.125
1.438088277218017E-5,19301,2.625,111.125
8.73333912546233E-6,19302,2.375,111.125
1.0214296340994211E-5,19303,2.125,111.125
9.785044331558181E-6,19304,1.875,111.125
9.447771044887578E-6,19305,1.625,111.125
9.302294107360456E-6,19306,1.375,111.125
7.233572483602468E-6,19307,1.125,111.125
1.1695683571840747E-5,19308,0.875,111.125
5.776380417155398E-6,19309,0.625,111.125
7.043435537486791E-6,19310,0.375,111.125
6.769619197367987E-6,19311,0.125,111.125
7.4207971405176764E-6,19312,-0.125,111.125
1.342262953656921E-5,19313,-0.375,111.125
9.929814014261137E-6,19314,-0.625,111.125
1.0667163781188808E-5,19315,-0.875,111.125
3.6963796966133945E-6,19316,-1.125,111.125
9.497125903624781E-6,19317,-1.375,111.125
2.072582563584104E-6,19318,-1.625,111.125
7.76792910221968E-6,19319,-1.875,111.125
,19320,-2.125,111.125
,19321,-2.375,111.125
1.5656696890278348E-5,19322,-2.625,111.125
,19323,-2.875,111.125
1.1381566815789419E-5,19324,-3.125,111.125
6.973489684858614E-6,19325,-3.375,111.125
5.487937350212287E-6,19326,-3.625,111.125
6.517332475286208E-6,19327,-3.875,111.125
7.429597568815234E-6,19328,-4.125,111.125
6.970659862809774E-6,19329,-4.375,111.125
4.369908296205848E-6,19330,-4.625,111.125
9.459711215998245E-6,19331,-4.875,111.125
1.4451185970857667E-5,19332,-5.125,111.125
9.119365956449457E-6,19333,-5.375,111.125
7.030962317951046E-6,19334,-5.625,111.125
1.1975951447698725E-5,19335,-5.875,111.125
6.2662984102712585E-6,19336,-6.125,111.125
2.832509108282442E-5,19337,-6.375,111.125
1.526613334378386E-5,19338,-6.625,111.125
2.224552843149478E-5,19339,-6.875,111.125
2.4227153941196277E-5,19340,-7.125,111.125
,19341,-7.375,111.125
,19342,-7.625,111.125
2.028101581905015E-5,19343,-7.875,111.125
2.2924901566587278E-5,19344,-8.125,111.125
1.7652833682311875E-5,19345,-8.375,111.125
1.48778824006125E-5,19346,-8.625,111.125
,19347,-8.875,111.125
,19348,-9.125,111.125
,19349,-9.375,111.125
1.2002138351270056E-5,19350,-9.625,111.125
7.619171872867489E-6,19351,-9.875,111.125
1.7209883521270858E-5,19352,-10.125,111.125
1.0438624736970575E-5,19353,-10.375,111.125
1.2292693228932681E-5,19354,-10.625,111.125
1.2116473991853783E-5,19355,-10.875,111.125
1.825621832650303E-5,19356,-11.125,111.125
,19357,-11.375,111.125
,19358,-11.625,111.125
1.1142973577775694E-5,19359,-11.875,111.125
,19360,31.875,111.375
,19361,31.625,111.375
,19362,31.375,111.375
,19363,31.125,111.375
,19364,30.875,111.375
,19365,30.625,111.375
,19366,30.375,111.375
,19367,30.125,111.375
,19368,29.875,111.375
,19369,29.625,111.375
,19370,29.375,111.375
,19371,29.125,111.375
,19372,28.875,111.375
,19373,28.625,111.375
,19374,28.375,111.375
,19375,28.125,111.375
,19376,27.875,111.375
,19377,27.625,111.375
,19378,27.375,111.375
,19379,27.125,111.375
,19380,26.875,111.375
,19381,26.625,111.375
,19382,26.375,111.375
,19383,26.125,111.375
,19384,25.875,111.375
,19385,25.625,111.375
,19386,25.375,111.375
,19387,25.125,111.375
,19388,24.875,111.375
,19389,24.625,111.375
,19390,24.375,111.375
,19391,24.125,111.375
,19392,23.875,111.375
,19393,23.625,111.375
,19394,23.375,111.375
,19395,23.125,111.375
,19396,22.875,111.375
,19397,22.625,111.375
,19398,22.375,111.375
,19399,22.125,111.375
,19400,21.875,111.375
2.842878403735497E-5,19401,21.625,111.375
3.808484007569319E-5,19402,21.375,111.375
3.19917219163663E-5,19403,21.125,111.375
2.176570433776142E-5,19404,20.875,111.375
1.9136791019036447E-5,19405,20.625,111.375
1.3860676308193223E-5,19406,20.375,111.375
1.0686594969740836E-5,19407,20.125,111.375
9.754975096139929E-6,19408,19.875,111.375
1.0883842674426281E-5,19409,19.625,111.375
9.77687222092563E-6,19410,19.375,111.375
6.607991699884222E-6,19411,19.125,111.375
5.9076083404040705E-6,19412,18.875,111.375
6.660126852051187E-6,19413,18.625,111.375
8.027834024156156E-6,19414,18.375,111.375
7.134628390878021E-6,19415,18.125,111.375
6.8273841943790406E-6,19416,17.875,111.375
6.543686488065383E-6,19417,17.625,111.375
8.920038997638712E-6,19418,17.375,111.375
1.005795073753981E-5,19419,17.125,111.375
9.466585004711323E-6,19420,16.875,111.375
5.6063043836814765E-6,19421,16.625,111.375
9.400008039169683E-6,19422,16.375,111.375
6.713014901453139E-6,19423,16.125,111.375
1.3373819707476801E-5,19424,15.875,111.375
1.3303423583313354E-5,19425,15.625,111.375
1.231525355243195E-5,19426,15.375,111.375
1.2372054955295712E-5,19427,15.125,111.375
1.4532815496192094E-5,19428,14.875,111.375
1.1979606859159097E-5,19429,14.625,111.375
1.6495392166246184E-5,19430,14.375,111.375
1.393311652391479E-5,19431,14.125,111.375
1.1628629019188642E-5,19432,13.875,111.375
1.4133990521828738E-5,19433,13.625,111.375
8.240100798453623E-6,19434,13.375,111.375
1.2848140687711865E-5,19435,13.125,111.375
1.698665447317417E-5,19436,12.875,111.375
1.3644541041932004E-5,19437,12.625,111.375
1.7452611972529755E-5,19438,12.375,111.375
1.3811320250411124E-5,19439,12.125,111.375
1.3325247745430037E-5,19440,11.875,111.375
1.3990543850175511E-5,19441,11.625,111.375
8.985276819154318E-6,19442,11.375,111.375
1.3179762423304874E-5,19443,11.125,111.375
1.155059237470753E-5,19444,10.875,111.375
1.3864331139170144E-5,19445,10.625,111.375
1.0975072280185703E-5,19446,10.375,111.375
1.1165626351543498E-5,19447,10.125,111.375
1.1168425035348872E-5,19448,9.875,111.375
,19449,9.625,111.375
1.02160005209312E-5,19450,9.375,111.375
1.2739833413810553E-5,19451,9.125,111.375
8.408707109148766E-6,19452,8.875,111.375
7.506342106215886E-6,19453,8.625,111.375
,19454,8.375,111.375
,19455,8.125,111.375
7.74484115761975E-6,19456,7.875,111.375
7.3265917651645005E-6,19457,7.625,111.375
5.358575440740389E-6,19458,7.375,111.375
5.476789040663831E-6,19459,7.125,111.375
5.725990782141249E-6,19460,6.875,111.375
8.582858031746221E-6,19461,6.625,111.375
4.233118704665078E-6,19462,6.375,111.375
1.735684770109891E-5,19463,6.125,111.375
7.001241329427304E-6,19464,5.875,111.375
4.363874532178305E-6,19465,5.625,111.375
8.254087782901261E-6,19466,5.375,111.375
1.0380945968241723E-5,19467,5.125,111.375
9.754991728831286E-6,19468,4.875,111.375
9.918598651929926E-6,19469,4.625,111.375
1.0082986778465227E-5,19470,4.375,111.375
1.12415291443419E-5,19471,4.125,111.375
1.3470349323335701E-5,19472,3.875,111.375
1.521280365562301E-6,19473,3.625,111.375
5.614747292963009E-6,19474,3.375,111.375
4.454166395333464E-6,19475,3.125,111.375
7.103577070928007E-6,19476,2.875,111.375
1.117323308029269E-5,19477,2.625,111.375
8.646969794675815E-6,19478,2.375,111.375
8.557150291278727E-6,19479,2.125,111.375
9.858138042915346E-6,19480,1.875,111.375
8.942817950562683E-6,19481,1.625,111.375
1.1095732665226004E-5,19482,1.375,111.375
9.61775787196002E-6,19483,1.125,111.375
1.0166338040829252E-5,19484,0.875,111.375
8.233035873816081E-6,19485,0.625,111.375
6.7795426388808735E-6,19486,0.375,111.375
9.808846761886359E-6,19487,0.125,111.375
1.0313036080139562E-5,19488,-0.125,111.375
1.6254882140323263E-5,19489,-0.375,111.375
7.267066957870385E-6,19490,-0.625,111.375
5.263713373540222E-6,19491,-0.875,111.375
5.899720486952821E-6,19492,-1.125,111.375
5.496078382806793E-6,19493,-1.375,111.375
-2.6093131899595698E-6,19494,-1.625,111.375
5.581513721664912E-6,19495,-1.875,111.375
4.998622440549529E-6,19496,-2.125,111.375
6.711932568138958E-6,19497,-2.375,111.375
4.440033324833071E-6,19498,-2.625,111.375
,19499,-2.875,111.375
2.0210432716703243E-5,19500,-3.125,111.375
8.359782145061231E-6,19501,-3.375,111.375
6.51494679636558E-6,19502,-3.625,111.375
8.148259368479407E-6,19503,-3.875,111.375
6.434468787642424E-6,19504,-4.125,111.375
7.0322703996776106E-6,19505,-4.375,111.375
1.4204500212657982E-5,19506,-4.625,111.375
1.0649027906106893E-5,19507,-4.875,111.375
1.0421665054355534E-5,19508,-5.125,111.375
6.766095273849052E-6,19509,-5.375,111.375
9.641908084843716E-6,19510,-5.625,111.375
1.2988070602975862E-5,19511,-5.875,111.375
1.753704088433733E-5,19512,-6.125,111.375
2.438704325687792E-5,19513,-6.375,111.375
2.703187013488009E-5,19514,-6.625,111.375
1.4745418930238134E-5,19515,-6.875,111.375
1.93793960349257E-5,19516,-7.125,111.375
,19517,-7.375,111.375
,19518,-7.625,111.375
,19519,-7.875,111.375
5.553943127337877E-6,19520,-8.125,111.375
1.8300919029557416E-5,19521,-8.375,111.375
,19522,-8.625,111.375
,19523,-8.875,111.375
2.9495370270481145E-6,19524,-9.125,111.375
8.032697975775156E-6,19525,-9.375,111.375
5.356711167249378E-6,19526,-9.625,111.375
6.988283913330009E-6,19527,-9.875,111.375
2.2384667571183643E-5,19528,-10.125,111.375
,19529,-10.375,111.375
8.79767968427593E-6,19530,-10.625,111.375
1.0450557918523299E-5,19531,-10.875,111.375
1.4385751515646441E-5,19532,-11.125,111.375
1.7300838493870803E-5,19533,-11.375,111.375
,19534,-11.625,111.375
1.1342269857761307E-5,19535,-11.875,111.375
,19536,31.875,111.625
,19537,31.625,111.625
,19538,31.375,111.625
,19539,31.125,111.625
,19540,30.875,111.625
,19541,30.625,111.625
,19542,30.375,111.625
,19543,30.125,111.625
,19544,29.875,111.625
,19545,29.625,111.625
,19546,29.375,111.625
,19547,29.125,111.625
,19548,28.875,111.625
,19549,28.625,111.625
,19550,28.375,111.625
,19551,28.125,111.625
,19552,27.875,111.625
,19553,27.625,111.625
,19554,27.375,111.625
,19555,27.125,111.625
,19556,26.875,111.625
,19557,26.625,111.625
,19558,26.375,111.625
,19559,26.125,111.625
,19560,25.875,111.625
,19561,25.625,111.625
,19562,25.375,111.625
,19563,25.125,111.625
,19564,24.875,111.625
,19565,24.625,111.625
,19566,24.375,111.625
,19567,24.125,111.625
,19568,23.875,111.625
,19569,23.625,111.625
,19570,23.375,111.625
,19571,23.125,111.625
,19572,22.875,111.625
,19573,22.625,111.625
,19574,22.375,111.625
,19575,22.125,111.625
,19576,21.875,111.625
4.828496704090104E-5,19577,21.625,111.625
3.057490406912288E-5,19578,21.375,111.625
2.8128059829710443E-5,19579,21.125,111.625
1.915228358395749E-5,19580,20.875,111.625
1.60988217788874E-5,19581,20.625,111.625
1.0927348435181805E-5,19582,20.375,111.625
1.1063328149912337E-5,19583,20.125,111.625
9.269415877925913E-6,19584,19.875,111.625
9.310703372074259E-6,19585,19.625,111.625
8.790605963475687E-6,19586,19.375,111.625
7.265681544674104E-6,19587,19.125,111.625
2.77881921925441E-6,19588,18.875,111.625
8.388309418270897E-6,19589,18.625,111.625
5.678063210649359E-6,19590,18.375,111.625
7.142279776297705E-6,19591,18.125,111.625
5.697899188907312E-6,19592,17.875,111.625
5.413630169828986E-6,19593,17.625,111.625
7.748540800717496E-6,19594,17.375,111.625
7.796809794181763E-6,19595,17.125,111.625
5.343685715512806E-6,19596,16.875,111.625
7.20893910299484E-6,19597,16.625,111.625
8.145437116216701E-6,19598,16.375,111.625
7.497709350997819E-6,19599,16.125,111.625
1.066829337777695E-5,19600,15.875,111.625
1.29589226739434E-5,19601,15.625,111.625
1.2831506115134133E-5,19602,15.375,111.625
1.1717654672872801E-5,19603,15.125,111.625
1.2070527965221162E-5,19604,14.875,111.625
1.4555212038258115E-5,19605,14.625,111.625
1.6001827531195663E-5,19606,14.375,111.625
1.0978403583016325E-5,19607,14.125,111.625
1.294506118778233E-5,19608,13.875,111.625
1.3309862162807566E-5,19609,13.625,111.625
9.503867435083454E-6,19610,13.375,111.625
1.1446871500373681E-5,19611,13.125,111.625
1.4111215948427445E-5,19612,12.875,111.625
1.5987759436513707E-5,19613,12.625,111.625
1.1560447833574097E-5,19614,12.375,111.625
1.3417143430394642E-5,19615,12.125,111.625
1.2740435131572147E-5,19616,11.875,111.625
1.291793659152894E-5,19617,11.625,111.625
7.97826433947054E-6,19618,11.375,111.625
1.2280958085032379E-5,19619,11.125,111.625
1.2497238967636702E-5,19620,10.875,111.625
1.2438794072654602E-5,19621,10.625,111.625
8.185814310061613E-6,19622,10.375,111.625
1.457938879826878E-5,19623,10.125,111.625
1.1241864517561676E-5,19624,9.875,111.625
,19625,9.625,111.625
9.273882232184467E-6,19626,9.375,111.625
1.2484879895314114E-5,19627,9.125,111.625
7.76864045657946E-6,19628,8.875,111.625
8.702187012478251E-6,19629,8.625,111.625
1.3927537712210662E-5,19630,8.375,111.625
5.111205467887508E-6,19631,8.125,111.625
1.35434064791034E-5,19632,7.875,111.625
,19633,7.625,111.625
,19634,7.375,111.625
,19635,7.125,111.625
,19636,6.875,111.625
,19637,6.625,111.625
,19638,6.375,111.625
-1.1980162608143194E-7,19639,6.125,111.625
7.223460226700925E-6,19640,5.875,111.625
1.1971261189542397E-5,19641,5.625,111.625
,19642,5.375,111.625
4.003371279342227E-6,19643,5.125,111.625
1.0650470379310177E-5,19644,4.875,111.625
7.111039692428814E-6,19645,4.625,111.625
1.0310138787604338E-5,19646,4.375,111.625
1.0302696907639128E-5,19647,4.125,111.625
1.0236670733751026E-5,19648,3.875,111.625
6.010987728627141E-6,19649,3.625,111.625
1.094642400611907E-5,19650,3.375,111.625
1.0214048769404677E-5,19651,3.125,111.625
1.1285778476519038E-5,19652,2.875,111.625
,19653,2.625,111.625
1.0627815853050682E-5,19654,2.375,111.625
1.1797385955400081E-5,19655,2.125,111.625
7.367316645597368E-6,19656,1.875,111.625
7.5141466297725095E-6,19657,1.625,111.625
8.507855278784761E-6,19658,1.375,111.625
-3.718407273709002E-6,19659,1.125,111.625
5.662687527861588E-6,19660,0.875,111.625
7.85631088820599E-6,19661,0.625,111.625
9.219358076711966E-6,19662,0.375,111.625
8.77358132615425E-6,19663,0.125,111.625
1.0067394875155063E-5,19664,-0.125,111.625
1.3959789454805174E-5,19665,-0.375,111.625
,19666,-0.625,111.625
4.072730247637522E-6,19667,-0.875,111.625
-1.4944463451769413E-6,19668,-1.125,111.625
2.6001123389725437E-6,19669,-1.375,111.625
5.1127869263886736E-6,19670,-1.625,111.625
3.2525854654615365E-6,19671,-1.875,111.625
1.1950554005035599E-5,19672,-2.125,111.625
8.937070571948695E-6,19673,-2.375,111.625
,19674,-2.625,111.625
,19675,-2.875,111.625
,19676,-3.125,111.625
8.400357310856081E-6,19677,-3.375,111.625
5.4110887901054615E-6,19678,-3.625,111.625
7.545487382173153E-6,19679,-3.875,111.625
6.532065272158035E-6,19680,-4.125,111.625
5.8341023442080175E-6,19681,-4.375,111.625
8.096129016024635E-6,19682,-4.625,111.625
1.2633955748712122E-5,19683,-4.875,111.625
9.301502668918323E-6,19684,-5.125,111.625
1.1796881269979302E-5,19685,-5.375,111.625
1.4348202534820103E-5,19686,-5.625,111.625
1.2275391225731632E-5,19687,-5.875,111.625
1.3714055223719958E-5,19688,-6.125,111.625
1.633126432148868E-5,19689,-6.375,111.625
3.253151764923321E-5,19690,-6.625,111.625
1.4106130714252954E-5,19691,-6.875,111.625
3.452328733314373E-5,19692,-7.125,111.625
,19693,-7.375,111.625
,19694,-7.625,111.625
,19695,-7.875,111.625
,19696,-8.125,111.625
,19697,-8.375,111.625
,19698,-8.625,111.625
,19699,-8.875,111.625
,19700,-9.125,111.625
,19701,-9.375,111.625
1.0842823328888384E-5,19702,-9.625,111.625
9.415811601080828E-6,19703,-9.875,111.625
1.07903904223187E-5,19704,-10.125,111.625
8.14601915615869E-6,19705,-10.375,111.625
1.1265009738198854E-5,19706,-10.625,111.625
7.142767314409132E-6,19707,-10.875,111.625
8.240619847559076E-6,19708,-11.125,111.625
6.951912681438859E-6,19709,-11.375,111.625
8.646009415774714E-6,19710,-11.625,111.625
1.0921972253644041E-5,19711,-11.875,111.625
,19712,31.875,111.875
,19713,31.625,111.875
,19714,31.375,111.875
,19715,31.125,111.875
,19716,30.875,111.875
,19717,30.625,111.875
,19718,30.375,111.875
,19719,30.125,111.875
,19720,29.875,111.875
,19721,29.625,111.875
,19722,29.375,111.875
,19723,29.125,111.875
,19724,28.875,111.875
,19725,28.625,111.875
,19726,28.375,111.875
,19727,28.125,111.875
,19728,27.875,111.875
,19729,27.625,111.875
,19730,27.375,111.875
,19731,27.125,111.875
,19732,26.875,111.875
,19733,26.625,111.875
,19734,26.375,111.875
,19735,26.125,111.875
,19736,25.875,111.875
,19737,25.625,111.875
,19738,25.375,111.875
,19739,25.125,111.875
,19740,24.875,111.875
,19741,24.625,111.875
,19742,24.375,111.875
,19743,24.125,111.875
,19744,23.875,111.875
,19745,23.625,111.875
,19746,23.375,111.875
,19747,23.125,111.875
,19748,22.875,111.875
,19749,22.625,111.875
,19750,22.375,111.875
,19751,22.125,111.875
8.108324917488119E-5,19752,21.875,111.875
4.389307817426441E-5,19753,21.625,111.875
2.485892620991601E-5,19754,21.375,111.875
2.2752791138684398E-5,19755,21.125,111.875
1.5500464171237617E-5,19756,20.875,111.875
1.3874456943462517E-5,19757,20.625,111.875
1.0885732353271946E-5,19758,20.375,111.875
1.1559329751696694E-5,19759,20.125,111.875
9.773969233704659E-6,19760,19.875,111.875
1.0925505764469352E-5,19761,19.625,111.875
1.0224831256185041E-5,19762,19.375,111.875
9.349155925817776E-6,19763,19.125,111.875
8.003512385544944E-6,19764,18.875,111.875
1.0942133859825622E-5,19765,18.625,111.875
1.2704268749878001E-5,19766,18.375,111.875
9.495390461318509E-6,19767,18.125,111.875
9.239772278832251E-6,19768,17.875,111.875
4.394216200730113E-6,19769,17.625,111.875
5.137223698424945E-6,19770,17.375,111.875
8.55403175588349E-6,19771,17.125,111.875
8.556851938190386E-6,19772,16.875,111.875
7.477535885757657E-6,19773,16.625,111.875
8.098371146313294E-6,19774,16.375,111.875
7.787104258165096E-6,19775,16.125,111.875
7.5160690655623865E-6,19776,15.875,111.875
1.0852066236673932E-5,19777,15.625,111.875
1.194618840784799E-5,19778,15.375,111.875
1.2337148585988364E-5,19779,15.125,111.875
1.3214065506329588E-5,19780,14.875,111.875
1.1928731709269652E-5,19781,14.625,111.875
1.602858842573893E-5,19782,14.375,111.875
1.2057782495453981E-5,19783,14.125,111.875
1.637700059503741E-5,19784,13.875,111.875
1.2622822254354227E-5,19785,13.625,111.875
1.0964201550679377E-5,19786,13.375,111.875
1.1529996790429202E-5,19787,13.125,111.875
1.5472390649704375E-5,19788,12.875,111.875
9.665588317917354E-6,19789,12.625,111.875
1.501397275577151E-5,19790,12.375,111.875
1.358032859117904E-5,19791,12.125,111.875
1.2219899399148627E-5,19792,11.875,111.875
1.036232485133799E-5,19793,11.625,111.875
1.0195485782215924E-5,19794,11.375,111.875
9.690951587658269E-6,19795,11.125,111.875
6.49837153694066E-6,19796,10.875,111.875
9.083966929636424E-6,19797,10.625,111.875
9.296428383226363E-6,19798,10.375,111.875
1.1217002174612979E-5,19799,10.125,111.875
4.496302883146574E-6,19800,9.875,111.875
6.225565221664558E-6,19801,9.625,111.875
9.674902163185861E-6,19802,9.375,111.875
7.207180502272894E-6,19803,9.125,111.875
1.216780283504501E-5,19804,8.875,111.875
1.076021512434212E-5,19805,8.625,111.875
6.4473073538876575E-6,19806,8.375,111.875
7.527910016814314E-6,19807,8.125,111.875
5.73902463550929E-6,19808,7.875,111.875
1.0239155819137273E-5,19809,7.625,111.875
1.3204193814247821E-5,19810,7.375,111.875
-5.687548329967643E-6,19811,7.125,111.875
2.276770267364475E-6,19812,6.875,111.875
,19813,6.625,111.875
,19814,6.375,111.875
,19815,6.125,111.875
,19816,5.875,111.875
,19817,5.625,111.875
,19818,5.375,111.875
7.636265873344797E-6,19819,5.125,111.875
1.1282601361110258E-5,19820,4.875,111.875
9.132852567880031E-6,19821,4.625,111.875
1.2028606605772236E-5,19822,4.375,111.875
1.0987820979173766E-5,19823,4.125,111.875
1.1524106950763314E-5,19824,3.875,111.875
1.909495057814488E-5,19825,3.625,111.875
1.198871528028977E-5,19826,3.375,111.875
1.145793530100018E-5,19827,3.125,111.875
1.7159083114346232E-5,19828,2.875,111.875
,19829,2.625,111.875
9.05728382662355E-6,19830,2.375,111.875
1.0799608521782117E-5,19831,2.125,111.875
6.281404803614793E-6,19832,1.875,111.875
1.000641969578254E-5,19833,1.625,111.875
1.258806052236709E-5,19834,1.375,111.875
1.073767812967532E-6,19835,1.125,111.875
7.602309988047275E-6,19836,0.875,111.875
6.7431749582304515E-6,19837,0.625,111.875
8.048467344517308E-6,19838,0.375,111.875
8.614164811732876E-6,19839,0.125,111.875
1.0399949569095614E-5,19840,-0.125,111.875
2.079976227871027E-5,19841,-0.375,111.875
6.891946848686412E-6,19842,-0.625,111.875
,19843,-0.875,111.875
1.0012933409620628E-5,19844,-1.125,111.875
,19845,-1.375,111.875
,19846,-1.625,111.875
1.1875005012290081E-6,19847,-1.875,111.875
7.754965468052552E-6,19848,-2.125,111.875
5.491790064875442E-6,19849,-2.375,111.875
,19850,-2.625,111.875
,19851,-2.875,111.875
,19852,-3.125,111.875
5.066324731867354E-6,19853,-3.375,111.875
6.915446158032989E-6,19854,-3.625,111.875
8.129277878483003E-6,19855,-3.875,111.875
6.8516366435617165E-6,19856,-4.125,111.875
1.0875682462018831E-5,19857,-4.375,111.875
9.121789876858874E-6,19858,-4.625,111.875
8.423191652165667E-6,19859,-4.875,111.875
9.501273519842219E-6,19860,-5.125,111.875
1.689728306763278E-5,19861,-5.375,111.875
8.756147148394929E-6,19862,-5.625,111.875
1.5057667062470443E-5,19863,-5.875,111.875
1.684948623344335E-5,19864,-6.125,111.875
2.0678018346037652E-5,19865,-6.375,111.875
3.0342489199776078E-5,19866,-6.625,111.875
2.2259801307169837E-5,19867,-6.875,111.875
3.4523287311003745E-5,19868,-7.125,111.875
,19869,-7.375,111.875
,19870,-7.625,111.875
,19871,-7.875,111.875
,19872,-8.125,111.875
3.878411199658889E-6,19873,-8.375,111.875
1.6017349016031102E-5,19874,-8.625,111.875
,19875,-8.875,111.875
,19876,-9.125,111.875
,19877,-9.375,111.875
7.718372602002127E-6,19878,-9.625,111.875
5.771350485079296E-6,19879,-9.875,111.875
1.1402311073542476E-5,19880,-10.125,111.875
7.589566920030383E-6,19881,-10.375,111.875
1.4661843513172184E-5,19882,-10.625,111.875
1.4548435518004298E-5,19883,-10.875,111.875
6.7895043548687105E-6,19884,-11.125,111.875
5.482461431838671E-6,19885,-11.375,111.875
9.740949333566392E-6,19886,-11.625,111.875
5.1919743254100575E-6,19887,-11.875,111.875
,19888,31.875,112.125
,19889,31.625,112.125
,19890,31.375,112.125
,19891,31.125,112.125
,19892,30.875,112.125
,19893,30.625,112.125
,19894,30.375,112.125
,19895,30.125,112.125
,19896,29.875,112.125
,19897,29.625,112.125
,19898,29.375,112.125
,19899,29.125,112.125
,19900,28.875,112.125
,19901,28.625,112.125
,19902,28.375,112.125
,19903,28.125,112.125
,19904,27.875,112.125
,19905,27.625,112.125
,19906,27.375,112.125
,19907,27.125,112.125
,19908,26.875,112.125
,19909,26.625,112.125
,19910,26.375,112.125
,19911,26.125,112.125
,19912,25.875,112.125
,19913,25.625,112.125
,19914,25.375,112.125
,19915,25.125,112.125
,19916,24.875,112.125
,19917,24.625,112.125
,19918,24.375,112.125
,19919,24.125,112.125
,19920,23.875,112.125
,19921,23.625,112.125
,19922,23.375,112.125
,19923,23.125,112.125
,19924,22.875,112.125
,19925,22.625,112.125
,19926,22.375,112.125
4.470770291772859E-5,19927,22.125,112.125
6.908433121559329E-5,19928,21.875,112.125
3.360857756957651E-5,19929,21.625,112.125
2.2059952750979053E-5,19930,21.375,112.125
2.1441239815818303E-5,19931,21.125,112.125
1.602324857546007E-5,19932,20.875,112.125
1.5493059115042043E-5,19933,20.625,112.125
1.2644774319881181E-5,19934,20.375,112.125
1.0209350953630432E-5,19935,20.125,112.125
6.083814316296752E-6,19936,19.875,112.125
1.0646384080522963E-5,19937,19.625,112.125
1.0820727903823408E-5,19938,19.375,112.125
7.783934421277816E-6,19939,19.125,112.125
7.583636042237485E-6,19940,18.875,112.125
8.400440219160938E-6,19941,18.625,112.125
1.3515618768665361E-5,19942,18.375,112.125
5.649006181345143E-6,19943,18.125,112.125
9.178007365052977E-6,19944,17.875,112.125
8.295998403457996E-6,19945,17.625,112.125
9.990395860118256E-6,19946,17.375,112.125
6.849233197853546E-6,19947,17.125,112.125
7.537426635284612E-6,19948,16.875,112.125
9.561449338212936E-6,19949,16.625,112.125
7.819941788280084E-6,19950,16.375,112.125
8.439394556232924E-6,19951,16.125,112.125
1.0754898493130417E-5,19952,15.875,112.125
9.199091937791098E-6,19953,15.625,112.125
1.121758055311856E-5,19954,15.375,112.125
8.682152580717098E-6,19955,15.125,112.125
8.835826431472675E-6,19956,14.875,112.125
1.4519252300508808E-5,19957,14.625,112.125
1.4720648422648357E-5,19958,14.375,112.125
1.113042721872972E-5,19959,14.125,112.125
1.1188113996938E-5,19960,13.875,112.125
8.765486319451823E-6,19961,13.625,112.125
9.424914423070553E-6,19962,13.375,112.125
1.4192119123346536E-5,19963,13.125,112.125
1.543411616839088E-5,19964,12.875,112.125
1.6618773531108222E-5,19965,12.625,112.125
1.2685701626767068E-5,19966,12.375,112.125
9.195390752973943E-6,19967,12.125,112.125
1.1809244005505696E-5,19968,11.875,112.125
1.0330791643932192E-5,19969,11.625,112.125
1.1202414010793165E-5,19970,11.375,112.125
1.0596071469986526E-5,19971,11.125,112.125
7.90993831197804E-6,19972,10.875,112.125
5.945067976208657E-6,19973,10.625,112.125
8.788781806347301E-6,19974,10.375,112.125
9.728653139087388E-6,19975,10.125,112.125
7.731148503987229E-6,19976,9.875,112.125
4.9809939874409735E-6,19977,9.625,112.125
3.1776108464949205E-6,19978,9.375,112.125
1.297543528622933E-5,19979,9.125,112.125
7.841668636460517E-6,19980,8.875,112.125
8.353512811343168E-6,19981,8.625,112.125
4.231088686542675E-6,19982,8.375,112.125
8.517707228109121E-6,19983,8.125,112.125
2.6080757392237516E-6,19984,7.875,112.125
7.500910923543154E-6,19985,7.625,112.125
1.401320167567644E-5,19986,7.375,112.125
1.0079540684775882E-5,19987,7.125,112.125
9.420939530529246E-6,19988,6.875,112.125
7.133216048303706E-6,19989,6.625,112.125
6.234544055940599E-6,19990,6.375,112.125
1.9697862021887497E-5,19991,6.125,112.125
,19992,5.875,112.125
,19993,5.625,112.125
,19994,5.375,112.125
,19995,5.125,112.125
,19996,4.875,112.125
,19997,4.625,112.125
,19998,4.375,112.125
,19999,4.125,112.125
1.111947253551212E-6,20000,3.875,112.125
1.1374973768545756E-5,20001,3.625,112.125
1.375264990121156E-5,20002,3.375,112.125
1.5490443830376032E-5,20003,3.125,112.125
1.910964001558303E-5,20004,2.875,112.125
6.382600131514677E-6,20005,2.625,112.125
1.2952186480183179E-5,20006,2.375,112.125
7.4855191998258745E-6,20007,2.125,112.125
1.112332041862636E-5,20008,1.875,112.125
1.1912179320167109E-5,20009,1.625,112.125
1.0879198691366933E-5,20010,1.375,112.125
3.8830740029406365E-6,20011,1.125,112.125
5.990858326102149E-6,20012,0.875,112.125
7.1709039807670636E-6,20013,0.625,112.125
4.596839624881341E-6,20014,0.375,112.125
7.02695912959954E-6,20015,0.125,112.125
9.001966044259655E-6,20016,-0.125,112.125
1.367289702045381E-5,20017,-0.375,112.125
6.754369297905183E-7,20018,-0.625,112.125
6.951624510657444E-6,20019,-0.875,112.125
2.096951318133078E-6,20020,-1.125,112.125
,20021,-1.375,112.125
,20022,-1.625,112.125
,20023,-1.875,112.125
5.311154815623189E-6,20024,-2.125,112.125
6.4864565395193825E-6,20025,-2.375,112.125
,20026,-2.625,112.125
,20027,-2.875,112.125
,20028,-3.125,112.125
5.856833744335785E-6,20029,-3.375,112.125
1.1128897830901865E-5,20030,-3.625,112.125
8.172326367182778E-6,20031,-3.875,112.125
7.52481427365016E-6,20032,-4.125,112.125
6.491184438975109E-6,20033,-4.375,112.125
6.056922120844177E-6,20034,-4.625,112.125
7.923626809299379E-6,20035,-4.875,112.125
5.922776650524303E-6,20036,-5.125,112.125
9.81507152680095E-6,20037,-5.375,112.125
8.344727299352621E-6,20038,-5.625,112.125
1.0797125710778777E-5,20039,-5.875,112.125
9.607362288865369E-6,20040,-6.125,112.125
3.2246671743491767E-5,20041,-6.375,112.125
2.5100773854016142E-5,20042,-6.625,112.125
3.792186032955615E-5,20043,-6.875,112.125
,20044,-7.125,112.125
,20045,-7.375,112.125
,20046,-7.625,112.125
,20047,-7.875,112.125
9.712695439578767E-6,20048,-8.125,112.125
8.006569900873647E-6,20049,-8.375,112.125
7.656107431097568E-6,20050,-8.625,112.125
9.470272622444013E-6,20051,-8.875,112.125
1.4158302453207321E-5,20052,-9.125,112.125
7.402389781251136E-6,20053,-9.375,112.125
5.8245628096412024E-6,20054,-9.625,112.125
7.135541524833028E-6,20055,-9.875,112.125
7.21323902146649E-6,20056,-10.125,112.125
8.861979724792639E-6,20057,-10.375,112.125
,20058,-10.625,112.125
,20059,-10.875,112.125
5.006166169412669E-7,20060,-11.125,112.125
6.299429775649729E-6,20061,-11.375,112.125
1.3889594524391793E-5,20062,-11.625,112.125
1.4901762028187169E-5,20063,-11.875,112.125
,20064,31.875,112.375
3.164904591991213E-5,20065,31.625,112.375
3.2393181087358616E-5,20066,31.375,112.375
,20067,31.125,112.375
,20068,30.875,112.375
,20069,30.625,112.375
,20070,30.375,112.375
,20071,30.125,112.375
,20072,29.875,112.375
,20073,29.625,112.375
,20074,29.375,112.375
,20075,29.125,112.375
,20076,28.875,112.375
,20077,28.625,112.375
,20078,28.375,112.375
,20079,28.125,112.375
,20080,27.875,112.375
,20081,27.625,112.375
,20082,27.375,112.375
,20083,27.125,112.375
,20084,26.875,112.375
,20085,26.625,112.375
,20086,26.375,112.375
,20087,26.125,112.375
,20088,25.875,112.375
,20089,25.625,112.375
,20090,25.375,112.375
,20091,25.125,112.375
,20092,24.875,112.375
,20093,24.625,112.375
,20094,24.375,112.375
,20095,24.125,112.375
,20096,23.875,112.375
,20097,23.625,112.375
,20098,23.375,112.375
,20099,23.125,112.375
,20100,22.875,112.375
,20101,22.625,112.375
,20102,22.375,112.375
,20103,22.125,112.375
,20104,21.875,112.375
,20105,21.625,112.375
2.7272514284042645E-5,20106,21.375,112.375
2.632869978117964E-5,20107,21.125,112.375
2.2719912411544973E-5,20108,20.875,112.375
1.477105911024731E-5,20109,20.625,112.375
7.813984099372963E-6,20110,20.375,112.375
1.1809412332975174E-5,20111,20.125,112.375
1.0401731463065979E-5,20112,19.875,112.375
1.0121496165117679E-5,20113,19.625,112.375
6.4617223173280345E-6,20114,19.375,112.375
6.7800311287937255E-6,20115,19.125,112.375
6.8478225620405206E-6,20116,18.875,112.375
5.808762826009875E-6,20117,18.625,112.375
8.29034878139135E-6,20118,18.375,112.375
1.0352862529632842E-5,20119,18.125,112.375
4.833263798374974E-6,20120,17.875,112.375
7.476937336605555E-6,20121,17.625,112.375
8.877470791769181E-6,20122,17.375,112.375
8.645877106126013E-6,20123,17.125,112.375
9.99372800857857E-6,20124,16.875,112.375
8.534163454544303E-6,20125,16.625,112.375
1.2008984901098856E-5,20126,16.375,112.375
1.1467171291368561E-5,20127,16.125,112.375
6.901760584506865E-6,20128,15.875,112.375
1.1060201164715662E-5,20129,15.625,112.375
1.0555184240222813E-5,20130,15.375,112.375
1.549837686355141E-5,20131,15.125,112.375
1.740729464240459E-5,20132,14.875,112.375
1.0314715548847853E-5,20133,14.625,112.375
1.2473907408549214E-5,20134,14.375,112.375
6.955077051516734E-6,20135,14.125,112.375
7.236973750244655E-6,20136,13.875,112.375
6.426123537967397E-6,20137,13.625,112.375
8.55841248356749E-6,20138,13.375,112.375
9.935562208296314E-6,20139,13.125,112.375
1.345178897596154E-5,20140,12.875,112.375
1.3218782766403051E-5,20141,12.625,112.375
1.5133562856684694E-5,20142,12.375,112.375
9.998127546635022E-6,20143,12.125,112.375
1.272429625541838E-5,20144,11.875,112.375
9.126206802314453E-6,20145,11.625,112.375
7.227259767523631E-6,20146,11.375,112.375
5.114374116779431E-6,20147,11.125,112.375
7.359436190873138E-6,20148,10.875,112.375
6.348627257778545E-6,20149,10.625,112.375
9.802281358042594E-6,20150,10.375,112.375
8.031897196682457E-6,20151,10.125,112.375
7.392992808242535E-6,20152,9.875,112.375
7.687498061703187E-6,20153,9.625,112.375
6.4359078703310675E-6,20154,9.375,112.375
1.3140218159371666E-5,20155,9.125,112.375
7.713219407758633E-6,20156,8.875,112.375
1.7930595694227296E-5,20157,8.625,112.375
8.992072994760531E-6,20158,8.375,112.375
1.001287087966639E-5,20159,8.125,112.375
6.3578655545329675E-6,20160,7.875,112.375
9.217392983525463E-6,20161,7.625,112.375
1.0695905546354875E-5,20162,7.375,112.375
1.2908466265017902E-5,20163,7.125,112.375
1.8224912582387764E-5,20164,6.875,112.375
1.076434745802619E-5,20165,6.625,112.375
1.3846741563172494E-5,20166,6.375,112.375
1.0184611285094879E-5,20167,6.125,112.375
6.9056502396084486E-6,20168,5.875,112.375
,20169,5.625,112.375
1.084803180252263E-5,20170,5.375,112.375
3.7434526999669316E-6,20171,5.125,112.375
1.1048410777973607E-5,20172,4.875,112.375
1.4891642885576812E-5,20173,4.625,112.375
,20174,4.375,112.375
,20175,4.125,112.375
,20176,3.875,112.375
,20177,3.625,112.375
,20178,3.375,112.375
2.7239637399065018E-5,20179,3.125,112.375
1.2515626097671207E-5,20180,2.875,112.375
2.347298632600466E-6,20181,2.625,112.375
8.723774579616452E-6,20182,2.375,112.375
1.0636924950396126E-5,20183,2.125,112.375
4.974239881467055E-6,20184,1.875,112.375
5.947653466292584E-6,20185,1.625,112.375
6.4753336025149336E-6,20186,1.375,112.375
7.312812430281449E-6,20187,1.125,112.375
9.305266507186247E-6,20188,0.875,112.375
4.716360961746493E-6,20189,0.625,112.375
9.411202535246946E-6,20190,0.375,112.375
5.679865723928126E-6,20191,0.125,112.375
8.254912238056891E-6,20192,-0.125,112.375
1.1915419984408772E-5,20193,-0.375,112.375
6.754369227606384E-7,20194,-0.625,112.375
4.549758747343489E-6,20195,-0.875,112.375
5.00663729651387E-6,20196,-1.125,112.375
1.7832270077967213E-6,20197,-1.375,112.375
9.205638808354519E-6,20198,-1.625,112.375
9.205638944244167E-6,20199,-1.875,112.375
5.45880954830554E-6,20200,-2.125,112.375
3.941107057548742E-6,20201,-2.375,112.375
,20202,-2.625,112.375
,20203,-2.875,112.375
,20204,-3.125,112.375
1.0473007716070268E-5,20205,-3.375,112.375
1.600072773444145E-5,20206,-3.625,112.375
8.22110732911478E-6,20207,-3.875,112.375
5.6534550540792424E-6,20208,-4.125,112.375
8.747238809737808E-6,20209,-4.375,112.375
6.6895671582446205E-6,20210,-4.625,112.375
9.763088243087157E-6,20211,-4.875,112.375
9.45013030637548E-6,20212,-5.125,112.375
5.265358584330252E-6,20213,-5.375,112.375
8.177918030402412E-6,20214,-5.625,112.375
1.0893442736535732E-5,20215,-5.875,112.375
9.671132418302878E-6,20216,-6.125,112.375
2.286461809490799E-5,20217,-6.375,112.375
1.9011294957326943E-5,20218,-6.625,112.375
,20219,-6.875,112.375
,20220,-7.125,112.375
,20221,-7.375,112.375
,20222,-7.625,112.375
,20223,-7.875,112.375
9.518880668971404E-6,20224,-8.125,112.375
8.52109352310097E-6,20225,-8.375,112.375
1.0854652381206854E-5,20226,-8.625,112.375
1.149127207821597E-5,20227,-8.875,112.375
1.0685573860787516E-5,20228,-9.125,112.375
8.746312056911079E-6,20229,-9.375,112.375
9.618773393304034E-6,20230,-9.625,112.375
1.0142095140966976E-5,20231,-9.875,112.375
5.952731560252704E-6,20232,-10.125,112.375
2.6581859958480146E-6,20233,-10.375,112.375
,20234,-10.625,112.375
6.678907579594406E-6,20235,-10.875,112.375
3.868762604155331E-6,20236,-11.125,112.375
3.7705537221287227E-6,20237,-11.375,112.375
7.506972207333139E-6,20238,-11.625,112.375
1.5036125869588952E-5,20239,-11.875,112.375
5.898708004040258E-5,20240,31.875,112.625
3.341160058033401E-5,20241,31.625,112.625
3.383180615548765E-5,20242,31.375,112.625
,20243,31.125,112.625
,20244,30.875,112.625
,20245,30.625,112.625
,20246,30.375,112.625
,20247,30.125,112.625
,20248,29.875,112.625
,20249,29.625,112.625
,20250,29.375,112.625
,20251,29.125,112.625
,20252,28.875,112.625
,20253,28.625,112.625
,20254,28.375,112.625
,20255,28.125,112.625
,20256,27.875,112.625
,20257,27.625,112.625
,20258,27.375,112.625
,20259,27.125,112.625
,20260,26.875,112.625
,20261,26.625,112.625
,20262,26.375,112.625
,20263,26.125,112.625
,20264,25.875,112.625
,20265,25.625,112.625
,20266,25.375,112.625
,20267,25.125,112.625
,20268,24.875,112.625
,20269,24.625,112.625
,20270,24.375,112.625
,20271,24.125,112.625
,20272,23.875,112.625
,20273,23.625,112.625
,20274,23.375,112.625
,20275,23.125,112.625
,20276,22.875,112.625
,20277,22.625,112.625
,20278,22.375,112.625
,20279,22.125,112.625
,20280,21.875,112.625
,20281,21.625,112.625
,20282,21.375,112.625
,20283,21.125,112.625
2.7136616735332247E-5,20284,20.875,112.625
2.004550844519373E-5,20285,20.625,112.625
1.091875330593685E-5,20286,20.375,112.625
9.360592054033117E-6,20287,20.125,112.625
1.159016951554461E-5,20288,19.875,112.625
8.03287042609294E-6,20289,19.625,112.625
1.0594890693893817E-5,20290,19.375,112.625
1.0841395062109735E-5,20291,19.125,112.625
6.920238335349323E-6,20292,18.875,112.625
2.877964479815773E-6,20293,18.625,112.625
8.969964698603808E-6,20294,18.375,112.625
1.1894300225680777E-5,20295,18.125,112.625
5.562204897975343E-6,20296,17.875,112.625
1.0172530913134892E-5,20297,17.625,112.625
8.927762430399377E-6,20298,17.375,112.625
5.1365382154272046E-6,20299,17.125,112.625
1.006104655329351E-5,20300,16.875,112.625
9.59192372021111E-6,20301,16.625,112.625
1.0575584737167938E-5,20302,16.375,112.625
6.23160494568437E-6,20303,16.125,112.625
1.0056411095909884E-5,20304,15.875,112.625
1.2245240443701372E-5,20305,15.625,112.625
9.180437458110088E-6,20306,15.375,112.625
9.184965737338E-6,20307,15.125,112.625
1.1770297273242287E-5,20308,14.875,112.625
9.155510433592826E-6,20309,14.625,112.625
7.423459387444639E-6,20310,14.375,112.625
8.988563811244851E-6,20311,14.125,112.625
3.630137201981695E-6,20312,13.875,112.625
6.930374784804431E-6,20313,13.625,112.625
1.0851621080096112E-5,20314,13.375,112.625
9.440525256531931E-6,20315,13.125,112.625
1.240817235493869E-5,20316,12.875,112.625
1.1839905479669017E-5,20317,12.625,112.625
1.3152425213716861E-5,20318,12.375,112.625
9.452621012717104E-6,20319,12.125,112.625
9.407783786155814E-6,20320,11.875,112.625
6.919815212943403E-6,20321,11.625,112.625
8.192650360081353E-6,20322,11.375,112.625
8.758984214433067E-6,20323,11.125,112.625
8.899690439603545E-6,20324,10.875,112.625
7.614701280192419E-6,20325,10.625,112.625
7.83514540308789E-6,20326,10.375,112.625
9.853362128603947E-6,20327,10.125,112.625
8.691471674870303E-6,20328,9.875,112.625
8.303632847397465E-6,20329,9.625,112.625
5.4689806243496955E-6,20330,9.375,112.625
7.2078176729328946E-6,20331,9.125,112.625
9.865619804576665E-6,20332,8.875,112.625
7.845068905444003E-6,20333,8.625,112.625
,20334,8.375,112.625
1.1030434995935935E-5,20335,8.125,112.625
1.0928869607262995E-5,20336,7.875,112.625
9.575209582193127E-6,20337,7.625,112.625
8.474744380008849E-6,20338,7.375,112.625
1.04535326912838E-5,20339,7.125,112.625
1.0558728539075357E-5,20340,6.875,112.625
1.20045181342166E-5,20341,6.625,112.625
7.203142381402325E-6,20342,6.375,112.625
1.0276994595048196E-5,20343,6.125,112.625
1.1155061909951675E-5,20344,5.875,112.625
8.681890128554436E-6,20345,5.625,112.625
1.029844548272247E-5,20346,5.375,112.625
1.0905228556052322E-5,20347,5.125,112.625
1.1504583522742848E-5,20348,4.875,112.625
1.87116370574498E-5,20349,4.625,112.625
1.1161452246084948E-5,20350,4.375,112.625
1.214175060531279E-5,20351,4.125,112.625
1.7696075066383158E-5,20352,3.875,112.625
8.486610256865421E-6,20353,3.625,112.625
1.8955530759435213E-5,20354,3.375,112.625
,20355,3.125,112.625
,20356,2.875,112.625
,20357,2.625,112.625
,20358,2.375,112.625
,20359,2.125,112.625
,20360,1.875,112.625
1.1676076162422482E-5,20361,1.625,112.625
8.641173589738052E-6,20362,1.375,112.625
1.1728527989778523E-5,20363,1.125,112.625
5.813441551267929E-6,20364,0.875,112.625
6.047448673262967E-6,20365,0.625,112.625
7.722240439622107E-6,20366,0.375,112.625
7.048090603687731E-6,20367,0.125,112.625
4.550335348497732E-6,20368,-0.125,112.625
8.527232300165215E-6,20369,-0.375,112.625
1.587077293502094E-5,20370,-0.625,112.625
-1.414466269410543E-6,20371,-0.875,112.625
6.523188738292988E-6,20372,-1.125,112.625
,20373,-1.375,112.625
2.707167870390671E-6,20374,-1.625,112.625
4.584922440545076E-6,20375,-1.875,112.625
,20376,-2.125,112.625
1.1853763793948716E-6,20377,-2.375,112.625
8.943032551704907E-6,20378,-2.625,112.625
,20379,-2.875,112.625
,20380,-3.125,112.625
,20381,-3.375,112.625
,20382,-3.625,112.625
,20383,-3.875,112.625
4.169991319861538E-6,20384,-4.125,112.625
1.0762600629539289E-5,20385,-4.375,112.625
9.298966672119765E-6,20386,-4.625,112.625
1.094096703043835E-5,20387,-4.875,112.625
1.1593266117739689E-5,20388,-5.125,112.625
7.3359409160462295E-6,20389,-5.375,112.625
9.159150413730507E-6,20390,-5.625,112.625
9.089973877976662E-6,20391,-5.875,112.625
8.860999753425062E-6,20392,-6.125,112.625
1.5029498726019009E-5,20393,-6.375,112.625
1.1998487167686777E-5,20394,-6.625,112.625
1.5228836012259966E-5,20395,-6.875,112.625
2.7467578047126258E-5,20396,-7.125,112.625
,20397,-7.375,112.625
,20398,-7.625,112.625
,20399,-7.875,112.625
4.413960743847471E-6,20400,-8.125,112.625
1.0333400088315194E-5,20401,-8.375,112.625
9.949202415343687E-6,20402,-8.625,112.625
9.775816981859218E-6,20403,-8.875,112.625
9.139043797329993E-6,20404,-9.125,112.625
8.838210230258976E-6,20405,-9.375,112.625
,20406,-9.625,112.625
,20407,-9.875,112.625
,20408,-10.125,112.625
,20409,-10.375,112.625
5.72020271833612E-7,20410,-10.625,112.625
3.985419658095764E-6,20411,-10.875,112.625
6.1692613513493795E-6,20412,-11.125,112.625
7.783332598166278E-6,20413,-11.375,112.625
4.561365427358083E-6,20414,-11.625,112.625
1.3070557802896234E-5,20415,-11.875,112.625
5.215165032042565E-5,20416,31.875,112.875
4.6843167257772985E-5,20417,31.625,112.875
5.335144998205311E-5,20418,31.375,112.875
,20419,31.125,112.875
,20420,30.875,112.875
,20421,30.625,112.875
,20422,30.375,112.875
,20423,30.125,112.875
,20424,29.875,112.875
,20425,29.625,112.875
,20426,29.375,112.875
,20427,29.125,112.875
,20428,28.875,112.875
,20429,28.625,112.875
,20430,28.375,112.875
,20431,28.125,112.875
,20432,27.875,112.875
,20433,27.625,112.875
,20434,27.375,112.875
,20435,27.125,112.875
,20436,26.875,112.875
,20437,26.625,112.875
,20438,26.375,112.875
,20439,26.125,112.875
,20440,25.875,112.875
,20441,25.625,112.875
,20442,25.375,112.875
,20443,25.125,112.875
,20444,24.875,112.875
,20445,24.625,112.875
,20446,24.375,112.875
,20447,24.125,112.875
,20448,23.875,112.875
,20449,23.625,112.875
,20450,23.375,112.875
,20451,23.125,112.875
,20452,22.875,112.875
,20453,22.625,112.875
,20454,22.375,112.875
,20455,22.125,112.875
,20456,21.875,112.875
,20457,21.625,112.875
,20458,21.375,112.875
,20459,21.125,112.875
,20460,20.875,112.875
,20461,20.625,112.875
1.5583926429066826E-5,20462,20.375,112.875
1.0740403503458921E-5,20463,20.125,112.875
1.0614775734768578E-5,20464,19.875,112.875
8.652418540309208E-6,20465,19.625,112.875
8.168348398670818E-6,20466,19.375,112.875
6.236440162922407E-6,20467,19.125,112.875
8.99013390923448E-6,20468,18.875,112.875
7.732794431733244E-6,20469,18.625,112.875
8.503585740190539E-6,20470,18.375,112.875
1.5215666208471469E-5,20471,18.125,112.875
8.511871824090182E-6,20472,17.875,112.875
6.1052957361704785E-6,20473,17.625,112.875
1.035554027868299E-5,20474,17.375,112.875
1.1031478835094618E-5,20475,17.125,112.875
8.13794123906287E-6,20476,16.875,112.875
7.636810050114684E-6,20477,16.625,112.875
8.357297856933687E-6,20478,16.375,112.875
9.37913375813888E-6,20479,16.125,112.875
1.0807368181955725E-5,20480,15.875,112.875
8.423659825721054E-6,20481,15.625,112.875
1.0781310696988842E-5,20482,15.375,112.875
1.1939137115117666E-5,20483,15.125,112.875
1.1808778446823064E-5,20484,14.875,112.875
9.221824062565246E-6,20485,14.625,112.875
8.888527214666269E-6,20486,14.375,112.875
1.117074286136527E-5,20487,14.125,112.875
7.149966253591389E-6,20488,13.875,112.875
1.3137033295875575E-5,20489,13.625,112.875
1.187047023746609E-5,20490,13.375,112.875
3.769810062618813E-6,20491,13.125,112.875
1.2168650636800113E-5,20492,12.875,112.875
1.4313939215611526E-5,20493,12.625,112.875
1.0916646065990188E-5,20494,12.375,112.875
8.898194210001664E-6,20495,12.125,112.875
8.855333746093883E-6,20496,11.875,112.875
1.0669356153529156E-5,20497,11.625,112.875
6.732547954785805E-6,20498,11.375,112.875
8.521801850912232E-6,20499,11.125,112.875
1.226215890294154E-5,20500,10.875,112.875
8.071559306372854E-6,20501,10.625,112.875
8.720275383971809E-6,20502,10.375,112.875
5.658455181870044E-6,20503,10.125,112.875
2.921065353721769E-6,20504,9.875,112.875
9.856588676224686E-6,20505,9.625,112.875
6.986476785472942E-6,20506,9.375,112.875
6.525653530412521E-6,20507,9.125,112.875
8.8060088178528E-6,20508,8.875,112.875
7.949494155211121E-6,20509,8.625,112.875
5.2915634386266706E-6,20510,8.375,112.875
1.1467935005236395E-5,20511,8.125,112.875
1.1827049042146855E-5,20512,7.875,112.875
3.89935931152336E-6,20513,7.625,112.875
6.094797580748642E-6,20514,7.375,112.875
1.03256370350975E-5,20515,7.125,112.875
1.0912367816274471E-5,20516,6.875,112.875
1.1183205081562499E-5,20517,6.625,112.875
1.040939535199191E-5,20518,6.375,112.875
1.4492006185490738E-5,20519,6.125,112.875
1.2898232992548775E-5,20520,5.875,112.875
1.021042502663862E-5,20521,5.625,112.875
1.0067862487244676E-5,20522,5.375,112.875
8.427385806921713E-6,20523,5.125,112.875
1.2936723817761957E-5,20524,4.875,112.875
5.919703124023063E-6,20525,4.625,112.875
1.4554527423687901E-5,20526,4.375,112.875
1.1287396444786061E-5,20527,4.125,112.875
1.0036342290673532E-5,20528,3.875,112.875
1.2177854370305498E-5,20529,3.625,112.875
1.5796289536818036E-5,20530,3.375,112.875
1.9721076633907783E-5,20531,3.125,112.875
,20532,2.875,112.875
,20533,2.625,112.875
,20534,2.375,112.875
,20535,2.125,112.875
,20536,1.875,112.875
,20537,1.625,112.875
,20538,1.375,112.875
6.7804380689102935E-6,20539,1.125,112.875
6.5168852737547E-6,20540,0.875,112.875
9.103836266371734E-6,20541,0.625,112.875
6.233302893376248E-6,20542,0.375,112.875
5.650510032513946E-6,20543,0.125,112.875
7.9084147851178E-6,20544,-0.125,112.875
9.677725682784848E-6,20545,-0.375,112.875
1.9209361094009865E-5,20546,-0.625,112.875
4.23128551152741E-6,20547,-0.875,112.875
7.40015633466713E-6,20548,-1.125,112.875
4.487730919958664E-6,20549,-1.375,112.875
8.634557244922136E-6,20550,-1.625,112.875
7.308495638746478E-6,20551,-1.875,112.875
4.073582732530063E-6,20552,-2.125,112.875
5.434485212637404E-6,20553,-2.375,112.875
5.407813654690392E-6,20554,-2.625,112.875
,20555,-2.875,112.875
,20556,-3.125,112.875
,20557,-3.375,112.875
,20558,-3.625,112.875
5.788905478226083E-6,20559,-3.875,112.875
5.615507765745946E-6,20560,-4.125,112.875
1.0966460153304876E-5,20561,-4.375,112.875
9.380614210570352E-6,20562,-4.625,112.875
1.0911142725591843E-5,20563,-4.875,112.875
9.984290044342549E-6,20564,-5.125,112.875
1.0679449092956827E-5,20565,-5.375,112.875
1.0974319369003596E-5,20566,-5.625,112.875
1.1679207881332575E-5,20567,-5.875,112.875
1.0607216785586033E-5,20568,-6.125,112.875
1.324684282709321E-5,20569,-6.375,112.875
1.4683207407809557E-5,20570,-6.625,112.875
1.71153558149852E-5,20571,-6.875,112.875
4.234826403545733E-5,20572,-7.125,112.875
,20573,-7.375,112.875
,20574,-7.625,112.875
,20575,-7.875,112.875
-3.6456643009555944E-6,20576,-8.125,112.875
1.0319129257109792E-5,20577,-8.375,112.875
1.0972039353213616E-5,20578,-8.625,112.875
8.206518960622835E-6,20579,-8.875,112.875
1.1127416236901622E-5,20580,-9.125,112.875
6.949090753623113E-6,20581,-9.375,112.875
,20582,-9.625,112.875
,20583,-9.875,112.875
,20584,-10.125,112.875
2.1876967424277094E-6,20585,-10.375,112.875
2.189416453772519E-6,20586,-10.625,112.875
3.3518856035404934E-6,20587,-10.875,112.875
6.750313474637031E-6,20588,-11.125,112.875
1.0082744125533943E-5,20589,-11.375,112.875
1.0040266016408946E-5,20590,-11.625,112.875
1.3800370368441799E-5,20591,-11.875,112.875
5.14044747362121E-5,20592,31.875,113.125
4.532314194845945E-5,20593,31.625,113.125
5.4565663722601365E-5,20594,31.375,113.125
,20595,31.125,113.125
,20596,30.875,113.125
,20597,30.625,113.125
,20598,30.375,113.125
,20599,30.125,113.125
,20600,29.875,113.125
,20601,29.625,113.125
,20602,29.375,113.125
,20603,29.125,113.125
,20604,28.875,113.125
,20605,28.625,113.125
,20606,28.375,113.125
,20607,28.125,113.125
,20608,27.875,113.125
,20609,27.625,113.125
,20610,27.375,113.125
,20611,27.125,113.125
,20612,26.875,113.125
,20613,26.625,113.125
,20614,26.375,113.125
,20615,26.125,113.125
,20616,25.875,113.125
,20617,25.625,113.125
,20618,25.375,113.125
,20619,25.125,113.125
,20620,24.875,113.125
,20621,24.625,113.125
,20622,24.375,113.125
,20623,24.125,113.125
,20624,23.875,113.125
,20625,23.625,113.125
,20626,23.375,113.125
,20627,23.125,113.125
,20628,22.875,113.125
,20629,22.625,113.125
,20630,22.375,113.125
,20631,22.125,113.125
,20632,21.875,113.125
,20633,21.625,113.125
,20634,21.375,113.125
,20635,21.125,113.125
,20636,20.875,113.125
,20637,20.625,113.125
1.1744488177482482E-5,20638,20.375,113.125
1.2130891673148337E-5,20639,20.125,113.125
9.990691634051047E-6,20640,19.875,113.125
8.379405379628903E-6,20641,19.625,113.125
6.420147715685037E-6,20642,19.375,113.125
6.127317055844828E-6,20643,19.125,113.125
9.849244794088601E-6,20644,18.875,113.125
9.051374212856281E-6,20645,18.625,113.125
1.1386514285555422E-5,20646,18.375,113.125
1.3419029576867898E-5,20647,18.125,113.125
6.5369178786330435E-6,20648,17.875,113.125
1.1329642521681369E-5,20649,17.625,113.125
1.1128885318734627E-5,20650,17.375,113.125
1.3334923205215352E-5,20651,17.125,113.125
1.0824762990453251E-5,20652,16.875,113.125
7.915709699716151E-6,20653,16.625,113.125
7.166532695800078E-6,20654,16.375,113.125
9.321099254920336E-6,20655,16.125,113.125
1.1330105776365905E-5,20656,15.875,113.125
1.1235752378423687E-5,20657,15.625,113.125
1.1897957380405591E-5,20658,15.375,113.125
7.029896082773917E-6,20659,15.125,113.125
1.0733669538726379E-5,20660,14.875,113.125
1.2827583458835278E-5,20661,14.625,113.125
5.111882628532856E-6,20662,14.375,113.125
1.5323786242515016E-6,20663,14.125,113.125
7.047329449485007E-6,20664,13.875,113.125
9.602218482430068E-6,20665,13.625,113.125
4.8876305865080286E-6,20666,13.375,113.125
9.95090893581429E-6,20667,13.125,113.125
1.2139868621463531E-5,20668,12.875,113.125
8.830091617014126E-6,20669,12.625,113.125
9.736052002455759E-6,20670,12.375,113.125
1.3763134171765573E-5,20671,12.125,113.125
7.807494451157244E-6,20672,11.875,113.125
8.674010770901515E-6,20673,11.625,113.125
6.41530441910382E-6,20674,11.375,113.125
4.1047611735294385E-6,20675,11.125,113.125
6.619053847517602E-6,20676,10.875,113.125
4.768661932623689E-6,20677,10.625,113.125
7.5802902550365325E-6,20678,10.375,113.125
8.590199744809628E-6,20679,10.125,113.125
6.7250115315565654E-6,20680,9.875,113.125
9.061417902494633E-6,20681,9.625,113.125
9.209990711820015E-6,20682,9.375,113.125
6.291724034550943E-6,20683,9.125,113.125
8.473243487552503E-6,20684,8.875,113.125
8.293439449075328E-6,20685,8.625,113.125
1.5995311297807026E-5,20686,8.375,113.125
6.3247932889603086E-6,20687,8.125,113.125
6.3214933453170566E-6,20688,7.875,113.125
5.347865569963173E-6,20689,7.625,113.125
8.059511574088257E-6,20690,7.375,113.125
8.236200653847672E-6,20691,7.125,113.125
9.70650786946383E-6,20692,6.875,113.125
1.3000977138223585E-5,20693,6.625,113.125
9.666836726952092E-6,20694,6.375,113.125
8.581026751768914E-6,20695,6.125,113.125
9.446018131331125E-6,20696,5.875,113.125
1.1371764129518847E-5,20697,5.625,113.125
1.0186102198008422E-5,20698,5.375,113.125
1.1890813212192143E-5,20699,5.125,113.125
1.4152490148637816E-5,20700,4.875,113.125
1.7988598387341127E-5,20701,4.625,113.125
8.097977466187876E-6,20702,4.375,113.125
1.021288252095514E-5,20703,4.125,113.125
1.085086222722691E-5,20704,3.875,113.125
8.420252636954653E-6,20705,3.625,113.125
3.678795692927815E-5,20706,3.375,113.125
3.946007200467406E-5,20707,3.125,113.125
1.5972372215464206E-5,20708,2.875,113.125
,20709,2.625,113.125
-7.993455160522195E-8,20710,2.375,113.125
6.149314554309865E-6,20711,2.125,113.125
9.619556839114646E-6,20712,1.875,113.125
,20713,1.625,113.125
,20714,1.375,113.125
,20715,1.125,113.125
,20716,0.875,113.125
,20717,0.625,113.125
,20718,0.375,113.125
,20719,0.125,113.125
,20720,-0.125,113.125
1.1416474794173413E-5,20721,-0.375,113.125
1.0898810518741493E-5,20722,-0.625,113.125
5.949638655373022E-6,20723,-0.875,113.125
5.746229914570636E-6,20724,-1.125,113.125
7.428295487449456E-6,20725,-1.375,113.125
2.3827865428692286E-6,20726,-1.625,113.125
7.009234571740535E-6,20727,-1.875,113.125
6.514401517738387E-6,20728,-2.125,113.125
,20729,-2.375,113.125
,20730,-2.625,113.125
,20731,-2.875,113.125
,20732,-3.125,113.125
,20733,-3.375,113.125
,20734,-3.625,113.125
7.937539404942872E-6,20735,-3.875,113.125
6.1071100309817E-6,20736,-4.125,113.125
8.846154511725078E-6,20737,-4.375,113.125
8.204672080344173E-6,20738,-4.625,113.125
8.49267582790505E-6,20739,-4.875,113.125
9.944374749108691E-6,20740,-5.125,113.125
1.2469028848092498E-5,20741,-5.375,113.125
1.0152811316772577E-5,20742,-5.625,113.125
1.5460952641004413E-5,20743,-5.875,113.125
1.500138506237971E-5,20744,-6.125,113.125
1.3433895617008145E-5,20745,-6.375,113.125
1.4643728573575797E-5,20746,-6.625,113.125
2.463693207221296E-5,20747,-6.875,113.125
2.8970051758656526E-5,20748,-7.125,113.125
,20749,-7.375,113.125
,20750,-7.625,113.125
,20751,-7.875,113.125
,20752,-8.125,113.125
7.807149846116799E-6,20753,-8.375,113.125
1.2474053062252657E-5,20754,-8.625,113.125
9.450477094693693E-6,20755,-8.875,113.125
7.291435837947753E-6,20756,-9.125,113.125
9.906238221420461E-6,20757,-9.375,113.125
1.2589622209530475E-5,20758,-9.625,113.125
4.135477382068406E-6,20759,-9.875,113.125
,20760,-10.125,113.125
-2.1983515211764221E-7,20761,-10.375,113.125
3.6309116203271432E-6,20762,-10.625,113.125
5.434278780097209E-6,20763,-10.875,113.125
2.949376011430833E-6,20764,-11.125,113.125
1.0575685962704902E-5,20765,-11.375,113.125
8.859061104816756E-6,20766,-11.625,113.125
1.1568088504849754E-5,20767,-11.875,113.125
6.877702778577212E-5,20768,31.875,113.375
5.681779917226209E-5,20769,31.625,113.375
5.479015568493844E-5,20770,31.375,113.375
7.4889353990503E-5,20771,31.125,113.375
,20772,30.875,113.375
,20773,30.625,113.375
,20774,30.375,113.375
,20775,30.125,113.375
,20776,29.875,113.375
,20777,29.625,113.375
,20778,29.375,113.375
,20779,29.125,113.375
,20780,28.875,113.375
,20781,28.625,113.375
,20782,28.375,113.375
,20783,28.125,113.375
,20784,27.875,113.375
,20785,27.625,113.375
,20786,27.375,113.375
,20787,27.125,113.375
,20788,26.875,113.375
,20789,26.625,113.375
,20790,26.375,113.375
,20791,26.125,113.375
,20792,25.875,113.375
,20793,25.625,113.375
,20794,25.375,113.375
,20795,25.125,113.375
,20796,24.875,113.375
,20797,24.625,113.375
,20798,24.375,113.375
,20799,24.125,113.375
,20800,23.875,113.375
,20801,23.625,113.375
,20802,23.375,113.375
,20803,23.125,113.375
,20804,22.875,113.375
,20805,22.625,113.375
,20806,22.375,113.375
,20807,22.125,113.375
,20808,21.875,113.375
,20809,21.625,113.375
,20810,21.375,113.375
,20811,21.125,113.375
,20812,20.875,113.375
,20813,20.625,113.375
1.3621167951201078E-5,20814,20.375,113.375
1.615446456715585E-5,20815,20.125,113.375
9.523132517020584E-6,20816,19.875,113.375
1.3876533028857063E-5,20817,19.625,113.375
3.309920752267337E-6,20818,19.375,113.375
1.3083962021812E-5,20819,19.125,113.375
1.231266898729011E-5,20820,18.875,113.375
1.2761656470289723E-5,20821,18.625,113.375
8.88742324743947E-6,20822,18.375,113.375
1.2390562204887082E-5,20823,18.125,113.375
1.0350442727427575E-5,20824,17.875,113.375
5.99770030791862E-6,20825,17.625,113.375
1.108126255870005E-5,20826,17.375,113.375
1.082523542095921E-5,20827,17.125,113.375
1.2403148029285129E-5,20828,16.875,113.375
1.0570611839443063E-5,20829,16.625,113.375
8.14844613625694E-6,20830,16.375,113.375
9.513653322164722E-6,20831,16.125,113.375
1.0581132190262187E-5,20832,15.875,113.375
1.2159601683594902E-5,20833,15.625,113.375
7.131323419239135E-6,20834,15.375,113.375
9.263766280657438E-6,20835,15.125,113.375
9.833310921576761E-6,20836,14.875,113.375
1.122706595217213E-5,20837,14.625,113.375
1.0302070780859127E-5,20838,14.375,113.375
4.78348585194575E-6,20839,14.125,113.375
9.058760702180919E-6,20840,13.875,113.375
1.498770740602004E-5,20841,13.625,113.375
9.56366770306108E-6,20842,13.375,113.375
1.4126535390291415E-5,20843,13.125,113.375
1.2255653214448413E-5,20844,12.875,113.375
1.4391648352477519E-5,20845,12.625,113.375
1.1271966115067898E-5,20846,12.375,113.375
1.0692522796562587E-5,20847,12.125,113.375
6.45059365069453E-6,20848,11.875,113.375
7.925758389280306E-6,20849,11.625,113.375
5.660660601525323E-6,20850,11.375,113.375
5.657165767848E-6,20851,11.125,113.375
7.2965874534683455E-6,20852,10.875,113.375
8.386123255084101E-6,20853,10.625,113.375
8.011202564390229E-6,20854,10.375,113.375
8.410775845905656E-6,20855,10.125,113.375
9.708228624358132E-6,20856,9.875,113.375
1.0448552660248393E-5,20857,9.625,113.375
1.1124619207451558E-5,20858,9.375,113.375
9.310377861328273E-6,20859,9.125,113.375
7.00894370761439E-6,20860,8.875,113.375
7.97901779035712E-6,20861,8.625,113.375
2.4735854958168324E-7,20862,8.375,113.375
3.2785827052816894E-6,20863,8.125,113.375
7.163505360849774E-6,20864,7.875,113.375
9.32728148459858E-6,20865,7.625,113.375
1.075202958248606E-5,20866,7.375,113.375
1.3310067530201774E-5,20867,7.125,113.375
1.0525082332965219E-5,20868,6.875,113.375
1.5391694231025936E-5,20869,6.625,113.375
7.387362572861233E-6,20870,6.375,113.375
1.0969877202216677E-5,20871,6.125,113.375
1.0621121495616426E-5,20872,5.875,113.375
1.2519229290890302E-5,20873,5.625,113.375
8.519313523323417E-6,20874,5.375,113.375
1.6571550266813775E-5,20875,5.125,113.375
1.6694411645841024E-5,20876,4.875,113.375
1.7103743704010568E-5,20877,4.625,113.375
1.1433030583674642E-5,20878,4.375,113.375
1.0326099313563592E-5,20879,4.125,113.375
1.3239060269894987E-5,20880,3.875,113.375
1.5012053378604665E-5,20881,3.625,113.375
2.6785385336430826E-5,20882,3.375,113.375
,20883,3.125,113.375
2.550180486925598E-6,20884,2.875,113.375
1.0843387829584802E-5,20885,2.625,113.375
1.0684591692052679E-5,20886,2.375,113.375
5.663330294185606E-6,20887,2.125,113.375
1.8803921852372574E-5,20888,1.875,113.375
,20889,1.625,113.375
,20890,1.375,113.375
,20891,1.125,113.375
7.785681084445363E-6,20892,0.875,113.375
,20893,0.625,113.375
,20894,0.375,113.375
,20895,0.125,113.375
,20896,-0.125,113.375
,20897,-0.375,113.375
,20898,-0.625,113.375
,20899,-0.875,113.375
,20900,-1.125,113.375
,20901,-1.375,113.375
5.8655398901084444E-6,20902,-1.625,113.375
6.854707119509544E-6,20903,-1.875,113.375
6.906928204806258E-6,20904,-2.125,113.375
,20905,-2.375,113.375
,20906,-2.625,113.375
,20907,-2.875,113.375
,20908,-3.125,113.375
,20909,-3.375,113.375
,20910,-3.625,113.375
9.982210076726682E-6,20911,-3.875,113.375
8.719260858692334E-6,20912,-4.125,113.375
9.778659009846302E-6,20913,-4.375,113.375
1.1468006406517394E-5,20914,-4.625,113.375
8.43566148475582E-6,20915,-4.875,113.375
9.11491830964629E-6,20916,-5.125,113.375
1.1652011821971265E-5,20917,-5.375,113.375
1.1847955913271079E-5,20918,-5.625,113.375
7.695870789795123E-6,20919,-5.875,113.375
1.507316291329751E-5,20920,-6.125,113.375
1.0568300407941957E-5,20921,-6.375,113.375
1.767971702296673E-5,20922,-6.625,113.375
2.554489053786152E-5,20923,-6.875,113.375
3.699659841216056E-5,20924,-7.125,113.375
,20925,-7.375,113.375
,20926,-7.625,113.375
,20927,-7.875,113.375
,20928,-8.125,113.375
1.108703363452944E-5,20929,-8.375,113.375
1.0656307051285687E-5,20930,-8.625,113.375
9.552280071871717E-6,20931,-8.875,113.375
7.975924780617543E-6,20932,-9.125,113.375
7.188739291833972E-6,20933,-9.375,113.375
1.3318055342940058E-5,20934,-9.625,113.375
,20935,-9.875,113.375
,20936,-10.125,113.375
3.2304073329246635E-6,20937,-10.375,113.375
1.0247546035248311E-5,20938,-10.625,113.375
1.0866202036993337E-5,20939,-10.875,113.375
9.563279653958732E-6,20940,-11.125,113.375
8.27003810883862E-6,20941,-11.375,113.375
1.085075568384195E-5,20942,-11.625,113.375
9.03123873094952E-6,20943,-11.875,113.375
6.190643321935625E-5,20944,31.875,113.625
6.464684547047662E-5,20945,31.625,113.625
6.885934732639306E-5,20946,31.375,113.625
6.366511165838499E-5,20947,31.125,113.625
7.054037129655155E-5,20948,30.875,113.625
,20949,30.625,113.625
,20950,30.375,113.625
,20951,30.125,113.625
,20952,29.875,113.625
,20953,29.625,113.625
,20954,29.375,113.625
,20955,29.125,113.625
,20956,28.875,113.625
,20957,28.625,113.625
,20958,28.375,113.625
,20959,28.125,113.625
,20960,27.875,113.625
,20961,27.625,113.625
,20962,27.375,113.625
,20963,27.125,113.625
,20964,26.875,113.625
,20965,26.625,113.625
,20966,26.375,113.625
,20967,26.125,113.625
,20968,25.875,113.625
,20969,25.625,113.625
,20970,25.375,113.625
,20971,25.125,113.625
,20972,24.875,113.625
,20973,24.625,113.625
,20974,24.375,113.625
,20975,24.125,113.625
,20976,23.875,113.625
,20977,23.625,113.625
,20978,23.375,113.625
,20979,23.125,113.625
,20980,22.875,113.625
,20981,22.625,113.625
,20982,22.375,113.625
,20983,22.125,113.625
,20984,21.875,113.625
,20985,21.625,113.625
,20986,21.375,113.625
,20987,21.125,113.625
,20988,20.875,113.625
7.902334824655276E-6,20989,20.625,113.625
9.478519873376022E-6,20990,20.375,113.625
1.0142377130193445E-5,20991,20.125,113.625
6.701609638886686E-6,20992,19.875,113.625
1.0415665224820268E-5,20993,19.625,113.625
9.241651565113258E-6,20994,19.375,113.625
6.919008937083535E-6,20995,19.125,113.625
9.740967105518977E-6,20996,18.875,113.625
1.1598517014640694E-5,20997,18.625,113.625
7.744638101885645E-6,20998,18.375,113.625
1.4415227661190135E-5,20999,18.125,113.625
1.1119712094146995E-5,21000,17.875,113.625
1.1212514147784049E-5,21001,17.625,113.625
1.5704498814700327E-5,21002,17.375,113.625
9.639960055421879E-6,21003,17.125,113.625
1.0587407098157661E-5,21004,16.875,113.625
8.198137975489261E-6,21005,16.625,113.625
9.825273264877916E-6,21006,16.375,113.625
1.0268578440747006E-5,21007,16.125,113.625
1.294154802178322E-5,21008,15.875,113.625
7.741066889235012E-6,21009,15.625,113.625
9.33310985153107E-6,21010,15.375,113.625
9.031274208281278E-6,21011,15.125,113.625
1.0918474237471851E-5,21012,14.875,113.625
9.664279272018345E-6,21013,14.625,113.625
1.0786362972955672E-5,21014,14.375,113.625
1.105972634716608E-5,21015,14.125,113.625
1.2597729998078164E-5,21016,13.875,113.625
9.920728212074503E-6,21017,13.625,113.625
1.4976541461877718E-5,21018,13.375,113.625
1.3830214953096036E-5,21019,13.125,113.625
8.11246650635632E-6,21020,12.875,113.625
1.4308978287639934E-5,21021,12.625,113.625
1.0232836347415156E-5,21022,12.375,113.625
1.0606744169723351E-5,21023,12.125,113.625
9.405546928210743E-6,21024,11.875,113.625
9.376129588279746E-6,21025,11.625,113.625
6.998498566025033E-6,21026,11.375,113.625
6.04283449924702E-6,21027,11.125,113.625
9.569136279407902E-6,21028,10.875,113.625
7.15550912390514E-6,21029,10.625,113.625
4.77015480585277E-6,21030,10.375,113.625
5.621135640776182E-6,21031,10.125,113.625
1.2195377178304016E-5,21032,9.875,113.625
9.943425323013243E-6,21033,9.625,113.625
8.052991332116832E-6,21034,9.375,113.625
7.574930645935625E-6,21035,9.125,113.625
6.196453954715153E-6,21036,8.875,113.625
6.841622539887429E-6,21037,8.625,113.625
5.280586570667308E-6,21038,8.375,113.625
6.7178482316145025E-6,21039,8.125,113.625
9.022853373639404E-6,21040,7.875,113.625
8.904115335629513E-6,21041,7.625,113.625
1.1202482541577578E-5,21042,7.375,113.625
1.2789105391902795E-5,21043,7.125,113.625
8.458685582317551E-6,21044,6.875,113.625
1.0772945869183843E-5,21045,6.625,113.625
7.812458341772667E-6,21046,6.375,113.625
1.1685159852807944E-5,21047,6.125,113.625
9.906828786928919E-6,21048,5.875,113.625
1.057983379652755E-5,21049,5.625,113.625
1.1796655516018249E-5,21050,5.375,113.625
1.502653232268571E-5,21051,5.125,113.625
1.720918610381751E-5,21052,4.875,113.625
2.028649994292493E-5,21053,4.625,113.625
7.995637542410593E-6,21054,4.375,113.625
1.0669875204760448E-5,21055,4.125,113.625
,21056,3.875,113.625
,21057,3.625,113.625
,21058,3.375,113.625
,21059,3.125,113.625
,21060,2.875,113.625
,21061,2.625,113.625
,21062,2.375,113.625
,21063,2.125,113.625
,21064,1.875,113.625
9.910698253039964E-6,21065,1.625,113.625
-3.084319980830333E-7,21066,1.375,113.625
9.865172819002792E-6,21067,1.125,113.625
9.144581402018281E-6,21068,0.875,113.625
,21069,0.625,113.625
5.505389735493862E-6,21070,0.375,113.625
4.3484381837636145E-6,21071,0.125,113.625
5.408919600428244E-6,21072,-0.125,113.625
1.3707296305715345E-5,21073,-0.375,113.625
,21074,-0.625,113.625
2.4395234433568715E-5,21075,-0.875,113.625
,21076,-1.125,113.625
,21077,-1.375,113.625
,21078,-1.625,113.625
,21079,-1.875,113.625
,21080,-2.125,113.625
,21081,-2.375,113.625
,21082,-2.625,113.625
,21083,-2.875,113.625
,21084,-3.125,113.625
,21085,-3.375,113.625
,21086,-3.625,113.625
,21087,-3.875,113.625
,21088,-4.125,113.625
1.1647474319289907E-5,21089,-4.375,113.625
1.3357082240938197E-5,21090,-4.625,113.625
1.5007406130782605E-5,21091,-4.875,113.625
1.2965363323342668E-5,21092,-5.125,113.625
1.708608549754552E-5,21093,-5.375,113.625
1.6204422231738803E-5,21094,-5.625,113.625
1.25354753252422E-5,21095,-5.875,113.625
1.1123950738923963E-5,21096,-6.125,113.625
1.0236908477386057E-5,21097,-6.375,113.625
3.473035161043215E-5,21098,-6.625,113.625
1.3782893006372475E-5,21099,-6.875,113.625
2.3782098742411627E-5,21100,-7.125,113.625
4.4356642336832914E-5,21101,-7.375,113.625
4.117730075158514E-5,21102,-7.625,113.625
,21103,-7.875,113.625
3.218396879995411E-5,21104,-8.125,113.625
1.4095563452519146E-5,21105,-8.375,113.625
1.5860093648762106E-5,21106,-8.625,113.625
1.0095308250210868E-5,21107,-8.875,113.625
9.426735463996662E-6,21108,-9.125,113.625
3.456160618002013E-6,21109,-9.375,113.625
8.179441963042409E-6,21110,-9.625,113.625
-7.23004917177141E-7,21111,-9.875,113.625
,21112,-10.125,113.625
9.932044292695646E-6,21113,-10.375,113.625
2.2497502792222487E-5,21114,-10.625,113.625
4.534352638310459E-6,21115,-10.875,113.625
9.470519163646283E-6,21116,-11.125,113.625
1.0370040156438412E-5,21117,-11.375,113.625
8.159276853889114E-6,21118,-11.625,113.625
9.721484922410809E-6,21119,-11.875,113.625
5.489431011403444E-5,21120,31.875,113.875
6.576758263292443E-5,21121,31.625,113.875
6.690585036827686E-5,21122,31.375,113.875
5.309270125214156E-5,21123,31.125,113.875
4.792318137943597E-5,21124,30.875,113.875
,21125,30.625,113.875
,21126,30.375,113.875
,21127,30.125,113.875
,21128,29.875,113.875
,21129,29.625,113.875
,21130,29.375,113.875
,21131,29.125,113.875
,21132,28.875,113.875
,21133,28.625,113.875
,21134,28.375,113.875
,21135,28.125,113.875
,21136,27.875,113.875
,21137,27.625,113.875
,21138,27.375,113.875
,21139,27.125,113.875
,21140,26.875,113.875
,21141,26.625,113.875
,21142,26.375,113.875
,21143,26.125,113.875
,21144,25.875,113.875
,21145,25.625,113.875
,21146,25.375,113.875
,21147,25.125,113.875
,21148,24.875,113.875
,21149,24.625,113.875
,21150,24.375,113.875
,21151,24.125,113.875
,21152,23.875,113.875
,21153,23.625,113.875
,21154,23.375,113.875
,21155,23.125,113.875
,21156,22.875,113.875
,21157,22.625,113.875
,21158,22.375,113.875
,21159,22.125,113.875
,21160,21.875,113.875
,21161,21.625,113.875
3.098330840793437E-5,21162,21.375,113.875
2.4528556391184488E-5,21163,21.125,113.875
1.8285418234445423E-5,21164,20.875,113.875
1.5584248741829335E-5,21165,20.625,113.875
1.428728115855242E-5,21166,20.375,113.875
1.2634918532890649E-5,21167,20.125,113.875
1.0480585470674208E-5,21168,19.875,113.875
1.062892992529274E-5,21169,19.625,113.875
8.014010495587626E-6,21170,19.375,113.875
6.572669453954952E-6,21171,19.125,113.875
8.324371565761918E-6,21172,18.875,113.875
6.667574729121891E-6,21173,18.625,113.875
8.788160482905349E-6,21174,18.375,113.875
1.3874245042045086E-5,21175,18.125,113.875
7.1375362339776584E-6,21176,17.875,113.875
1.3844849339343993E-5,21177,17.625,113.875
1.3593829288377574E-5,21178,17.375,113.875
1.1382640264866731E-5,21179,17.125,113.875
1.0180123014839427E-5,21180,16.875,113.875
1.1460200232900487E-5,21181,16.625,113.875
1.1365475868561126E-5,21182,16.375,113.875
1.0511699472489229E-5,21183,16.125,113.875
1.0611040075903783E-5,21184,15.875,113.875
1.0929874909858574E-5,21185,15.625,113.875
8.543174185486269E-6,21186,15.375,113.875
7.83702732556764E-6,21187,15.125,113.875
1.2753013523985752E-5,21188,14.875,113.875
9.589093782803608E-6,21189,14.625,113.875
9.666253195612289E-6,21190,14.375,113.875
1.3099337405722627E-5,21191,14.125,113.875
1.0955022460898112E-5,21192,13.875,113.875
1.1608765332510978E-5,21193,13.625,113.875
9.622646337980121E-6,21194,13.375,113.875
1.0890799053404443E-5,21195,13.125,113.875
1.2274797384602711E-5,21196,12.875,113.875
1.131651364435808E-5,21197,12.625,113.875
8.651648329312768E-6,21198,12.375,113.875
1.1008839418952037E-5,21199,12.125,113.875
9.541704915508568E-6,21200,11.875,113.875
7.080804780340427E-6,21201,11.625,113.875
7.828830729394126E-6,21202,11.375,113.875
6.547328418232786E-6,21203,11.125,113.875
6.605658535160071E-6,21204,10.875,113.875
1.0147875810061373E-5,21205,10.625,113.875
6.017671448073263E-6,21206,10.375,113.875
7.753007225757692E-6,21207,10.125,113.875
9.430446227817137E-6,21208,9.875,113.875
9.211254492799886E-6,21209,9.625,113.875
1.012614974379038E-5,21210,9.375,113.875
1.0297980503389067E-5,21211,9.125,113.875
4.456642064437747E-6,21212,8.875,113.875
6.758315677255129E-6,21213,8.625,113.875
6.583193568154764E-6,21214,8.375,113.875
7.998925260776885E-6,21215,8.125,113.875
8.403139136772715E-6,21216,7.875,113.875
9.33024616624524E-6,21217,7.625,113.875
9.44908167228897E-6,21218,7.375,113.875
1.1040044362827249E-5,21219,7.125,113.875
1.538005034726244E-5,21220,6.875,113.875
1.0653013223789462E-5,21221,6.625,113.875
1.272096425436852E-5,21222,6.375,113.875
1.3516179144881339E-5,21223,6.125,113.875
9.891828088761274E-6,21224,5.875,113.875
1.1993380844446844E-5,21225,5.625,113.875
4.337755369646319E-6,21226,5.375,113.875
1.0911074232406525E-5,21227,5.125,113.875
1.3043383458496149E-5,21228,4.875,113.875
1.742554197310111E-5,21229,4.625,113.875
1.6257734887323928E-5,21230,4.375,113.875
1.0607291314412251E-5,21231,4.125,113.875
,21232,3.875,113.875
,21233,3.625,113.875
,21234,3.375,113.875
,21235,3.125,113.875
2.0681425693757473E-5,21236,2.875,113.875
5.979925459926331E-7,21237,2.625,113.875
6.719091585990583E-8,21238,2.375,113.875
,21239,2.125,113.875
,21240,1.875,113.875
3.3778311805371394E-7,21241,1.625,113.875
-7.514350394495655E-7,21242,1.375,113.875
6.6110301624435325E-6,21243,1.125,113.875
,21244,0.875,113.875
9.593297207644694E-6,21245,0.625,113.875
1.2573526329009323E-5,21246,0.375,113.875
9.353755578204236E-6,21247,0.125,113.875
9.538937298137897E-6,21248,-0.125,113.875
1.2988886240585731E-5,21249,-0.375,113.875
8.965520359808287E-6,21250,-0.625,113.875
1.592573957446151E-5,21251,-0.875,113.875
,21252,-1.125,113.875
,21253,-1.375,113.875
,21254,-1.625,113.875
,21255,-1.875,113.875
,21256,-2.125,113.875
,21257,-2.375,113.875
,21258,-2.625,113.875
,21259,-2.875,113.875
,21260,-3.125,113.875
,21261,-3.375,113.875
,21262,-3.625,113.875
,21263,-3.875,113.875
,21264,-4.125,113.875
1.1470207704007189E-5,21265,-4.375,113.875
9.838025625118755E-6,21266,-4.625,113.875
1.225203434468129E-5,21267,-4.875,113.875
1.655771325362138E-5,21268,-5.125,113.875
1.194681302159369E-5,21269,-5.375,113.875
1.1507003321845024E-5,21270,-5.625,113.875
1.0662133993266646E-5,21271,-5.875,113.875
1.5462692514690333E-5,21272,-6.125,113.875
1.3856466498932959E-5,21273,-6.375,113.875
7.302409894762132E-6,21274,-6.625,113.875
,21275,-6.875,113.875
,21276,-7.125,113.875
3.277534429304376E-5,21277,-7.375,113.875
3.569985227326885E-5,21278,-7.625,113.875
,21279,-7.875,113.875
9.643381454554512E-6,21280,-8.125,113.875
5.732271621309579E-6,21281,-8.375,113.875
6.160453202147738E-6,21282,-8.625,113.875
1.5562610203683834E-5,21283,-8.875,113.875
-2.450826328943594E-6,21284,-9.125,113.875
7.986077210375398E-6,21285,-9.375,113.875
9.075007120851076E-6,21286,-9.625,113.875
3.2087305908895096E-6,21287,-9.875,113.875
1.1628753697355542E-5,21288,-10.125,113.875
8.129718296672858E-6,21289,-10.375,113.875
,21290,-10.625,113.875
,21291,-10.875,113.875
,21292,-11.125,113.875
3.987357576346099E-6,21293,-11.375,113.875
,21294,-11.625,113.875
,21295,-11.875,113.875
4.6572112459078956E-5,21296,31.875,114.125
5.4645465197026506E-5,21297,31.625,114.125
5.201530212342383E-5,21298,31.375,114.125
4.456649925917906E-5,21299,31.125,114.125
4.2126606352535025E-5,21300,30.875,114.125
,21301,30.625,114.125
,21302,30.375,114.125
,21303,30.125,114.125
,21304,29.875,114.125
,21305,29.625,114.125
,21306,29.375,114.125
,21307,29.125,114.125
,21308,28.875,114.125
,21309,28.625,114.125
,21310,28.375,114.125
,21311,28.125,114.125
,21312,27.875,114.125
,21313,27.625,114.125
,21314,27.375,114.125
,21315,27.125,114.125
,21316,26.875,114.125
,21317,26.625,114.125
,21318,26.375,114.125
,21319,26.125,114.125
,21320,25.875,114.125
,21321,25.625,114.125
,21322,25.375,114.125
,21323,25.125,114.125
,21324,24.875,114.125
,21325,24.625,114.125
,21326,24.375,114.125
,21327,24.125,114.125
,21328,23.875,114.125
,21329,23.625,114.125
,21330,23.375,114.125
,21331,23.125,114.125
,21332,22.875,114.125
,21333,22.625,114.125
,21334,22.375,114.125
,21335,22.125,114.125
,21336,21.875,114.125
,21337,21.625,114.125
2.4270406390218518E-5,21338,21.375,114.125
2.7667855979048202E-5,21339,21.125,114.125
1.5408208473771204E-5,21340,20.875,114.125
1.9017437915154898E-5,21341,20.625,114.125
1.4352317688975294E-5,21342,20.375,114.125
1.1713223609045959E-5,21343,20.125,114.125
1.1569292788458924E-5,21344,19.875,114.125
1.1024431205953244E-5,21345,19.625,114.125
7.111605840193641E-6,21346,19.375,114.125
7.707635326175049E-6,21347,19.125,114.125
7.39518690419721E-6,21348,18.875,114.125
1.238695884027254E-5,21349,18.625,114.125
1.4330577057100373E-5,21350,18.375,114.125
8.354475516999716E-6,21351,18.125,114.125
1.3090986776280343E-5,21352,17.875,114.125
1.37783918841052E-5,21353,17.625,114.125
8.451219170676077E-6,21354,17.375,114.125
7.882122244666751E-6,21355,17.125,114.125
1.248841507582294E-5,21356,16.875,114.125
1.1155661001232913E-5,21357,16.625,114.125
1.3569780039841837E-5,21358,16.375,114.125
1.1882954875858406E-5,21359,16.125,114.125
1.2831173054573548E-5,21360,15.875,114.125
8.742146728566971E-6,21361,15.625,114.125
9.961206047973246E-6,21362,15.375,114.125
1.286486220096306E-5,21363,15.125,114.125
1.0908275826945161E-5,21364,14.875,114.125
1.2150024699030563E-5,21365,14.625,114.125
9.834441818281809E-6,21366,14.375,114.125
1.1181816595579933E-5,21367,14.125,114.125
7.54094790476815E-6,21368,13.875,114.125
1.477170926093806E-5,21369,13.625,114.125
7.543819201833793E-6,21370,13.375,114.125
1.1342696536657558E-5,21371,13.125,114.125
1.1767441981412889E-5,21372,12.875,114.125
1.1345953037916399E-5,21373,12.625,114.125
1.1508073063975428E-5,21374,12.375,114.125
8.300667253573168E-6,21375,12.125,114.125
1.1384883334234016E-5,21376,11.875,114.125
7.847957417020318E-6,21377,11.625,114.125
9.041482885740842E-6,21378,11.375,114.125
8.57481150298409E-6,21379,11.125,114.125
6.136663174157513E-6,21380,10.875,114.125
5.1365573421525E-6,21381,10.625,114.125
8.750422414280779E-6,21382,10.375,114.125
9.15023558262915E-6,21383,10.125,114.125
9.7691965042643E-6,21384,9.875,114.125
1.0193063952389756E-5,21385,9.625,114.125
9.6074789430788E-6,21386,9.375,114.125
1.0333707723514E-5,21387,9.125,114.125
1.0987679448199494E-5,21388,8.875,114.125
7.554282146596846E-6,21389,8.625,114.125
7.537622689566912E-6,21390,8.375,114.125
9.121537374512462E-6,21391,8.125,114.125
8.51173299706667E-6,21392,7.875,114.125
3.4391433006124236E-6,21393,7.625,114.125
9.073855392235244E-6,21394,7.375,114.125
6.524666608327519E-6,21395,7.125,114.125
1.2087296474403451E-5,21396,6.875,114.125
9.66953104460434E-6,21397,6.625,114.125
1.1480445031092175E-5,21398,6.375,114.125
1.0632416839425721E-5,21399,6.125,114.125
1.1371999850894448E-5,21400,5.875,114.125
1.5637009286144776E-5,21401,5.625,114.125
9.72627347984381E-6,21402,5.375,114.125
1.952346361279014E-5,21403,5.125,114.125
1.8254193006942122E-5,21404,4.875,114.125
1.888282390856363E-5,21405,4.625,114.125
,21406,4.375,114.125
,21407,4.125,114.125
,21408,3.875,114.125
5.420392876473605E-6,21409,3.625,114.125
1.540063878272155E-5,21410,3.375,114.125
8.946503743315499E-6,21411,3.125,114.125
1.2635093139508281E-5,21412,2.875,114.125
4.281257452449577E-6,21413,2.625,114.125
,21414,2.375,114.125
6.98125425549919E-6,21415,2.125,114.125
,21416,1.875,114.125
,21417,1.625,114.125
,21418,1.375,114.125
6.0260183749864626E-6,21419,1.125,114.125
1.1001425994200152E-5,21420,0.875,114.125
-5.274237616950901E-7,21421,0.625,114.125
,21422,0.375,114.125
8.525473286755231E-6,21423,0.125,114.125
1.4317268227747537E-5,21424,-0.125,114.125
9.587729182243303E-6,21425,-0.375,114.125
1.5009717399972547E-5,21426,-0.625,114.125
1.4460307481459872E-5,21427,-0.875,114.125
7.865900592778627E-6,21428,-1.125,114.125
1.0675225885134357E-5,21429,-1.375,114.125
6.697515006376267E-6,21430,-1.625,114.125
,21431,-1.875,114.125
1.0406617785475996E-5,21432,-2.125,114.125
9.055902041198869E-6,21433,-2.375,114.125
8.668885644426969E-6,21434,-2.625,114.125
,21435,-2.875,114.125
,21436,-3.125,114.125
,21437,-3.375,114.125
,21438,-3.625,114.125
,21439,-3.875,114.125
,21440,-4.125,114.125
1.1106327520295195E-5,21441,-4.375,114.125
1.349274085105246E-5,21442,-4.625,114.125
1.4780595309419994E-5,21443,-4.875,114.125
1.5341065260135648E-5,21444,-5.125,114.125
1.2498630140312978E-5,21445,-5.375,114.125
1.1635635202572466E-5,21446,-5.625,114.125
1.2533518419899564E-5,21447,-5.875,114.125
1.697501401098625E-5,21448,-6.125,114.125
1.6098316243463373E-5,21449,-6.375,114.125
2.994418368486139E-5,21450,-6.625,114.125
,21451,-6.875,114.125
,21452,-7.125,114.125
2.287935946852822E-5,21453,-7.375,114.125
2.7253440232657174E-5,21454,-7.625,114.125
5.559376268775696E-6,21455,-7.875,114.125
6.106876050005773E-6,21456,-8.125,114.125
,21457,-8.375,114.125
,21458,-8.625,114.125
2.860429928320051E-5,21459,-8.875,114.125
-2.8507930380035226E-6,21460,-9.125,114.125
8.35833907904386E-6,21461,-9.375,114.125
1.249943811259277E-5,21462,-9.625,114.125
1.1319840609904668E-5,21463,-9.875,114.125
6.081999371266733E-6,21464,-10.125,114.125
9.440093832365517E-6,21465,-10.375,114.125
,21466,-10.625,114.125
,21467,-10.875,114.125
,21468,-11.125,114.125
,21469,-11.375,114.125
,21470,-11.625,114.125
,21471,-11.875,114.125
4.7596567152931115E-5,21472,31.875,114.375
4.76020591550544E-5,21473,31.625,114.375
5.585733181216863E-5,21474,31.375,114.375
4.7765984300598345E-5,21475,31.125,114.375
4.614665358990422E-5,21476,30.875,114.375
,21477,30.625,114.375
,21478,30.375,114.375
,21479,30.125,114.375
,21480,29.875,114.375
,21481,29.625,114.375
,21482,29.375,114.375
,21483,29.125,114.375
,21484,28.875,114.375
,21485,28.625,114.375
,21486,28.375,114.375
,21487,28.125,114.375
,21488,27.875,114.375
,21489,27.625,114.375
,21490,27.375,114.375
,21491,27.125,114.375
,21492,26.875,114.375
,21493,26.625,114.375
,21494,26.375,114.375
,21495,26.125,114.375
,21496,25.875,114.375
,21497,25.625,114.375
,21498,25.375,114.375
,21499,25.125,114.375
,21500,24.875,114.375
,21501,24.625,114.375
,21502,24.375,114.375
,21503,24.125,114.375
,21504,23.875,114.375
,21505,23.625,114.375
,21506,23.375,114.375
,21507,23.125,114.375
,21508,22.875,114.375
,21509,22.625,114.375
,21510,22.375,114.375
,21511,22.125,114.375
,21512,21.875,114.375
,21513,21.625,114.375
2.4270406535618645E-5,21514,21.375,114.375
2.1357199271481937E-5,21515,21.125,114.375
1.790388796256426E-5,21516,20.875,114.375
1.8776557725982742E-5,21517,20.625,114.375
1.1939981522699282E-5,21518,20.375,114.375
1.3478658085926124E-5,21519,20.125,114.375
1.3132619321831323E-5,21520,19.875,114.375
1.2609315167826542E-5,21521,19.625,114.375
7.564850335779512E-6,21522,19.375,114.375
8.540791762755568E-6,21523,19.125,114.375
1.1632292129178808E-5,21524,18.875,114.375
1.58103472666289E-5,21525,18.625,114.375
,21526,18.375,114.375
1.1941174072551585E-5,21527,18.125,114.375
1.0817630671747182E-5,21528,17.875,114.375
1.7136813872884644E-5,21529,17.625,114.375
1.0010603752617734E-5,21530,17.375,114.375
1.0911742480081047E-5,21531,17.125,114.375
1.4090938367285852E-5,21532,16.875,114.375
1.0757618825845661E-5,21533,16.625,114.375
1.0864996093856417E-5,21534,16.375,114.375
9.648220046355431E-6,21535,16.125,114.375
6.8697930896068505E-6,21536,15.875,114.375
9.110677483534588E-6,21537,15.625,114.375
1.1515181368746533E-5,21538,15.375,114.375
6.9122622588850605E-6,21539,15.125,114.375
1.1239004940535808E-5,21540,14.875,114.375
9.268888008179363E-6,21541,14.625,114.375
1.1756187979988579E-5,21542,14.375,114.375
1.2900627149082978E-5,21543,14.125,114.375
9.908495830954522E-6,21544,13.875,114.375
9.167042128560782E-6,21545,13.625,114.375
1.3618084713499252E-5,21546,13.375,114.375
1.164487571788289E-5,21547,13.125,114.375
1.46259513358916E-5,21548,12.875,114.375
1.1389830536205692E-5,21549,12.625,114.375
1.0874504000618212E-5,21550,12.375,114.375
1.077277897169641E-5,21551,12.125,114.375
1.0649578255949762E-5,21552,11.875,114.375
7.793440812154843E-6,21553,11.625,114.375
9.232606854817156E-6,21554,11.375,114.375
5.969887592453356E-6,21555,11.125,114.375
5.978783493052725E-6,21556,10.875,114.375
9.220220413376881E-6,21557,10.625,114.375
9.602396919924271E-6,21558,10.375,114.375
7.3969706671146655E-6,21559,10.125,114.375
8.001135454920541E-6,21560,9.875,114.375
1.0384460249227416E-5,21561,9.625,114.375
9.031168393375884E-6,21562,9.375,114.375
7.462969362994926E-6,21563,9.125,114.375
1.0111588923521705E-5,21564,8.875,114.375
8.937101108993281E-6,21565,8.625,114.375
1.4213021628772449E-5,21566,8.375,114.375
8.298419317042593E-6,21567,8.125,114.375
5.285023913864755E-6,21568,7.875,114.375
6.32723105148578E-6,21569,7.625,114.375
1.1206914192930874E-5,21570,7.375,114.375
9.009752672363391E-6,21571,7.125,114.375
1.0037644503820873E-5,21572,6.875,114.375
1.31393740073398E-5,21573,6.625,114.375
8.690048636627774E-6,21574,6.375,114.375
1.2317253633233779E-5,21575,6.125,114.375
1.251376921943996E-5,21576,5.875,114.375
1.7139222107746874E-5,21577,5.625,114.375
9.43817791440153E-6,21578,5.375,114.375
1.8541135345011695E-5,21579,5.125,114.375
1.3705304737406686E-5,21580,4.875,114.375
1.7508526504271786E-5,21581,4.625,114.375
,21582,4.375,114.375
,21583,4.125,114.375
,21584,3.875,114.375
5.420392914827872E-6,21585,3.625,114.375
8.56609148991991E-6,21586,3.375,114.375
2.5875733264472275E-6,21587,3.125,114.375
1.4841018424930908E-5,21588,2.875,114.375
8.929922198554448E-6,21589,2.625,114.375
,21590,2.375,114.375
,21591,2.125,114.375
,21592,1.875,114.375
4.060597553192991E-8,21593,1.625,114.375
6.893329501566689E-6,21594,1.375,114.375
1.0849375121017835E-5,21595,1.125,114.375
1.1076004907590434E-5,21596,0.875,114.375
8.898738048835633E-6,21597,0.625,114.375
,21598,0.375,114.375
,21599,0.125,114.375
,21600,-0.125,114.375
6.582954699574856E-6,21601,-0.375,114.375
8.86961521431798E-6,21602,-0.625,114.375
1.5074065322710669E-5,21603,-0.875,114.375
9.7215657669947E-6,21604,-1.125,114.375
9.473261152359483E-6,21605,-1.375,114.375
1.7348307103379914E-5,21606,-1.625,114.375
,21607,-1.875,114.375
-4.063639132377167E-6,21608,-2.125,114.375
1.1022078122781035E-5,21609,-2.375,114.375
8.397371207006867E-6,21610,-2.625,114.375
,21611,-2.875,114.375
,21612,-3.125,114.375
,21613,-3.375,114.375
,21614,-3.625,114.375
,21615,-3.875,114.375
,21616,-4.125,114.375
,21617,-4.375,114.375
,21618,-4.625,114.375
,21619,-4.875,114.375
,21620,-5.125,114.375
,21621,-5.375,114.375
1.2929437442176101E-5,21622,-5.625,114.375
7.261613448830292E-6,21623,-5.875,114.375
1.067776866211109E-5,21624,-6.125,114.375
1.8654658354600428E-5,21625,-6.375,114.375
1.775264220459624E-5,21626,-6.625,114.375
,21627,-6.875,114.375
,21628,-7.125,114.375
1.7322598170407617E-5,21629,-7.375,114.375
2.4305850115552804E-5,21630,-7.625,114.375
,21631,-7.875,114.375
,21632,-8.125,114.375
,21633,-8.375,114.375
,21634,-8.625,114.375
2.5240394741043614E-6,21635,-8.875,114.375
8.806659375857986E-6,21636,-9.125,114.375
8.107779098121298E-6,21637,-9.375,114.375
4.144684860861392E-6,21638,-9.625,114.375
8.279966521727007E-6,21639,-9.875,114.375
1.2873070789600132E-5,21640,-10.125,114.375
7.03012665089794E-6,21641,-10.375,114.375
6.973301452034851E-6,21642,-10.625,114.375
3.7730193909530874E-6,21643,-10.875,114.375
,21644,-11.125,114.375
-2.099211803974915E-5,21645,-11.375,114.375
-7.881489630049634E-6,21646,-11.625,114.375
1.9826772164339273E-7,21647,-11.875,114.375
5.734943499695387E-5,21648,31.875,114.625
5.627279369823038E-5,21649,31.625,114.625
5.2472981491683434E-5,21650,31.375,114.625
5.801653411492197E-5,21651,31.125,114.625
,21652,30.875,114.625
,21653,30.625,114.625
,21654,30.375,114.625
,21655,30.125,114.625
,21656,29.875,114.625
,21657,29.625,114.625
,21658,29.375,114.625
,21659,29.125,114.625
,21660,28.875,114.625
,21661,28.625,114.625
,21662,28.375,114.625
,21663,28.125,114.625
,21664,27.875,114.625
,21665,27.625,114.625
,21666,27.375,114.625
,21667,27.125,114.625
,21668,26.875,114.625
,21669,26.625,114.625
,21670,26.375,114.625
,21671,26.125,114.625
,21672,25.875,114.625
,21673,25.625,114.625
,21674,25.375,114.625
,21675,25.125,114.625
,21676,24.875,114.625
,21677,24.625,114.625
,21678,24.375,114.625
,21679,24.125,114.625
,21680,23.875,114.625
,21681,23.625,114.625
,21682,23.375,114.625
,21683,23.125,114.625
,21684,22.875,114.625
,21685,22.625,114.625
,21686,22.375,114.625
,21687,22.125,114.625
,21688,21.875,114.625
,21689,21.625,114.625
,21690,21.375,114.625
,21691,21.125,114.625
2.053856403225973E-5,21692,20.875,114.625
1.620591175194257E-5,21693,20.625,114.625
1.5680474793280286E-5,21694,20.375,114.625
9.56055019448901E-6,21695,20.125,114.625
1.1495162298365498E-5,21696,19.875,114.625
1.0968318300552837E-5,21697,19.625,114.625
1.2015719679846766E-5,21698,19.375,114.625
1.091156866532155E-5,21699,19.125,114.625
1.2189593720301784E-5,21700,18.875,114.625
1.231416906051103E-5,21701,18.625,114.625
1.4482826584924032E-5,21702,18.375,114.625
1.1498448729971076E-5,21703,18.125,114.625
1.628431164984893E-5,21704,17.875,114.625
1.18765343835087E-5,21705,17.625,114.625
1.1061343773433763E-5,21706,17.375,114.625
1.4514398585516814E-5,21707,17.125,114.625
1.2275086685056921E-5,21708,16.875,114.625
9.831035834169697E-6,21709,16.625,114.625
1.5244886304266502E-5,21710,16.375,114.625
1.3023766782677462E-5,21711,16.125,114.625
7.564631661824359E-6,21712,15.875,114.625
1.1331595919700588E-5,21713,15.625,114.625
7.892948616942959E-6,21714,15.375,114.625
1.1986405599030372E-5,21715,15.125,114.625
1.1110095085721435E-5,21716,14.875,114.625
1.2235660937027983E-5,21717,14.625,114.625
1.270377806545267E-5,21718,14.375,114.625
8.975983116715704E-6,21719,14.125,114.625
8.100518411390866E-6,21720,13.875,114.625
6.535338011881111E-6,21721,13.625,114.625
1.1330837014667618E-5,21722,13.375,114.625
1.1708744347033075E-5,21723,13.125,114.625
6.511540588468891E-6,21724,12.875,114.625
1.1623307849868356E-5,21725,12.625,114.625
1.2053424302084929E-5,21726,12.375,114.625
9.338250516239315E-6,21727,12.125,114.625
1.177386074963263E-5,21728,11.875,114.625
8.151144148357315E-6,21729,11.625,114.625
1.0618655434491643E-5,21730,11.375,114.625
7.164216822821806E-6,21731,11.125,114.625
9.319587944130464E-6,21732,10.875,114.625
8.321995790859707E-6,21733,10.625,114.625
6.949695418185523E-6,21734,10.375,114.625
8.758101021542866E-6,21735,10.125,114.625
7.800514780450099E-6,21736,9.875,114.625
9.270483601333801E-6,21737,9.625,114.625
1.2338250944518325E-5,21738,9.375,114.625
8.855384956888134E-6,21739,9.125,114.625
1.267168899436792E-5,21740,8.875,114.625
1.2213166441311656E-5,21741,8.625,114.625
8.574490146227033E-6,21742,8.375,114.625
7.538348200494323E-6,21743,8.125,114.625
9.44849740573254E-6,21744,7.875,114.625
9.370215537955205E-6,21745,7.625,114.625
1.5060699013488073E-5,21746,7.375,114.625
8.963982969781745E-6,21747,7.125,114.625
1.2813130502280448E-5,21748,6.875,114.625
1.3081587939609387E-5,21749,6.625,114.625
1.2601316149657821E-5,21750,6.375,114.625
5.596623787837119E-6,21751,6.125,114.625
1.4460791043354146E-5,21752,5.875,114.625
1.642045285506463E-5,21753,5.625,114.625
9.227887828077329E-6,21754,5.375,114.625
1.6283056115013765E-5,21755,5.125,114.625
1.7658720851387742E-5,21756,4.875,114.625
3.190174980801399E-5,21757,4.625,114.625
2.0859501063547656E-5,21758,4.375,114.625
,21759,4.125,114.625
5.925677847217339E-6,21760,3.875,114.625
1.237708380950361E-5,21761,3.625,114.625
4.661738070881254E-6,21762,3.375,114.625
1.4395667529012613E-5,21763,3.125,114.625
6.778279192786891E-6,21764,2.875,114.625
9.805808103083282E-6,21765,2.625,114.625
,21766,2.375,114.625
,21767,2.125,114.625
,21768,1.875,114.625
,21769,1.625,114.625
1.5997236363083934E-6,21770,1.375,114.625
1.8725822345035035E-5,21771,1.125,114.625
1.3372971631712836E-5,21772,0.875,114.625
,21773,0.625,114.625
,21774,0.375,114.625
,21775,0.125,114.625
,21776,-0.125,114.625
1.099862314906593E-5,21777,-0.375,114.625
1.1566394196561734E-5,21778,-0.625,114.625
1.0509541806481728E-5,21779,-0.875,114.625
,21780,-1.125,114.625
1.1129549433272036E-5,21781,-1.375,114.625
6.49246074903509E-6,21782,-1.625,114.625
1.2170017310431014E-5,21783,-1.875,114.625
1.1722008776299864E-5,21784,-2.125,114.625
1.0177160817371346E-5,21785,-2.375,114.625
6.591140856430961E-6,21786,-2.625,114.625
,21787,-2.875,114.625
,21788,-3.125,114.625
,21789,-3.375,114.625
,21790,-3.625,114.625
,21791,-3.875,114.625
,21792,-4.125,114.625
,21793,-4.375,114.625
1.679909566490074E-5,21794,-4.625,114.625
2.122196974822047E-5,21795,-4.875,114.625
,21796,-5.125,114.625
,21797,-5.375,114.625
,21798,-5.625,114.625
,21799,-5.875,114.625
,21800,-6.125,114.625
1.1740659033616087E-5,21801,-6.375,114.625
2.16216133830888E-5,21802,-6.625,114.625
,21803,-6.875,114.625
,21804,-7.125,114.625
1.2300750617892201E-5,21805,-7.375,114.625
2.3344434490849704E-5,21806,-7.625,114.625
,21807,-7.875,114.625
,21808,-8.125,114.625
,21809,-8.375,114.625
,21810,-8.625,114.625
3.502275672383994E-6,21811,-8.875,114.625
6.277414676407339E-6,21812,-9.125,114.625
7.4022933024835735E-6,21813,-9.375,114.625
7.2616189540006505E-6,21814,-9.625,114.625
1.0279625489839303E-5,21815,-9.875,114.625
1.0798871701958692E-5,21816,-10.125,114.625
-5.058332971514819E-6,21817,-10.375,114.625
4.2447514554158375E-6,21818,-10.625,114.625
2.4584722534052094E-6,21819,-10.875,114.625
7.535569041624833E-6,21820,-11.125,114.625
2.2414509083501264E-6,21821,-11.375,114.625
3.831199734313597E-6,21822,-11.625,114.625
-1.756181734305024E-6,21823,-11.875,114.625
5.554970363567728E-5,21824,31.875,114.875
5.150238011344774E-5,21825,31.625,114.875
5.265574488317768E-5,21826,31.375,114.875
4.6324254359960055E-5,21827,31.125,114.875
4.66494985915505E-5,21828,30.875,114.875
,21829,30.625,114.875
,21830,30.375,114.875
,21831,30.125,114.875
,21832,29.875,114.875
,21833,29.625,114.875
,21834,29.375,114.875
,21835,29.125,114.875
,21836,28.875,114.875
,21837,28.625,114.875
,21838,28.375,114.875
,21839,28.125,114.875
,21840,27.875,114.875
,21841,27.625,114.875
,21842,27.375,114.875
,21843,27.125,114.875
,21844,26.875,114.875
,21845,26.625,114.875
,21846,26.375,114.875
,21847,26.125,114.875
,21848,25.875,114.875
,21849,25.625,114.875
,21850,25.375,114.875
,21851,25.125,114.875
,21852,24.875,114.875
,21853,24.625,114.875
,21854,24.375,114.875
,21855,24.125,114.875
,21856,23.875,114.875
,21857,23.625,114.875
,21858,23.375,114.875
,21859,23.125,114.875
,21860,22.875,114.875
,21861,22.625,114.875
,21862,22.375,114.875
,21863,22.125,114.875
,21864,21.875,114.875
,21865,21.625,114.875
,21866,21.375,114.875
,21867,21.125,114.875
,21868,20.875,114.875
1.4259313907859831E-5,21869,20.625,114.875
1.4914894596421137E-5,21870,20.375,114.875
1.4207146873918719E-5,21871,20.125,114.875
1.3484780374702663E-5,21872,19.875,114.875
1.0512577483686948E-5,21873,19.625,114.875
1.531455086130506E-5,21874,19.375,114.875
1.3958858975759735E-5,21875,19.125,114.875
9.597518070841728E-6,21876,18.875,114.875
1.7307368941577337E-5,21877,18.625,114.875
1.2321108594247431E-5,21878,18.375,114.875
1.8433618782691012E-5,21879,18.125,114.875
1.3343740064483739E-5,21880,17.875,114.875
1.278953760167506E-5,21881,17.625,114.875
1.2817667245696181E-5,21882,17.375,114.875
1.4179204348642795E-5,21883,17.125,114.875
1.4903140412617452E-5,21884,16.875,114.875
1.3224250885384762E-5,21885,16.625,114.875
1.2123861186968053E-5,21886,16.375,114.875
1.623312894336957E-5,21887,16.125,114.875
1.1476872906044156E-5,21888,15.875,114.875
1.4834192377693823E-5,21889,15.625,114.875
1.2787988048806107E-5,21890,15.375,114.875
1.3817981347684331E-5,21891,15.125,114.875
1.1380299433868518E-5,21892,14.875,114.875
1.1458170885195977E-5,21893,14.625,114.875
1.0849153831327815E-5,21894,14.375,114.875
1.1925535674987862E-5,21895,14.125,114.875
9.916511515118556E-6,21896,13.875,114.875
1.0438942665544342E-5,21897,13.625,114.875
1.3429631363853462E-5,21898,13.375,114.875
1.3949428581279794E-5,21899,13.125,114.875
1.2333981509031606E-5,21900,12.875,114.875
1.030471348442462E-5,21901,12.625,114.875
1.1197296176518982E-5,21902,12.375,114.875
9.68944546353269E-6,21903,12.125,114.875
8.179692321100462E-6,21904,11.875,114.875
9.471310243538355E-6,21905,11.625,114.875
9.454734260308796E-6,21906,11.375,114.875
5.102421894201655E-6,21907,11.125,114.875
8.732948198436611E-6,21908,10.875,114.875
7.349591179270338E-6,21909,10.625,114.875
9.203860264473987E-6,21910,10.375,114.875
1.0740411554041164E-5,21911,10.125,114.875
9.905998361209329E-6,21912,9.875,114.875
1.0890943377186968E-5,21913,9.625,114.875
1.0804507165674437E-5,21914,9.375,114.875
9.424519229131661E-6,21915,9.125,114.875
1.2907425344612967E-5,21916,8.875,114.875
1.055332439646558E-5,21917,8.625,114.875
7.1696682539843904E-6,21918,8.375,114.875
1.0618337262554597E-5,21919,8.125,114.875
1.1112949678751125E-5,21920,7.875,114.875
8.591904304294727E-6,21921,7.625,114.875
1.0249256693849E-5,21922,7.375,114.875
9.57313167570292E-6,21923,7.125,114.875
1.0320798065069677E-5,21924,6.875,114.875
6.111304063082271E-6,21925,6.625,114.875
1.0770214252953412E-5,21926,6.375,114.875
8.602287272285023E-6,21927,6.125,114.875
1.8702548695626035E-5,21928,5.875,114.875
1.013223493198442E-5,21929,5.625,114.875
1.0310853076540438E-5,21930,5.375,114.875
1.7098493826706294E-5,21931,5.125,114.875
1.626651162270345E-5,21932,4.875,114.875
2.087274465175882E-5,21933,4.625,114.875
-1.499895574779524E-6,21934,4.375,114.875
1.4788755064551907E-5,21935,4.125,114.875
5.5640058207659795E-6,21936,3.875,114.875
6.137338707349916E-6,21937,3.625,114.875
8.21681812863915E-6,21938,3.375,114.875
1.172182554955007E-5,21939,3.125,114.875
1.0694703168174273E-5,21940,2.875,114.875
,21941,2.625,114.875
,21942,2.375,114.875
3.4313486700841923E-6,21943,2.125,114.875
7.088903023833879E-6,21944,1.875,114.875
3.262439239553407E-6,21945,1.625,114.875
3.5708405281372878E-6,21946,1.375,114.875
8.307394263941802E-6,21947,1.125,114.875
4.66134417275513E-6,21948,0.875,114.875
,21949,0.625,114.875
,21950,0.375,114.875
,21951,0.125,114.875
,21952,-0.125,114.875
,21953,-0.375,114.875
1.0597763888112039E-5,21954,-0.625,114.875
1.1605687652076328E-5,21955,-0.875,114.875
1.5663317702787424E-5,21956,-1.125,114.875
8.541325245391604E-6,21957,-1.375,114.875
9.093137628402975E-6,21958,-1.625,114.875
5.578025103166942E-6,21959,-1.875,114.875
1.0877051785309095E-5,21960,-2.125,114.875
1.1383801996862735E-5,21961,-2.375,114.875
9.702373653140878E-6,21962,-2.625,114.875
,21963,-2.875,114.875
,21964,-3.125,114.875
,21965,-3.375,114.875
,21966,-3.625,114.875
,21967,-3.875,114.875
9.818332723270705E-6,21968,-4.125,114.875
1.1507505512060937E-5,21969,-4.375,114.875
1.021007406958415E-5,21970,-4.625,114.875
2.096324396241104E-5,21971,-4.875,114.875
8.743902304716469E-6,21972,-5.125,114.875
8.22504927765739E-6,21973,-5.375,114.875
1.4403053973289624E-5,21974,-5.625,114.875
8.497273534869858E-6,21975,-5.875,114.875
1.1181563878478878E-5,21976,-6.125,114.875
2.127351394867434E-5,21977,-6.375,114.875
,21978,-6.625,114.875
,21979,-6.875,114.875
,21980,-7.125,114.875
,21981,-7.375,114.875
,21982,-7.625,114.875
2.5840316259109704E-5,21983,-7.875,114.875
2.5840316130838656E-5,21984,-8.125,114.875
,21985,-8.375,114.875
,21986,-8.625,114.875
7.826391576680998E-6,21987,-8.875,114.875
1.1274112793973958E-6,21988,-9.125,114.875
1.0116129318475847E-5,21989,-9.375,114.875
1.4801662772517531E-5,21990,-9.625,114.875
9.683173242335993E-6,21991,-9.875,114.875
1.0472663283737593E-5,21992,-10.125,114.875
4.2793762263762995E-7,21993,-10.375,114.875
6.955918506063845E-6,21994,-10.625,114.875
4.290677534871745E-6,21995,-10.875,114.875
5.556565217723732E-6,21996,-11.125,114.875
6.0449627530099954E-6,21997,-11.375,114.875
1.5952437005385288E-6,21998,-11.625,114.875
4.637031952523274E-6,21999,-11.875,114.875
5.57586156098314E-5,22000,31.875,115.125
4.6080470644841824E-5,22001,31.625,115.125
5.4217233727845996E-5,22002,31.375,115.125
8.284756521943982E-5,22003,31.125,115.125
,22004,30.875,115.125
,22005,30.625,115.125
,22006,30.375,115.125
,22007,30.125,115.125
,22008,29.875,115.125
,22009,29.625,115.125
,22010,29.375,115.125
,22011,29.125,115.125
,22012,28.875,115.125
,22013,28.625,115.125
,22014,28.375,115.125
,22015,28.125,115.125
,22016,27.875,115.125
,22017,27.625,115.125
,22018,27.375,115.125
,22019,27.125,115.125
,22020,26.875,115.125
,22021,26.625,115.125
,22022,26.375,115.125
,22023,26.125,115.125
,22024,25.875,115.125
,22025,25.625,115.125
,22026,25.375,115.125
,22027,25.125,115.125
,22028,24.875,115.125
,22029,24.625,115.125
,22030,24.375,115.125
,22031,24.125,115.125
,22032,23.875,115.125
,22033,23.625,115.125
,22034,23.375,115.125
,22035,23.125,115.125
,22036,22.875,115.125
,22037,22.625,115.125
,22038,22.375,115.125
,22039,22.125,115.125
,22040,21.875,115.125
,22041,21.625,115.125
,22042,21.375,115.125
,22043,21.125,115.125
,22044,20.875,115.125
,22045,20.625,115.125
1.9032244284330608E-5,22046,20.375,115.125
1.5911296398118953E-5,22047,20.125,115.125
1.636479601201883E-5,22048,19.875,115.125
1.2408607272455545E-5,22049,19.625,115.125
1.4061657038342341E-5,22050,19.375,115.125
1.3805671553041052E-5,22051,19.125,115.125
1.7663629402229408E-5,22052,18.875,115.125
1.135516533014565E-5,22053,18.625,115.125
1.518968234952485E-5,22054,18.375,115.125
1.4264906134116408E-5,22055,18.125,115.125
1.568957888509868E-5,22056,17.875,115.125
1.6293126466879905E-5,22057,17.625,115.125
1.5443319784432578E-5,22058,17.375,115.125
1.366324614701731E-5,22059,17.125,115.125
1.171504208526171E-5,22060,16.875,115.125
1.2551109433873898E-5,22061,16.625,115.125
1.339879945086485E-5,22062,16.375,115.125
1.3051861701977457E-5,22063,16.125,115.125
1.502902342789891E-5,22064,15.875,115.125
1.3128521116493414E-5,22065,15.625,115.125
1.4532153997603988E-5,22066,15.375,115.125
1.5060203856348226E-5,22067,15.125,115.125
1.5891635260574776E-5,22068,14.875,115.125
1.2156775246282207E-5,22069,14.625,115.125
1.3300315679986291E-5,22070,14.375,115.125
1.0342780774830301E-5,22071,14.125,115.125
1.0797031385483029E-5,22072,13.875,115.125
1.00751032845578E-5,22073,13.625,115.125
1.0166596047309063E-5,22074,13.375,115.125
9.290647397114173E-6,22075,13.125,115.125
1.2424590904974162E-5,22076,12.875,115.125
1.0400695668065592E-5,22077,12.625,115.125
1.0197098418055685E-5,22078,12.375,115.125
7.321223220267004E-6,22079,12.125,115.125
6.66061319283746E-6,22080,11.875,115.125
7.737973235632234E-6,22081,11.625,115.125
6.683812233433656E-6,22082,11.375,115.125
4.889760952960425E-6,22083,11.125,115.125
6.992203554165092E-6,22084,10.875,115.125
8.049724601023204E-6,22085,10.625,115.125
5.086225723431821E-6,22086,10.375,115.125
1.2576137334541237E-5,22087,10.125,115.125
8.695193140894707E-6,22088,9.875,115.125
8.136020594833742E-6,22089,9.625,115.125
1.2694564399977423E-5,22090,9.375,115.125
1.185201016113851E-5,22091,9.125,115.125
1.6006082864083283E-5,22092,8.875,115.125
2.575031253671461E-5,22093,8.625,115.125
1.0092693544804895E-5,22094,8.375,115.125
1.2977390397156732E-5,22095,8.125,115.125
8.984357822307541E-6,22096,7.875,115.125
1.0153502607075272E-5,22097,7.625,115.125
1.0480377924205183E-5,22098,7.375,115.125
1.2028200769472701E-5,22099,7.125,115.125
1.222923343429982E-5,22100,6.875,115.125
1.0374076683361051E-5,22101,6.625,115.125
9.767552265725794E-6,22102,6.375,115.125
1.5863216735952702E-5,22103,6.125,115.125
1.8075578617926673E-5,22104,5.875,115.125
1.3357832032878331E-5,22105,5.625,115.125
1.3357420444698679E-5,22106,5.375,115.125
1.777005712377502E-5,22107,5.125,115.125
1.6783693297357798E-5,22108,4.875,115.125
2.2050624118152847E-5,22109,4.625,115.125
1.2850829119194947E-5,22110,4.375,115.125
1.03754531693457E-5,22111,4.125,115.125
1.0922656076089013E-5,22112,3.875,115.125
8.440212645046683E-6,22113,3.625,115.125
8.321544152619239E-6,22114,3.375,115.125
6.725493338363894E-6,22115,3.125,115.125
1.1367055419744294E-5,22116,2.875,115.125
9.74340673546477E-6,22117,2.625,115.125
,22118,2.375,115.125
4.166758499248009E-6,22119,2.125,115.125
8.37382218219107E-6,22120,1.875,115.125
4.099621568803475E-6,22121,1.625,115.125
1.3684562219902586E-7,22122,1.375,115.125
6.167864063800837E-6,22123,1.125,115.125
7.50609883469816E-6,22124,0.875,115.125
,22125,0.625,115.125
,22126,0.375,115.125
,22127,0.125,115.125
,22128,-0.125,115.125
,22129,-0.375,115.125
,22130,-0.625,115.125
4.871268742811076E-6,22131,-0.875,115.125
2.3252878540845037E-5,22132,-1.125,115.125
1.083457622103273E-5,22133,-1.375,115.125
-3.783663686605422E-7,22134,-1.625,115.125
1.0546678310894798E-5,22135,-1.875,115.125
9.958858226614572E-6,22136,-2.125,115.125
1.4166199175797083E-5,22137,-2.375,115.125
1.5434196512220245E-5,22138,-2.625,115.125
,22139,-2.875,115.125
,22140,-3.125,115.125
,22141,-3.375,115.125
,22142,-3.625,115.125
,22143,-3.875,115.125
1.1084681675228491E-5,22144,-4.125,115.125
1.0882074447997883E-5,22145,-4.375,115.125
1.7039517199499663E-5,22146,-4.625,115.125
1.1103459713754398E-5,22147,-4.875,115.125
8.627727483024737E-6,22148,-5.125,115.125
1.0236974864932645E-5,22149,-5.375,115.125
1.7275475341411916E-5,22150,-5.625,115.125
1.958151586540371E-5,22151,-5.875,115.125
1.294243506938895E-5,22152,-6.125,115.125
2.752901646848684E-5,22153,-6.375,115.125
3.0481311933613815E-5,22154,-6.625,115.125
,22155,-6.875,115.125
,22156,-7.125,115.125
,22157,-7.375,115.125
,22158,-7.625,115.125
,22159,-7.875,115.125
,22160,-8.125,115.125
,22161,-8.375,115.125
,22162,-8.625,115.125
3.7619857974788097E-6,22163,-8.875,115.125
1.2197773723817971E-5,22164,-9.125,115.125
8.87051664268182E-6,22165,-9.375,115.125
1.3254505195376217E-5,22166,-9.625,115.125
8.146292843659164E-6,22167,-9.875,115.125
9.30341067193293E-6,22168,-10.125,115.125
6.048933668917681E-6,22169,-10.375,115.125
6.903559354367945E-6,22170,-10.625,115.125
8.425530738679228E-6,22171,-10.875,115.125
3.057925631863514E-6,22172,-11.125,115.125
2.7708028525780555E-6,22173,-11.375,115.125
7.063974322183084E-6,22174,-11.625,115.125
9.045590119933973E-6,22175,-11.875,115.125
5.268897319154029E-5,22176,31.875,115.375
4.4172931329498266E-5,22177,31.625,115.375
4.616467379863345E-5,22178,31.375,115.375
5.8635673348663045E-5,22179,31.125,115.375
5.441134534207217E-5,22180,30.875,115.375
,22181,30.625,115.375
,22182,30.375,115.375
,22183,30.125,115.375
,22184,29.875,115.375
,22185,29.625,115.375
,22186,29.375,115.375
,22187,29.125,115.375
,22188,28.875,115.375
,22189,28.625,115.375
,22190,28.375,115.375
,22191,28.125,115.375
,22192,27.875,115.375
,22193,27.625,115.375
,22194,27.375,115.375
,22195,27.125,115.375
,22196,26.875,115.375
,22197,26.625,115.375
,22198,26.375,115.375
,22199,26.125,115.375
,22200,25.875,115.375
,22201,25.625,115.375
,22202,25.375,115.375
,22203,25.125,115.375
,22204,24.875,115.375
,22205,24.625,115.375
,22206,24.375,115.375
4.0689144641206296E-5,22207,24.125,115.375
,22208,23.875,115.375
,22209,23.625,115.375
,22210,23.375,115.375
,22211,23.125,115.375
,22212,22.875,115.375
,22213,22.625,115.375
,22214,22.375,115.375
,22215,22.125,115.375
,22216,21.875,115.375
,22217,21.625,115.375
,22218,21.375,115.375
,22219,21.125,115.375
1.692738297236857E-5,22220,20.875,115.375
1.93026701614211E-5,22221,20.625,115.375
1.8099840506851212E-5,22222,20.375,115.375
1.5991217568723264E-5,22223,20.125,115.375
1.428323263970649E-5,22224,19.875,115.375
1.6051681082006574E-5,22225,19.625,115.375
1.5557351751251665E-5,22226,19.375,115.375
1.3657103299026815E-5,22227,19.125,115.375
1.5281014003325075E-5,22228,18.875,115.375
1.5169622758891376E-5,22229,18.625,115.375
1.7702334378741314E-5,22230,18.375,115.375
1.4421640655043794E-5,22231,18.125,115.375
1.5918021621137846E-5,22232,17.875,115.375
1.802181558850051E-5,22233,17.625,115.375
1.6409266595686914E-5,22234,17.375,115.375
1.5664326652491976E-5,22235,17.125,115.375
1.5113259944139182E-5,22236,16.875,115.375
1.4366180450603581E-5,22237,16.625,115.375
1.6108796374514794E-5,22238,16.375,115.375
1.648227998224357E-5,22239,16.125,115.375
1.3270206369946307E-5,22240,15.875,115.375
1.5510510848663757E-5,22241,15.625,115.375
1.969474513790833E-5,22242,15.375,115.375
1.7608410800971736E-5,22243,15.125,115.375
1.6289097679016022E-5,22244,14.875,115.375
1.4593304986954471E-5,22245,14.625,115.375
1.065264026407606E-5,22246,14.375,115.375
1.1985017172275019E-5,22247,14.125,115.375
1.031034252241413E-5,22248,13.875,115.375
1.1718893717240848E-5,22249,13.625,115.375
1.4495623349099088E-5,22250,13.375,115.375
1.403911376401361E-5,22251,13.125,115.375
1.1713985180430383E-5,22252,12.875,115.375
1.2785945383980966E-5,22253,12.625,115.375
1.0346801194239554E-5,22254,12.375,115.375
9.0415645146834E-6,22255,12.125,115.375
1.0157184672675302E-5,22256,11.875,115.375
8.900935598138313E-6,22257,11.625,115.375
1.0155830858015033E-5,22258,11.375,115.375
8.404932056921223E-6,22259,11.125,115.375
4.431611345796238E-6,22260,10.875,115.375
5.399781585015713E-6,22261,10.625,115.375
6.4241612107894685E-6,22262,10.375,115.375
9.962494994734272E-6,22263,10.125,115.375
6.972043141948375E-6,22264,9.875,115.375
1.0506494467389054E-5,22265,9.625,115.375
8.7000477087547E-6,22266,9.375,115.375
1.1136321138252782E-5,22267,9.125,115.375
1.2590364250645432E-5,22268,8.875,115.375
5.039815250571012E-6,22269,8.625,115.375
1.0250041743309308E-5,22270,8.375,115.375
3.5134160060337534E-6,22271,8.125,115.375
1.1312533070508089E-5,22272,7.875,115.375
5.793136074476177E-6,22273,7.625,115.375
6.938973944938218E-6,22274,7.375,115.375
7.8826525156392E-6,22275,7.125,115.375
7.946404789423678E-6,22276,6.875,115.375
3.935720306156047E-6,22277,6.625,115.375
7.459040830942447E-6,22278,6.375,115.375
1.208427495688841E-5,22279,6.125,115.375
9.497491884818044E-6,22280,5.875,115.375
1.225770666323621E-5,22281,5.625,115.375
1.4478136886052982E-5,22282,5.375,115.375
1.0287978678754503E-5,22283,5.125,115.375
1.6849094279394246E-5,22284,4.875,115.375
1.5254489148832917E-5,22285,4.625,115.375
8.63764933036973E-6,22286,4.375,115.375
7.10742973857103E-6,22287,4.125,115.375
8.9246385588433E-6,22288,3.875,115.375
8.066323961934717E-6,22289,3.625,115.375
6.240530116816074E-6,22290,3.375,115.375
6.464427476966957E-6,22291,3.125,115.375
7.000248019573701E-6,22292,2.875,115.375
2.107429262702638E-6,22293,2.625,115.375
1.2506367009439776E-5,22294,2.375,115.375
6.512883039083512E-6,22295,2.125,115.375
3.8596070609576055E-6,22296,1.875,115.375
4.796198060192113E-6,22297,1.625,115.375
6.713620670351111E-6,22298,1.375,115.375
,22299,1.125,115.375
,22300,0.875,115.375
,22301,0.625,115.375
,22302,0.375,115.375
,22303,0.125,115.375
,22304,-0.125,115.375
1.3430013803271055E-5,22305,-0.375,115.375
9.30089049336972E-6,22306,-0.625,115.375
,22307,-0.875,115.375
1.0208574071138028E-5,22308,-1.125,115.375
,22309,-1.375,115.375
9.016842040188501E-6,22310,-1.625,115.375
6.562698286102532E-6,22311,-1.875,115.375
1.5982840685563926E-5,22312,-2.125,115.375
2.5566829693027866E-5,22313,-2.375,115.375
,22314,-2.625,115.375
,22315,-2.875,115.375
7.826236206143462E-6,22316,-3.125,115.375
,22317,-3.375,115.375
,22318,-3.625,115.375
,22319,-3.875,115.375
1.4503934715552107E-5,22320,-4.125,115.375
1.5921927416671602E-5,22321,-4.375,115.375
3.457635687251849E-6,22322,-4.625,115.375
1.5751161425994285E-5,22323,-4.875,115.375
9.380947114450804E-6,22324,-5.125,115.375
1.0103030143565213E-5,22325,-5.375,115.375
,22326,-5.625,115.375
8.791418986573065E-6,22327,-5.875,115.375
1.5454567542875717E-5,22328,-6.125,115.375
1.8790928070270317E-5,22329,-6.375,115.375
1.5912757691800743E-5,22330,-6.625,115.375
,22331,-6.875,115.375
1.3446402849673508E-6,22332,-7.125,115.375
,22333,-7.375,115.375
,22334,-7.625,115.375
,22335,-7.875,115.375
,22336,-8.125,115.375
,22337,-8.375,115.375
,22338,-8.625,115.375
,22339,-8.875,115.375
,22340,-9.125,115.375
1.0956091314607048E-5,22341,-9.375,115.375
1.1300936171295287E-5,22342,-9.625,115.375
1.2718472817804927E-5,22343,-9.875,115.375
5.643282405083237E-6,22344,-10.125,115.375
6.966497566899417E-6,22345,-10.375,115.375
5.339471931936128E-6,22346,-10.625,115.375
7.111925418405527E-6,22347,-10.875,115.375
7.278320036055988E-6,22348,-11.125,115.375
7.254873611546226E-6,22349,-11.375,115.375
9.050318772975393E-6,22350,-11.625,115.375
5.8453249380511305E-6,22351,-11.875,115.375
5.318774623878977E-5,22352,31.875,115.625
5.838537247428714E-5,22353,31.625,115.625
4.898001136744413E-5,22354,31.375,115.625
4.834707195741E-5,22355,31.125,115.625
5.7530657165334404E-5,22356,30.875,115.625
,22357,30.625,115.625
,22358,30.375,115.625
,22359,30.125,115.625
,22360,29.875,115.625
,22361,29.625,115.625
,22362,29.375,115.625
,22363,29.125,115.625
6.21363162063658E-5,22364,28.875,115.625
,22365,28.625,115.625
,22366,28.375,115.625
,22367,28.125,115.625
,22368,27.875,115.625
,22369,27.625,115.625
,22370,27.375,115.625
,22371,27.125,115.625
,22372,26.875,115.625
,22373,26.625,115.625
,22374,26.375,115.625
,22375,26.125,115.625
,22376,25.875,115.625
,22377,25.625,115.625
,22378,25.375,115.625
,22379,25.125,115.625
,22380,24.875,115.625
,22381,24.625,115.625
,22382,24.375,115.625
4.1491264931189E-5,22383,24.125,115.625
,22384,23.875,115.625
,22385,23.625,115.625
,22386,23.375,115.625
,22387,23.125,115.625
,22388,22.875,115.625
,22389,22.625,115.625
,22390,22.375,115.625
,22391,22.125,115.625
,22392,21.875,115.625
,22393,21.625,115.625
,22394,21.375,115.625
,22395,21.125,115.625
1.497538879911499E-5,22396,20.875,115.625
1.77321534504588E-5,22397,20.625,115.625
1.689984453084938E-5,22398,20.375,115.625
1.3277323717886613E-5,22399,20.125,115.625
1.5941675502106408E-5,22400,19.875,115.625
1.4374843666464855E-5,22401,19.625,115.625
1.6649733991844866E-5,22402,19.375,115.625
1.4487677089432467E-5,22403,19.125,115.625
1.6994961373402514E-5,22404,18.875,115.625
1.1026560305511177E-5,22405,18.625,115.625
1.3849005453084045E-5,22406,18.375,115.625
1.7000326269851665E-5,22407,18.125,115.625
1.5102657878760487E-5,22408,17.875,115.625
1.453979329287982E-5,22409,17.625,115.625
1.756744592878798E-5,22410,17.375,115.625
1.789858464725369E-5,22411,17.125,115.625
1.2340182007891628E-5,22412,16.875,115.625
1.3141816008386052E-5,22413,16.625,115.625
1.5312875789481922E-5,22414,16.375,115.625
1.954658194565668E-5,22415,16.125,115.625
1.5257826772166915E-5,22416,15.875,115.625
1.5885636052716655E-5,22417,15.625,115.625
1.52121725993591E-5,22418,15.375,115.625
1.4420573140717641E-5,22419,15.125,115.625
2.085373347050865E-5,22420,14.875,115.625
1.6419598463009435E-5,22421,14.625,115.625
1.4346115960940177E-5,22422,14.375,115.625
1.1773670158892586E-5,22423,14.125,115.625
9.956257569632516E-6,22424,13.875,115.625
1.1263041820727603E-5,22425,13.625,115.625
1.3486066387409724E-5,22426,13.375,115.625
1.0675161833371838E-5,22427,13.125,115.625
1.2948885107075959E-5,22428,12.875,115.625
1.2707999557073649E-5,22429,12.625,115.625
9.52969813809243E-6,22430,12.375,115.625
8.562043392658365E-6,22431,12.125,115.625
9.106537731046437E-6,22432,11.875,115.625
7.1233843654364144E-6,22433,11.625,115.625
7.733099769425918E-6,22434,11.375,115.625
1.1021677891208125E-5,22435,11.125,115.625
4.749361982607806E-6,22436,10.875,115.625
5.524752521508614E-6,22437,10.625,115.625
4.312229125827803E-6,22438,10.375,115.625
8.180535176726079E-6,22439,10.125,115.625
7.81636988616574E-6,22440,9.875,115.625
9.678387997767468E-6,22441,9.625,115.625
8.546132088478185E-6,22442,9.375,115.625
8.355135833740672E-6,22443,9.125,115.625
1.143669852153805E-5,22444,8.875,115.625
6.425438214726279E-6,22445,8.625,115.625
1.0280379021558464E-5,22446,8.375,115.625
1.2514778276783429E-5,22447,8.125,115.625
8.563555796422948E-6,22448,7.875,115.625
8.007741323010148E-6,22449,7.625,115.625
6.350938275923269E-6,22450,7.375,115.625
5.010103215157201E-6,22451,7.125,115.625
4.643429737115343E-6,22452,6.875,115.625
7.981230784475713E-6,22453,6.625,115.625
8.496106823722624E-6,22454,6.375,115.625
1.0596014151254812E-5,22455,6.125,115.625
1.263205058616501E-5,22456,5.875,115.625
1.1183494269232242E-5,22457,5.625,115.625
1.3848799739451517E-5,22458,5.375,115.625
1.0773334481624984E-5,22459,5.125,115.625
2.8653583483573332E-5,22460,4.875,115.625
4.875107140159113E-6,22461,4.625,115.625
6.800664187660672E-6,22462,4.375,115.625
9.297039970768216E-6,22463,4.125,115.625
6.680314565801297E-6,22464,3.875,115.625
5.450641621880369E-6,22465,3.625,115.625
,22466,3.375,115.625
2.7762916188655405E-6,22467,3.125,115.625
2.2439373692261317E-6,22468,2.875,115.625
8.355201248998085E-6,22469,2.625,115.625
9.197989417671574E-6,22470,2.375,115.625
6.936498978302949E-6,22471,2.125,115.625
8.41977039432117E-6,22472,1.875,115.625
4.451795870779446E-6,22473,1.625,115.625
6.786399131688896E-6,22474,1.375,115.625
1.6480271821072442E-6,22475,1.125,115.625
8.31862842169416E-6,22476,0.875,115.625
,22477,0.625,115.625
,22478,0.375,115.625
,22479,0.125,115.625
,22480,-0.125,115.625
7.088036011421352E-6,22481,-0.375,115.625
1.2386322680763037E-5,22482,-0.625,115.625
,22483,-0.875,115.625
1.0808598529224005E-5,22484,-1.125,115.625
,22485,-1.375,115.625
9.53332853324341E-6,22486,-1.625,115.625
1.3577431671931323E-5,22487,-1.875,115.625
3.2356074482752675E-5,22488,-2.125,115.625
1.1362812789633433E-5,22489,-2.375,115.625
1.7763678113343204E-5,22490,-2.625,115.625
,22491,-2.875,115.625
1.0152654852473419E-5,22492,-3.125,115.625
7.4949982176385265E-6,22493,-3.375,115.625
,22494,-3.625,115.625
7.833712919669113E-6,22495,-3.875,115.625
,22496,-4.125,115.625
,22497,-4.375,115.625
9.667504475171153E-6,22498,-4.625,115.625
1.051487756521269E-5,22499,-4.875,115.625
5.767539690537455E-6,22500,-5.125,115.625
1.0096995371400477E-5,22501,-5.375,115.625
3.869471142601019E-6,22502,-5.625,115.625
5.739169395395211E-6,22503,-5.875,115.625
1.2415321269671952E-5,22504,-6.125,115.625
1.9591494985160254E-5,22505,-6.375,115.625
,22506,-6.625,115.625
2.9796933327054793E-6,22507,-6.875,115.625
6.978685431048073E-6,22508,-7.125,115.625
,22509,-7.375,115.625
,22510,-7.625,115.625
,22511,-7.875,115.625
6.045946618457956E-6,22512,-8.125,115.625
4.830426426414373E-6,22513,-8.375,115.625
,22514,-8.625,115.625
1.1561108730272136E-5,22515,-8.875,115.625
,22516,-9.125,115.625
,22517,-9.375,115.625
1.0470284612204648E-5,22518,-9.625,115.625
,22519,-9.875,115.625
,22520,-10.125,115.625
5.998184874967007E-6,22521,-10.375,115.625
3.4286579286518433E-6,22522,-10.625,115.625
8.091271605969243E-6,22523,-10.875,115.625
1.2917162308290572E-5,22524,-11.125,115.625
5.999124631537305E-6,22525,-11.375,115.625
7.575599331320609E-6,22526,-11.625,115.625
9.478376570594771E-6,22527,-11.875,115.625
8.048761551721768E-5,22528,31.875,115.875
5.169994071340023E-5,22529,31.625,115.875
4.171968497887594E-5,22530,31.375,115.875
5.2067526189032736E-5,22531,31.125,115.875
6.260309585148531E-5,22532,30.875,115.875
3.493180074603669E-5,22533,30.625,115.875
3.6660842541002316E-5,22534,30.375,115.875
,22535,30.125,115.875
,22536,29.875,115.875
,22537,29.625,115.875
,22538,29.375,115.875
,22539,29.125,115.875
5.878776585369738E-5,22540,28.875,115.875
,22541,28.625,115.875
,22542,28.375,115.875
,22543,28.125,115.875
,22544,27.875,115.875
,22545,27.625,115.875
,22546,27.375,115.875
,22547,27.125,115.875
,22548,26.875,115.875
,22549,26.625,115.875
,22550,26.375,115.875
3.15654049323252E-5,22551,26.125,115.875
3.6420483651886695E-5,22552,25.875,115.875
3.444007911473087E-5,22553,25.625,115.875
,22554,25.375,115.875
,22555,25.125,115.875
,22556,24.875,115.875
,22557,24.625,115.875
,22558,24.375,115.875
,22559,24.125,115.875
,22560,23.875,115.875
,22561,23.625,115.875
,22562,23.375,115.875
,22563,23.125,115.875
,22564,22.875,115.875
,22565,22.625,115.875
,22566,22.375,115.875
,22567,22.125,115.875
,22568,21.875,115.875
,22569,21.625,115.875
,22570,21.375,115.875
,22571,21.125,115.875
2.0148696224186976E-5,22572,20.875,115.875
1.8108130911905933E-5,22573,20.625,115.875
1.771731182287876E-5,22574,20.375,115.875
1.6760214558013966E-5,22575,20.125,115.875
1.728186429524218E-5,22576,19.875,115.875
1.7710160983968884E-5,22577,19.625,115.875
1.7991733461068893E-5,22578,19.375,115.875
1.5410727966568915E-5,22579,19.125,115.875
1.5881305400448528E-5,22580,18.875,115.875
1.2347955629725243E-5,22581,18.625,115.875
1.6656245046190266E-5,22582,18.375,115.875
1.5280917525010975E-5,22583,18.125,115.875
1.4977893510299392E-5,22584,17.875,115.875
1.671362625398583E-5,22585,17.625,115.875
1.6527825651192604E-5,22586,17.375,115.875
1.7398893672752047E-5,22587,17.125,115.875
1.7580824190538474E-5,22588,16.875,115.875
1.8403767465965087E-5,22589,16.625,115.875
2.0178038883333326E-5,22590,16.375,115.875
1.673056541700404E-5,22591,16.125,115.875
2.2357735322270856E-5,22592,15.875,115.875
1.6694102817568864E-5,22593,15.625,115.875
1.673655456314924E-5,22594,15.375,115.875
1.3445856543805978E-5,22595,15.125,115.875
1.5711211689882213E-5,22596,14.875,115.875
1.6928725477196632E-5,22597,14.625,115.875
1.5462611392768507E-5,22598,14.375,115.875
1.47932681827903E-5,22599,14.125,115.875
9.575848573333592E-6,22600,13.875,115.875
1.0560971512762699E-5,22601,13.625,115.875
1.388788854947105E-5,22602,13.375,115.875
1.9086346171715144E-5,22603,13.125,115.875
1.3720473690418173E-5,22604,12.875,115.875
1.2436994504067237E-5,22605,12.625,115.875
1.1929892502288927E-5,22606,12.375,115.875
1.2023528620333192E-5,22607,12.125,115.875
1.1725082584739544E-5,22608,11.875,115.875
1.097766924474986E-5,22609,11.625,115.875
9.617096046815613E-6,22610,11.375,115.875
9.014568805220195E-6,22611,11.125,115.875
3.3236881078377264E-6,22612,10.875,115.875
5.755839949165475E-6,22613,10.625,115.875
6.160989123011522E-6,22614,10.375,115.875
8.228277793323428E-6,22615,10.125,115.875
8.4213278565707E-6,22616,9.875,115.875
4.977817859889379E-6,22617,9.625,115.875
7.973589071421834E-6,22618,9.375,115.875
1.0059838728706106E-5,22619,9.125,115.875
7.750559051245655E-6,22620,8.875,115.875
8.806984443731227E-6,22621,8.625,115.875
1.202201745012379E-5,22622,8.375,115.875
8.910997489432071E-6,22623,8.125,115.875
5.940771231813362E-6,22624,7.875,115.875
5.911385098157193E-6,22625,7.625,115.875
1.1849463883687464E-5,22626,7.375,115.875
9.82518140002418E-6,22627,7.125,115.875
8.271793255627898E-6,22628,6.875,115.875
1.2080003104378487E-5,22629,6.625,115.875
3.872241220937724E-6,22630,6.375,115.875
6.132086212059644E-6,22631,6.125,115.875
9.332985347638853E-6,22632,5.875,115.875
1.680160383384558E-5,22633,5.625,115.875
1.1405426622134096E-5,22634,5.375,115.875
1.7696330429451946E-5,22635,5.125,115.875
,22636,4.875,115.875
,22637,4.625,115.875
,22638,4.375,115.875
,22639,4.125,115.875
7.569222603614482E-6,22640,3.875,115.875
1.0356493059786346E-5,22641,3.625,115.875
3.134070832848358E-6,22642,3.375,115.875
9.341208091343628E-6,22643,3.125,115.875
2.884596223666249E-6,22644,2.875,115.875
1.0192060574235008E-5,22645,2.625,115.875
1.3550826217093266E-5,22646,2.375,115.875
5.5327449202063405E-6,22647,2.125,115.875
1.0722159363175183E-5,22648,1.875,115.875
9.163250962165539E-6,22649,1.625,115.875
1.2958884279266051E-5,22650,1.375,115.875
5.870174658569086E-6,22651,1.125,115.875
1.0859965388951182E-5,22652,0.875,115.875
,22653,0.625,115.875
,22654,0.375,115.875
,22655,0.125,115.875
1.4658439703416509E-5,22656,-0.125,115.875
1.4963457886941825E-5,22657,-0.375,115.875
8.550507969989962E-6,22658,-0.625,115.875
1.0678661905487311E-5,22659,-0.875,115.875
1.7950923353350994E-6,22660,-1.125,115.875
8.909752369060418E-6,22661,-1.375,115.875
1.0860839949621732E-5,22662,-1.625,115.875
1.954601633192119E-5,22663,-1.875,115.875
9.424777646625632E-6,22664,-2.125,115.875
1.429977230326366E-5,22665,-2.375,115.875
,22666,-2.625,115.875
,22667,-2.875,115.875
1.2169197769026626E-5,22668,-3.125,115.875
1.1995116971442536E-5,22669,-3.375,115.875
,22670,-3.625,115.875
1.6416581189250392E-5,22671,-3.875,115.875
,22672,-4.125,115.875
,22673,-4.375,115.875
1.4272014619960893E-5,22674,-4.625,115.875
1.5493697907100094E-5,22675,-4.875,115.875
5.553077064000919E-6,22676,-5.125,115.875
1.0617956947881265E-5,22677,-5.375,115.875
4.622942798553476E-6,22678,-5.625,115.875
5.08590059370493E-6,22679,-5.875,115.875
2.0633391347982253E-5,22680,-6.125,115.875
1.8171247854911277E-5,22681,-6.375,115.875
,22682,-6.625,115.875
1.582504040420706E-5,22683,-6.875,115.875
1.9411630120623974E-5,22684,-7.125,115.875
,22685,-7.375,115.875
,22686,-7.625,115.875
,22687,-7.875,115.875
-2.879792261561911E-6,22688,-8.125,115.875
1.5597349169726173E-5,22689,-8.375,115.875
1.4562620139890267E-6,22690,-8.625,115.875
1.1660130078420584E-5,22691,-8.875,115.875
,22692,-9.125,115.875
,22693,-9.375,115.875
,22694,-9.625,115.875
,22695,-9.875,115.875
,22696,-10.125,115.875
2.375402232508016E-6,22697,-10.375,115.875
3.93783578335184E-6,22698,-10.625,115.875
3.6962922521234486E-6,22699,-10.875,115.875
1.0449024062641952E-5,22700,-11.125,115.875
8.218453012735705E-6,22701,-11.375,115.875
7.526741302557853E-6,22702,-11.625,115.875
8.389900287648478E-6,22703,-11.875,115.875
7.71757354266438E-5,22704,31.875,116.125
6.775508249026599E-5,22705,31.625,116.125
5.6145895818019765E-5,22706,31.375,116.125
4.51373356863613E-5,22707,31.125,116.125
5.145822568606544E-5,22708,30.875,116.125
1.7918917662224797E-5,22709,30.625,116.125
3.104152907819986E-5,22710,30.375,116.125
4.023517426785967E-5,22711,30.125,116.125
3.698755627590488E-5,22712,29.875,116.125
5.0940041383790875E-5,22713,29.625,116.125
,22714,29.375,116.125
,22715,29.125,116.125
8.383371395963598E-5,22716,28.875,116.125
1.1578705836704031E-4,22717,28.625,116.125
,22718,28.375,116.125
,22719,28.125,116.125
,22720,27.875,116.125
,22721,27.625,116.125
,22722,27.375,116.125
,22723,27.125,116.125
,22724,26.875,116.125
,22725,26.625,116.125
3.8848598211515864E-5,22726,26.375,116.125
3.810033611597505E-5,22727,26.125,116.125
4.346971922591236E-5,22728,25.875,116.125
3.538931647763095E-5,22729,25.625,116.125
4.313273859038354E-5,22730,25.375,116.125
,22731,25.125,116.125
,22732,24.875,116.125
,22733,24.625,116.125
,22734,24.375,116.125
,22735,24.125,116.125
,22736,23.875,116.125
,22737,23.625,116.125
,22738,23.375,116.125
,22739,23.125,116.125
,22740,22.875,116.125
,22741,22.625,116.125
,22742,22.375,116.125
,22743,22.125,116.125
,22744,21.875,116.125
,22745,21.625,116.125
,22746,21.375,116.125
1.3299242634615978E-5,22747,21.125,116.125
1.7222565589044612E-5,22748,20.875,116.125
2.2091937820566046E-5,22749,20.625,116.125
1.849136224851646E-5,22750,20.375,116.125
1.7680407514255515E-5,22751,20.125,116.125
1.9641404278974817E-5,22752,19.875,116.125
1.679709077346075E-5,22753,19.625,116.125
1.6499595218672313E-5,22754,19.375,116.125
1.6686356886765338E-5,22755,19.125,116.125
1.405074482888535E-5,22756,18.875,116.125
1.409518485029558E-5,22757,18.625,116.125
1.4888107785421968E-5,22758,18.375,116.125
1.9571725758683256E-5,22759,18.125,116.125
1.5793784907834054E-5,22760,17.875,116.125
1.428384311385495E-5,22761,17.625,116.125
1.4913589030887613E-5,22762,17.375,116.125
1.612679826566806E-5,22763,17.125,116.125
1.9410679801923865E-5,22764,16.875,116.125
1.927334547811969E-5,22765,16.625,116.125
2.5639905540913114E-5,22766,16.375,116.125
2.2523066652983918E-5,22767,16.125,116.125
1.8266180475681665E-5,22768,15.875,116.125
1.489496862767178E-5,22769,15.625,116.125
1.4763281495953172E-5,22770,15.375,116.125
1.5307638716930485E-5,22771,15.125,116.125
1.2412003384152356E-5,22772,14.875,116.125
1.849868366160942E-5,22773,14.625,116.125
1.4207883799020672E-5,22774,14.375,116.125
1.7033233649006204E-5,22775,14.125,116.125
1.2410051638631349E-5,22776,13.875,116.125
1.2247209198031226E-5,22777,13.625,116.125
1.5048858738953182E-5,22778,13.375,116.125
1.6533561377929113E-5,22779,13.125,116.125
1.504978645720723E-5,22780,12.875,116.125
1.6660139387670243E-5,22781,12.625,116.125
1.2082336998703862E-5,22782,12.375,116.125
1.228447776930935E-5,22783,12.125,116.125
8.549910308107472E-6,22784,11.875,116.125
9.214145161378317E-6,22785,11.625,116.125
8.569661919172718E-6,22786,11.375,116.125
7.185707562185455E-6,22787,11.125,116.125
6.930229647967989E-6,22788,10.875,116.125
3.110507285495665E-6,22789,10.625,116.125
6.54577277173795E-6,22790,10.375,116.125
7.583732535968066E-6,22791,10.125,116.125
5.575530628491349E-6,22792,9.875,116.125
6.914413364345175E-6,22793,9.625,116.125
8.59629460063842E-6,22794,9.375,116.125
1.1454729510178136E-5,22795,9.125,116.125
7.525082042793371E-6,22796,8.875,116.125
8.87009106317622E-6,22797,8.625,116.125
5.950413239475879E-6,22798,8.375,116.125
8.845231359463188E-6,22799,8.125,116.125
5.9539958790266714E-6,22800,7.875,116.125
5.8032410193151865E-6,22801,7.625,116.125
6.504280485533339E-6,22802,7.375,116.125
1.4368025195597833E-5,22803,7.125,116.125
1.0150312442982173E-5,22804,6.875,116.125
1.5132969541514485E-5,22805,6.625,116.125
8.138147083230361E-6,22806,6.375,116.125
5.5462787488785105E-6,22807,6.125,116.125
1.9295859944615192E-5,22808,5.875,116.125
1.579644960921023E-5,22809,5.625,116.125
,22810,5.375,116.125
,22811,5.125,116.125
,22812,4.875,116.125
,22813,4.625,116.125
,22814,4.375,116.125
,22815,4.125,116.125
6.453238017319287E-6,22816,3.875,116.125
1.130006429281819E-5,22817,3.625,116.125
3.370893173231442E-6,22818,3.375,116.125
1.7297906746523295E-5,22819,3.125,116.125
8.421026950105297E-6,22820,2.875,116.125
2.2926955096036463E-6,22821,2.625,116.125
1.3468450574339607E-5,22822,2.375,116.125
4.6327619949204935E-6,22823,2.125,116.125
7.135466793185504E-6,22824,1.875,116.125
,22825,1.625,116.125
4.616293167552473E-6,22826,1.375,116.125
5.653584361912073E-6,22827,1.125,116.125
7.338103775617869E-6,22828,0.875,116.125
,22829,0.625,116.125
,22830,0.375,116.125
,22831,0.125,116.125
1.4661565770427753E-5,22832,-0.125,116.125
1.379548220651224E-5,22833,-0.375,116.125
5.631454140493876E-6,22834,-0.625,116.125
7.457768120473067E-6,22835,-0.875,116.125
2.7031042349757514E-6,22836,-1.125,116.125
1.3019789619174142E-5,22837,-1.375,116.125
6.008877081052805E-6,22838,-1.625,116.125
1.0087064369477085E-5,22839,-1.875,116.125
8.748068659662001E-6,22840,-2.125,116.125
4.893471528293252E-6,22841,-2.375,116.125
1.1379893011831612E-5,22842,-2.625,116.125
9.452365947713357E-6,22843,-2.875,116.125
,22844,-3.125,116.125
,22845,-3.375,116.125
,22846,-3.625,116.125
9.055829228988906E-6,22847,-3.875,116.125
,22848,-4.125,116.125
,22849,-4.375,116.125
1.802905922641742E-5,22850,-4.625,116.125
3.5659516729483443E-6,22851,-4.875,116.125
8.791221694274605E-6,22852,-5.125,116.125
1.3472277383532548E-5,22853,-5.375,116.125
,22854,-5.625,116.125
,22855,-5.875,116.125
6.9174062577739715E-6,22856,-6.125,116.125
2.4020515274542988E-5,22857,-6.375,116.125
,22858,-6.625,116.125
,22859,-6.875,116.125
1.6452069838150784E-6,22860,-7.125,116.125
,22861,-7.375,116.125
,22862,-7.625,116.125
,22863,-7.875,116.125
6.862384429892781E-6,22864,-8.125,116.125
1.2830550394045557E-5,22865,-8.375,116.125
4.1403786362633385E-6,22866,-8.625,116.125
,22867,-8.875,116.125
,22868,-9.125,116.125
,22869,-9.375,116.125
,22870,-9.625,116.125
,22871,-9.875,116.125
3.0985946910463236E-6,22872,-10.125,116.125
4.717165313423534E-6,22873,-10.375,116.125
9.405878204586779E-6,22874,-10.625,116.125
6.843138219385361E-6,22875,-10.875,116.125
6.799739955849555E-6,22876,-11.125,116.125
8.329852039831399E-6,22877,-11.375,116.125
1.173393148753504E-5,22878,-11.625,116.125
-1.3932415959638217E-6,22879,-11.875,116.125
8.227623487727516E-5,22880,31.875,116.375
7.825112563875666E-5,22881,31.625,116.375
6.919398743968342E-5,22882,31.375,116.375
4.642667209145937E-5,22883,31.125,116.375
5.165235809239947E-5,22884,30.875,116.375
5.0437294000343214E-5,22885,30.625,116.375
4.846476223099447E-5,22886,30.375,116.375
4.2176421589305164E-5,22887,30.125,116.375
4.8908376769576855E-5,22888,29.875,116.375
5.128205467218965E-5,22889,29.625,116.375
6.0767606805436034E-5,22890,29.375,116.375
,22891,29.125,116.375
3.516504679871514E-5,22892,28.875,116.375
4.093195771865258E-5,22893,28.625,116.375
,22894,28.375,116.375
,22895,28.125,116.375
,22896,27.875,116.375
,22897,27.625,116.375
,22898,27.375,116.375
,22899,27.125,116.375
,22900,26.875,116.375
3.5187727357789254E-5,22901,26.625,116.375
3.618673893085426E-5,22902,26.375,116.375
3.556447626611402E-5,22903,26.125,116.375
3.96275425309437E-5,22904,25.875,116.375
3.93605339927513E-5,22905,25.625,116.375
3.619629516708193E-5,22906,25.375,116.375
3.757687837354737E-5,22907,25.125,116.375
,22908,24.875,116.375
,22909,24.625,116.375
,22910,24.375,116.375
,22911,24.125,116.375
,22912,23.875,116.375
,22913,23.625,116.375
,22914,23.375,116.375
,22915,23.125,116.375
,22916,22.875,116.375
,22917,22.625,116.375
,22918,22.375,116.375
,22919,22.125,116.375
,22920,21.875,116.375
,22921,21.625,116.375
,22922,21.375,116.375
,22923,21.125,116.375
1.629301801039595E-5,22924,20.875,116.375
1.9599010926256546E-5,22925,20.625,116.375
1.863163285105885E-5,22926,20.375,116.375
2.0332943335006607E-5,22927,20.125,116.375
2.0434199539155125E-5,22928,19.875,116.375
1.9964127777252575E-5,22929,19.625,116.375
1.7762654614929405E-5,22930,19.375,116.375
1.603587456945173E-5,22931,19.125,116.375
1.7437337132502453E-5,22932,18.875,116.375
1.7099051098867047E-5,22933,18.625,116.375
1.7973702456964377E-5,22934,18.375,116.375
1.681006116082962E-5,22935,18.125,116.375
1.60250988314167E-5,22936,17.875,116.375
1.5352053856552283E-5,22937,17.625,116.375
1.7519100976491023E-5,22938,17.375,116.375
1.974700267968206E-5,22939,17.125,116.375
2.007711939101108E-5,22940,16.875,116.375
1.8506695398066972E-5,22941,16.625,116.375
1.870358220206413E-5,22942,16.375,116.375
2.1226940152547802E-5,22943,16.125,116.375
1.8636539858017278E-5,22944,15.875,116.375
1.8737455634238872E-5,22945,15.625,116.375
1.957268656007503E-5,22946,15.375,116.375
1.9045800655535633E-5,22947,15.125,116.375
1.7566828786889308E-5,22948,14.875,116.375
1.705770999679205E-5,22949,14.625,116.375
1.6799768380638555E-5,22950,14.375,116.375
1.352162109415035E-5,22951,14.125,116.375
1.3123584622384648E-5,22952,13.875,116.375
1.293955388594589E-5,22953,13.625,116.375
1.278419727370037E-5,22954,13.375,116.375
1.3565083637171617E-5,22955,13.125,116.375
1.1661182719164144E-5,22956,12.875,116.375
1.5452677196013052E-5,22957,12.625,116.375
1.4220580653417288E-5,22958,12.375,116.375
1.4333360661764929E-5,22959,12.125,116.375
1.209020077410335E-5,22960,11.875,116.375
1.1832503104291315E-5,22961,11.625,116.375
1.1323839531864864E-5,22962,11.375,116.375
6.296004720061982E-6,22963,11.125,116.375
7.0025197238793125E-6,22964,10.875,116.375
3.293603844211169E-6,22965,10.625,116.375
7.172181323465147E-6,22966,10.375,116.375
9.974980297891522E-6,22967,10.125,116.375
6.275443663380688E-6,22968,9.875,116.375
9.3442234619286E-6,22969,9.625,116.375
1.0379457773884564E-5,22970,9.375,116.375
4.455107471019596E-6,22971,9.125,116.375
8.491524566383121E-6,22972,8.875,116.375
9.152167408085524E-6,22973,8.625,116.375
1.0160345102222992E-5,22974,8.375,116.375
6.699731358156458E-6,22975,8.125,116.375
5.638407579098545E-6,22976,7.875,116.375
6.94217329933622E-6,22977,7.625,116.375
1.426535992755632E-5,22978,7.375,116.375
,22979,7.125,116.375
,22980,6.875,116.375
,22981,6.625,116.375
,22982,6.375,116.375
,22983,6.125,116.375
,22984,5.875,116.375
,22985,5.625,116.375
,22986,5.375,116.375
1.028473100041414E-5,22987,5.125,116.375
,22988,4.875,116.375
,22989,4.625,116.375
,22990,4.375,116.375
,22991,4.125,116.375
8.119860937254986E-6,22992,3.875,116.375
6.1292600701261725E-6,22993,3.625,116.375
6.649698794041432E-6,22994,3.375,116.375
4.439718404582679E-6,22995,3.125,116.375
1.2746602535165817E-5,22996,2.875,116.375
9.219723513951775E-6,22997,2.625,116.375
8.847305051330291E-6,22998,2.375,116.375
9.115607520183862E-6,22999,2.125,116.375
1.263621476874396E-5,23000,1.875,116.375
8.539938527425344E-6,23001,1.625,116.375
9.973549267987875E-6,23002,1.375,116.375
7.997022430526942E-6,23003,1.125,116.375
1.1458491187227278E-5,23004,0.875,116.375
,23005,0.625,116.375
,23006,0.375,116.375
,23007,0.125,116.375
1.0037302384478489E-5,23008,-0.125,116.375
1.2945408786939317E-5,23009,-0.375,116.375
1.3972297494119453E-5,23010,-0.625,116.375
2.297284715656906E-6,23011,-0.875,116.375
,23012,-1.125,116.375
9.138233059467087E-6,23013,-1.375,116.375
6.462657702970231E-6,23014,-1.625,116.375
9.450617167033722E-6,23015,-1.875,116.375
7.1555196482475255E-6,23016,-2.125,116.375
4.8279904695202555E-6,23017,-2.375,116.375
1.5792142680609112E-5,23018,-2.625,116.375
8.255683423311014E-6,23019,-2.875,116.375
,23020,-3.125,116.375
,23021,-3.375,116.375
,23022,-3.625,116.375
,23023,-3.875,116.375
,23024,-4.125,116.375
,23025,-4.375,116.375
,23026,-4.625,116.375
-5.824176642436921E-6,23027,-4.875,116.375
1.0080818804037835E-5,23028,-5.125,116.375
1.171500323557204E-5,23029,-5.375,116.375
,23030,-5.625,116.375
,23031,-5.875,116.375
,23032,-6.125,116.375
,23033,-6.375,116.375
,23034,-6.625,116.375
,23035,-6.875,116.375
,23036,-7.125,116.375
1.122192586312958E-5,23037,-7.375,116.375
,23038,-7.625,116.375
,23039,-7.875,116.375
1.4341693015460292E-5,23040,-8.125,116.375
1.8574127489617183E-5,23041,-8.375,116.375
,23042,-8.625,116.375
,23043,-8.875,116.375
,23044,-9.125,116.375
,23045,-9.375,116.375
,23046,-9.625,116.375
,23047,-9.875,116.375
4.955753734355142E-6,23048,-10.125,116.375
5.57645531009118E-6,23049,-10.375,116.375
6.241471664809804E-6,23050,-10.625,116.375
5.237653128436106E-6,23051,-10.875,116.375
3.7062293689619067E-6,23052,-11.125,116.375
9.606346923281746E-6,23053,-11.375,116.375
8.004411874251781E-6,23054,-11.625,116.375
-4.188634486573811E-6,23055,-11.875,116.375
8.64475070000407E-5,23056,31.875,116.625
6.358356630189033E-5,23057,31.625,116.625
5.9349027458497455E-5,23058,31.375,116.625
4.250006424069743E-5,23059,31.125,116.625
4.109738276837338E-5,23060,30.875,116.625
5.2454792719808595E-5,23061,30.625,116.625
5.382273273779641E-5,23062,30.375,116.625
4.464197428283984E-5,23063,30.125,116.625
5.308097304932498E-5,23064,29.875,116.625
5.081839454644883E-5,23065,29.625,116.625
5.1151084905760515E-5,23066,29.375,116.625
3.933966173643218E-5,23067,29.125,116.625
4.293837170396538E-5,23068,28.875,116.625
3.94110866734929E-5,23069,28.625,116.625
,23070,28.375,116.625
,23071,28.125,116.625
,23072,27.875,116.625
,23073,27.625,116.625
,23074,27.375,116.625
,23075,27.125,116.625
,23076,26.875,116.625
3.096302734551744E-5,23077,26.625,116.625
3.528554151199295E-5,23078,26.375,116.625
3.5820629995070406E-5,23079,26.125,116.625
3.922952555796945E-5,23080,25.875,116.625
3.6065955998084164E-5,23081,25.625,116.625
3.857223874863931E-5,23082,25.375,116.625
,23083,25.125,116.625
,23084,24.875,116.625
,23085,24.625,116.625
,23086,24.375,116.625
,23087,24.125,116.625
,23088,23.875,116.625
,23089,23.625,116.625
,23090,23.375,116.625
,23091,23.125,116.625
,23092,22.875,116.625
,23093,22.625,116.625
,23094,22.375,116.625
,23095,22.125,116.625
,23096,21.875,116.625
,23097,21.625,116.625
,23098,21.375,116.625
,23099,21.125,116.625
2.123535842317664E-5,23100,20.875,116.625
2.041381624749285E-5,23101,20.625,116.625
2.358943947006665E-5,23102,20.375,116.625
2.1735264792478638E-5,23103,20.125,116.625
1.9052382435748068E-5,23104,19.875,116.625
2.0617705842506635E-5,23105,19.625,116.625
2.0100992126665508E-5,23106,19.375,116.625
1.8535899022832465E-5,23107,19.125,116.625
1.542433341262991E-5,23108,18.875,116.625
1.8911790209264856E-5,23109,18.625,116.625
1.6613375742465884E-5,23110,18.375,116.625
1.7417975721770533E-5,23111,18.125,116.625
1.676422002896513E-5,23112,17.875,116.625
1.805167359729491E-5,23113,17.625,116.625
1.7506704359600293E-5,23114,17.375,116.625
1.8079235967066705E-5,23115,17.125,116.625
1.569006581501824E-5,23116,16.875,116.625
1.2293433547382977E-5,23117,16.625,116.625
1.823521631754571E-5,23118,16.375,116.625
1.775269203564461E-5,23119,16.125,116.625
1.8937987218651274E-5,23120,15.875,116.625
2.266721312665933E-5,23121,15.625,116.625
2.05739558555827E-5,23122,15.375,116.625
1.6743418747155598E-5,23123,15.125,116.625
1.9818833383706028E-5,23124,14.875,116.625
1.385534923888617E-5,23125,14.625,116.625
1.5040323075602568E-5,23126,14.375,116.625
1.7839021231734757E-5,23127,14.125,116.625
1.5161061355005836E-5,23128,13.875,116.625
1.1855201628861674E-5,23129,13.625,116.625
1.4518062375875179E-5,23130,13.375,116.625
1.5373885097282636E-5,23131,13.125,116.625
1.4668258559277915E-5,23132,12.875,116.625
1.3299255598650664E-5,23133,12.625,116.625
1.3729119672726798E-5,23134,12.375,116.625
1.1112979199089217E-5,23135,12.125,116.625
9.660722036501356E-6,23136,11.875,116.625
1.0519970110212494E-5,23137,11.625,116.625
1.1032960816445344E-5,23138,11.375,116.625
6.377097070931608E-6,23139,11.125,116.625
5.119868469495611E-6,23140,10.875,116.625
7.654122089510886E-6,23141,10.625,116.625
3.288230460522514E-6,23142,10.375,116.625
9.564737867184349E-6,23143,10.125,116.625
6.776071875620957E-6,23144,9.875,116.625
8.064282717471901E-6,23145,9.625,116.625
5.9701265723788355E-6,23146,9.375,116.625
1.0209567370539885E-5,23147,9.125,116.625
7.526392168020915E-6,23148,8.875,116.625
8.590151949450908E-6,23149,8.625,116.625
1.0332550060427334E-5,23150,8.375,116.625
6.867686669893226E-6,23151,8.125,116.625
4.471573371232792E-6,23152,7.875,116.625
5.114288031737885E-6,23153,7.625,116.625
5.613264242219498E-6,23154,7.375,116.625
,23155,7.125,116.625
6.794579717753307E-6,23156,6.875,116.625
1.0611600884842553E-5,23157,6.625,116.625
2.066777518519364E-6,23158,6.375,116.625
,23159,6.125,116.625
7.000905390807115E-6,23160,5.875,116.625
,23161,5.625,116.625
,23162,5.375,116.625
5.424683789028338E-6,23163,5.125,116.625
,23164,4.875,116.625
,23165,4.625,116.625
,23166,4.375,116.625
,23167,4.125,116.625
1.1887011622804427E-5,23168,3.875,116.625
4.074584088176682E-6,23169,3.625,116.625
6.728432749238741E-6,23170,3.375,116.625
1.466401992023702E-5,23171,3.125,116.625
3.22239477154634E-6,23172,2.875,116.625
1.4460572282856295E-5,23173,2.625,116.625
1.0349278952692754E-5,23174,2.375,116.625
1.1300962608859746E-5,23175,2.125,116.625
4.62298343455858E-6,23176,1.875,116.625
,23177,1.625,116.625
4.294465688846465E-6,23178,1.375,116.625
1.1539756963293124E-5,23179,1.125,116.625
1.4328233603009225E-5,23180,0.875,116.625
1.256145388402529E-5,23181,0.625,116.625
,23182,0.375,116.625
,23183,0.125,116.625
1.7826119412324807E-5,23184,-0.125,116.625
3.056961556082158E-5,23185,-0.375,116.625
1.7779952268758555E-5,23186,-0.625,116.625
,23187,-0.875,116.625
,23188,-1.125,116.625
7.219161032587647E-6,23189,-1.375,116.625
1.1297076579999629E-5,23190,-1.625,116.625
1.0581561282484221E-5,23191,-1.875,116.625
9.346536755135859E-6,23192,-2.125,116.625
7.428478081352112E-6,23193,-2.375,116.625
9.191987732256988E-6,23194,-2.625,116.625
1.3823634015553213E-5,23195,-2.875,116.625
,23196,-3.125,116.625
,23197,-3.375,116.625
1.2330319101882666E-5,23198,-3.625,116.625
,23199,-3.875,116.625
,23200,-4.125,116.625
,23201,-4.375,116.625
,23202,-4.625,116.625
4.100907124618747E-6,23203,-4.875,116.625
,23204,-5.125,116.625
,23205,-5.375,116.625
,23206,-5.625,116.625
,23207,-5.875,116.625
,23208,-6.125,116.625
,23209,-6.375,116.625
,23210,-6.625,116.625
,23211,-6.875,116.625
,23212,-7.125,116.625
7.278091583504244E-6,23213,-7.375,116.625
1.0665497556034638E-5,23214,-7.625,116.625
,23215,-7.875,116.625
,23216,-8.125,116.625
,23217,-8.375,116.625
,23218,-8.625,116.625
,23219,-8.875,116.625
,23220,-9.125,116.625
,23221,-9.375,116.625
,23222,-9.625,116.625
-1.5858680761512018E-5,23223,-9.875,116.625
8.179469219016695E-6,23224,-10.125,116.625
1.0446819367155787E-5,23225,-10.375,116.625
6.145211775389784E-6,23226,-10.625,116.625
8.987355368245353E-6,23227,-10.875,116.625
8.042495784033833E-6,23228,-11.125,116.625
1.9147043435653075E-6,23229,-11.375,116.625
7.2342817463823295E-6,23230,-11.625,116.625
7.12789835922226E-6,23231,-11.875,116.625
7.950571404783882E-5,23232,31.875,116.875
7.361924930411567E-5,23233,31.625,116.875
7.586736763962401E-5,23234,31.375,116.875
7.235711534539204E-5,23235,31.125,116.875
8.80336087466651E-5,23236,30.875,116.875
7.661874675258436E-5,23237,30.625,116.875
6.883643750102242E-5,23238,30.375,116.875
4.261094676913954E-5,23239,30.125,116.875
3.860077631561724E-5,23240,29.875,116.875
4.609128069465183E-5,23241,29.625,116.875
,23242,29.375,116.875
,23243,29.125,116.875
,23244,28.875,116.875
,23245,28.625,116.875
,23246,28.375,116.875
,23247,28.125,116.875
,23248,27.875,116.875
,23249,27.625,116.875
,23250,27.375,116.875
,23251,27.125,116.875
,23252,26.875,116.875
3.8223120725850943E-5,23253,26.625,116.875
4.1495674228803506E-5,23254,26.375,116.875
4.118499403873812E-5,23255,26.125,116.875
3.747208900632648E-5,23256,25.875,116.875
3.4899551537677826E-5,23257,25.625,116.875
3.190498397407951E-5,23258,25.375,116.875
,23259,25.125,116.875
,23260,24.875,116.875
,23261,24.625,116.875
,23262,24.375,116.875
,23263,24.125,116.875
,23264,23.875,116.875
,23265,23.625,116.875
,23266,23.375,116.875
,23267,23.125,116.875
,23268,22.875,116.875
,23269,22.625,116.875
,23270,22.375,116.875
,23271,22.125,116.875
,23272,21.875,116.875
,23273,21.625,116.875
1.4862441261831912E-5,23274,21.375,116.875
1.850376836558813E-5,23275,21.125,116.875
2.172301414934231E-5,23276,20.875,116.875
2.021758017944286E-5,23277,20.625,116.875
2.408115870577148E-5,23278,20.375,116.875
3.05562712976661E-5,23279,20.125,116.875
2.4371033588035193E-5,23280,19.875,116.875
2.2823227300033845E-5,23281,19.625,116.875
2.042997886865563E-5,23282,19.375,116.875
1.621973995650628E-5,23283,19.125,116.875
1.659322232239373E-5,23284,18.875,116.875
1.6332407724246203E-5,23285,18.625,116.875
1.7339647002535476E-5,23286,18.375,116.875
1.8501898107300888E-5,23287,18.125,116.875
1.8102327215719446E-5,23288,17.875,116.875
1.9174258115807065E-5,23289,17.625,116.875
2.0758677062002197E-5,23290,17.375,116.875
1.8772917254081347E-5,23291,17.125,116.875
1.8426207059478527E-5,23292,16.875,116.875
1.853364138005757E-5,23293,16.625,116.875
2.1517847108517312E-5,23294,16.375,116.875
1.8895005295078308E-5,23295,16.125,116.875
1.964762041479889E-5,23296,15.875,116.875
1.7597920001127507E-5,23297,15.625,116.875
1.6389431975375407E-5,23298,15.375,116.875
1.849485078478588E-5,23299,15.125,116.875
1.864743773076604E-5,23300,14.875,116.875
1.540807950534137E-5,23301,14.625,116.875
1.9083991485370978E-5,23302,14.375,116.875
1.6402898305225646E-5,23303,14.125,116.875
1.4034741869142566E-5,23304,13.875,116.875
1.5480180182829456E-5,23305,13.625,116.875
1.7548619687820893E-5,23306,13.375,116.875
1.6372896264837627E-5,23307,13.125,116.875
1.71526487364951E-5,23308,12.875,116.875
1.4695525454480717E-5,23309,12.625,116.875
9.895513145398624E-6,23310,12.375,116.875
1.2937207060411326E-5,23311,12.125,116.875
1.074153088761742E-5,23312,11.875,116.875
1.2869898770430713E-5,23313,11.625,116.875
1.0289786461328759E-5,23314,11.375,116.875
4.7939276321672325E-6,23315,11.125,116.875
6.079624182482336E-6,23316,10.875,116.875
5.428433667895371E-6,23317,10.625,116.875
2.8688257047299967E-6,23318,10.375,116.875
9.935020407606752E-6,23319,10.125,116.875
6.792778521792926E-6,23320,9.875,116.875
6.83180308610122E-6,23321,9.625,116.875
1.0128502368770312E-5,23322,9.375,116.875
7.455761496162361E-6,23323,9.125,116.875
4.486801894134598E-6,23324,8.875,116.875
3.405492892306091E-6,23325,8.625,116.875
5.636388851390272E-6,23326,8.375,116.875
9.514001323218642E-6,23327,8.125,116.875
3.248203317556915E-6,23328,7.875,116.875
7.924134979176542E-6,23329,7.625,116.875
6.343813606313575E-6,23330,7.375,116.875
9.888832700966988E-6,23331,7.125,116.875
4.6146854476202774E-6,23332,6.875,116.875
4.81422529108032E-6,23333,6.625,116.875
5.016523040797108E-6,23334,6.375,116.875
,23335,6.125,116.875
,23336,5.875,116.875
8.073929143054327E-6,23337,5.625,116.875
,23338,5.375,116.875
2.4668864502611546E-7,23339,5.125,116.875
,23340,4.875,116.875
1.6274227199855223E-5,23341,4.625,116.875
,23342,4.375,116.875
-2.1059695436912183E-7,23343,4.125,116.875
9.286427380782415E-6,23344,3.875,116.875
1.890041948800795E-5,23345,3.625,116.875
1.2700879711825598E-5,23346,3.375,116.875
1.4684881801735169E-5,23347,3.125,116.875
7.92930102935166E-6,23348,2.875,116.875
1.0975027977341109E-5,23349,2.625,116.875
9.089823577938768E-6,23350,2.375,116.875
1.341205677706137E-5,23351,2.125,116.875
1.1074800507441614E-5,23352,1.875,116.875
1.1973584636212193E-5,23353,1.625,116.875
8.082381758003739E-6,23354,1.375,116.875
9.098700929460811E-6,23355,1.125,116.875
1.1807403286524801E-5,23356,0.875,116.875
1.5129506284710941E-5,23357,0.625,116.875
,23358,0.375,116.875
,23359,0.125,116.875
1.3768200548735641E-5,23360,-0.125,116.875
1.8843370282887206E-5,23361,-0.375,116.875
1.0895955216816118E-5,23362,-0.625,116.875
,23363,-0.875,116.875
,23364,-1.125,116.875
8.325056176697826E-6,23365,-1.375,116.875
1.1019646654742009E-5,23366,-1.625,116.875
1.3710490813538452E-5,23367,-1.875,116.875
1.361059535889227E-5,23368,-2.125,116.875
6.491118986955639E-6,23369,-2.375,116.875
1.0755644414792566E-5,23370,-2.625,116.875
9.621563968334826E-6,23371,-2.875,116.875
,23372,-3.125,116.875
,23373,-3.375,116.875
1.1878372999461191E-5,23374,-3.625,116.875
1.545027042387865E-5,23375,-3.875,116.875
,23376,-4.125,116.875
,23377,-4.375,116.875
3.908655774808966E-6,23378,-4.625,116.875
3.908655813756876E-6,23379,-4.875,116.875
8.220766629596821E-6,23380,-5.125,116.875
6.468542242681146E-6,23381,-5.375,116.875
4.1720002794966365E-6,23382,-5.625,116.875
,23383,-5.875,116.875
1.0993392507579356E-5,23384,-6.125,116.875
,23385,-6.375,116.875
,23386,-6.625,116.875
,23387,-6.875,116.875
-1.533010807824453E-5,23388,-7.125,116.875
1.299614634054686E-5,23389,-7.375,116.875
1.0728406432752118E-5,23390,-7.625,116.875
,23391,-7.875,116.875
,23392,-8.125,116.875
,23393,-8.375,116.875
,23394,-8.625,116.875
,23395,-8.875,116.875
,23396,-9.125,116.875
,23397,-9.375,116.875
,23398,-9.625,116.875
-3.1748855657130666E-6,23399,-9.875,116.875
,23400,-10.125,116.875
-5.791532572435337E-6,23401,-10.375,116.875
2.320325961670636E-6,23402,-10.625,116.875
1.8897524621158322E-6,23403,-10.875,116.875
4.815874371659584E-6,23404,-11.125,116.875
7.088002896027734E-6,23405,-11.375,116.875
3.45895791085907E-6,23406,-11.625,116.875
4.061231013025954E-6,23407,-11.875,116.875
7.751096037540371E-5,23408,31.875,117.125
1.0021430862333381E-4,23409,31.625,117.125
1.044096378112289E-4,23410,31.375,117.125
1.114498133769121E-4,23411,31.125,117.125
1.0442100661205741E-4,23412,30.875,117.125
7.942412383871464E-5,23413,30.625,117.125
5.8423464567422224E-5,23414,30.375,117.125
,23415,30.125,117.125
4.072465121555656E-5,23416,29.875,117.125
3.995361813746331E-5,23417,29.625,117.125
5.1375593867487056E-5,23418,29.375,117.125
4.912048193926786E-5,23419,29.125,117.125
,23420,28.875,117.125
,23421,28.625,117.125
,23422,28.375,117.125
,23423,28.125,117.125
,23424,27.875,117.125
,23425,27.625,117.125
,23426,27.375,117.125
3.5621054723259436E-5,23427,27.125,117.125
3.678090620847164E-5,23428,26.875,117.125
4.0468511661334964E-5,23429,26.625,117.125
4.2524867168527294E-5,23430,26.375,117.125
3.982357571588638E-5,23431,26.125,117.125
3.558391295712917E-5,23432,25.875,117.125
2.7946047408215323E-5,23433,25.625,117.125
,23434,25.375,117.125
,23435,25.125,117.125
,23436,24.875,117.125
,23437,24.625,117.125
,23438,24.375,117.125
,23439,24.125,117.125
,23440,23.875,117.125
,23441,23.625,117.125
,23442,23.375,117.125
,23443,23.125,117.125
,23444,22.875,117.125
,23445,22.625,117.125
,23446,22.375,117.125
,23447,22.125,117.125
,23448,21.875,117.125
,23449,21.625,117.125
,23450,21.375,117.125
2.097710200479527E-5,23451,21.125,117.125
2.1070221654295426E-5,23452,20.875,117.125
2.169078083995988E-5,23453,20.625,117.125
2.3233192740469224E-5,23454,20.375,117.125
2.2810333016340683E-5,23455,20.125,117.125
2.3370816155594996E-5,23456,19.875,117.125
2.2237699311717882E-5,23457,19.625,117.125
1.8485116271945444E-5,23458,19.375,117.125
1.485341903719554E-5,23459,19.125,117.125
1.7780868484159242E-5,23460,18.875,117.125
1.9840939481746463E-5,23461,18.625,117.125
1.7974574888688328E-5,23462,18.375,117.125
1.846587320265956E-5,23463,18.125,117.125
1.999630001194438E-5,23464,17.875,117.125
1.962165973003051E-5,23465,17.625,117.125
1.5789241138566737E-5,23466,17.375,117.125
2.043554871143605E-5,23467,17.125,117.125
2.1682854901534486E-5,23468,16.875,117.125
,23469,16.625,117.125
1.8511427526307473E-5,23470,16.375,117.125
2.3662331326534674E-5,23471,16.125,117.125
2.3186863791125814E-5,23472,15.875,117.125
2.1911392074660997E-5,23473,15.625,117.125
2.000876177071829E-5,23474,15.375,117.125
1.9523444265914813E-5,23475,15.125,117.125
1.7679720105111443E-5,23476,14.875,117.125
2.1565726686321826E-5,23477,14.625,117.125
8.310668262292448E-6,23478,14.375,117.125
1.755951351974136E-5,23479,14.125,117.125
2.591519704198317E-5,23480,13.875,117.125
1.5483682509517148E-5,23481,13.625,117.125
1.6869478993113474E-5,23482,13.375,117.125
1.618353116606168E-5,23483,13.125,117.125
1.5439092193198604E-5,23484,12.875,117.125
1.4003822929182302E-5,23485,12.625,117.125
1.310620797510337E-5,23486,12.375,117.125
1.312390026965149E-5,23487,12.125,117.125
1.0931613698971359E-5,23488,11.875,117.125
1.028168045594849E-5,23489,11.625,117.125
7.0486858907235044E-6,23490,11.375,117.125
9.351937174549432E-6,23491,11.125,117.125
5.04069021172211E-6,23492,10.875,117.125
6.942950274839746E-6,23493,10.625,117.125
7.035759016564637E-6,23494,10.375,117.125
8.033022300823093E-6,23495,10.125,117.125
9.79874101391398E-6,23496,9.875,117.125
1.2676675528125334E-5,23497,9.625,117.125
1.065349637599936E-5,23498,9.375,117.125
7.301573344059464E-6,23499,9.125,117.125
6.770269917316695E-6,23500,8.875,117.125
1.1414431541943765E-5,23501,8.625,117.125
6.6984356866054525E-6,23502,8.375,117.125
4.523276301893858E-6,23503,8.125,117.125
8.515761811485921E-6,23504,7.875,117.125
9.285388108703666E-6,23505,7.625,117.125
8.646844609388213E-6,23506,7.375,117.125
4.686174025415122E-6,23507,7.125,117.125
4.4291790652917E-6,23508,6.875,117.125
1.3436188551303944E-5,23509,6.625,117.125
,23510,6.375,117.125
3.0611108951809873E-6,23511,6.125,117.125
1.626294132856976E-5,23512,5.875,117.125
1.564281966351964E-5,23513,5.625,117.125
-2.4468690748841445E-6,23514,5.375,117.125
1.1336191123229677E-5,23515,5.125,117.125
9.301409576052101E-6,23516,4.875,117.125
9.863266331569209E-6,23517,4.625,117.125
1.394647859966654E-5,23518,4.375,117.125
8.262781582361084E-6,23519,4.125,117.125
6.662859425624953E-6,23520,3.875,117.125
1.58087115831951E-5,23521,3.625,117.125
6.019135124637042E-6,23522,3.375,117.125
9.175614865473104E-6,23523,3.125,117.125
5.6290819804376936E-6,23524,2.875,117.125
9.93847297628597E-6,23525,2.625,117.125
1.2678873189036369E-5,23526,2.375,117.125
9.18139307422839E-6,23527,2.125,117.125
1.271691263686613E-5,23528,1.875,117.125
7.519627623495396E-6,23529,1.625,117.125
7.505985323272215E-6,23530,1.375,117.125
6.254700822072868E-6,23531,1.125,117.125
1.3213231547784629E-5,23532,0.875,117.125
1.072417847634705E-5,23533,0.625,117.125
1.9031514688195185E-5,23534,0.375,117.125
,23535,0.125,117.125
1.8741526165958824E-5,23536,-0.125,117.125
1.885565835692422E-5,23537,-0.375,117.125
,23538,-0.625,117.125
,23539,-0.875,117.125
2.0102384079558004E-6,23540,-1.125,117.125
9.885826240723246E-6,23541,-1.375,117.125
1.1668746410441041E-5,23542,-1.625,117.125
1.1549877274942017E-5,23543,-1.875,117.125
1.7012143334925866E-6,23544,-2.125,117.125
5.060756083342273E-6,23545,-2.375,117.125
9.450384521708808E-6,23546,-2.625,117.125
,23547,-2.875,117.125
,23548,-3.125,117.125
,23549,-3.375,117.125
,23550,-3.625,117.125
,23551,-3.875,117.125
,23552,-4.125,117.125
7.633458186064889E-6,23553,-4.375,117.125
,23554,-4.625,117.125
,23555,-4.875,117.125
1.1758264646766532E-5,23556,-5.125,117.125
9.044167437898106E-6,23557,-5.375,117.125
1.1484722575786676E-5,23558,-5.625,117.125
,23559,-5.875,117.125
6.692100475877875E-6,23560,-6.125,117.125
9.004711733733279E-6,23561,-6.375,117.125
7.636439457494924E-6,23562,-6.625,117.125
,23563,-6.875,117.125
7.642432268161818E-6,23564,-7.125,117.125
1.4127974781510314E-5,23565,-7.375,117.125
,23566,-7.625,117.125
,23567,-7.875,117.125
,23568,-8.125,117.125
,23569,-8.375,117.125
,23570,-8.625,117.125
,23571,-8.875,117.125
,23572,-9.125,117.125
,23573,-9.375,117.125
,23574,-9.625,117.125
,23575,-9.875,117.125
-1.9981442171934186E-5,23576,-10.125,117.125
8.960037558177924E-6,23577,-10.375,117.125
5.856156017777382E-6,23578,-10.625,117.125
1.97280797668834E-6,23579,-10.875,117.125
8.979456864534998E-6,23580,-11.125,117.125
1.0013256360087332E-6,23581,-11.375,117.125
5.29132348620445E-7,23582,-11.625,117.125
4.492187339651339E-6,23583,-11.875,117.125
1.116468797685487E-4,23584,31.875,117.375
7.961824030767478E-5,23585,31.625,117.375
7.346905139782729E-5,23586,31.375,117.375
7.090784320347253E-5,23587,31.125,117.375
7.854115166375238E-5,23588,30.875,117.375
5.252050606068524E-5,23589,30.625,117.375
,23590,30.375,117.375
,23591,30.125,117.375
4.3039722112362763E-5,23592,29.875,117.375
4.695517833485788E-5,23593,29.625,117.375
4.6710137052129037E-5,23594,29.375,117.375
,23595,29.125,117.375
,23596,28.875,117.375
,23597,28.625,117.375
,23598,28.375,117.375
,23599,28.125,117.375
,23600,27.875,117.375
,23601,27.625,117.375
4.4350872382076294E-5,23602,27.375,117.375
4.589429355664824E-5,23603,27.125,117.375
4.8588498351822594E-5,23604,26.875,117.375
4.254484351297989E-5,23605,26.625,117.375
4.173784303458051E-5,23606,26.375,117.375
5.826874857241769E-5,23607,26.125,117.375
4.8311572464045174E-5,23608,25.875,117.375
,23609,25.625,117.375
,23610,25.375,117.375
,23611,25.125,117.375
,23612,24.875,117.375
,23613,24.625,117.375
,23614,24.375,117.375
,23615,24.125,117.375
,23616,23.875,117.375
,23617,23.625,117.375
,23618,23.375,117.375
,23619,23.125,117.375
,23620,22.875,117.375
,23621,22.625,117.375
,23622,22.375,117.375
,23623,22.125,117.375
,23624,21.875,117.375
,23625,21.625,117.375
2.1764654603371522E-5,23626,21.375,117.375
2.2866918979170306E-5,23627,21.125,117.375
2.567878278018498E-5,23628,20.875,117.375
2.5288257234343376E-5,23629,20.625,117.375
2.1198735196978244E-5,23630,20.375,117.375
2.3231105416800975E-5,23631,20.125,117.375
2.4062041313847587E-5,23632,19.875,117.375
2.081767775627563E-5,23633,19.625,117.375
2.281399526705556E-5,23634,19.375,117.375
2.0101279284719523E-5,23635,19.125,117.375
1.8135084330371115E-5,23636,18.875,117.375
1.8068482414872606E-5,23637,18.625,117.375
1.60350912555401E-5,23638,18.375,117.375
2.2393083846167236E-5,23639,18.125,117.375
1.76930966228123E-5,23640,17.875,117.375
1.9281825194518268E-5,23641,17.625,117.375
1.851007327592919E-5,23642,17.375,117.375
2.1733558006954964E-5,23643,17.125,117.375
1.7237341550692745E-5,23644,16.875,117.375
2.1168576397742003E-5,23645,16.625,117.375
2.05837686808483E-5,23646,16.375,117.375
2.154029341844543E-5,23647,16.125,117.375
2.357037727687322E-5,23648,15.875,117.375
2.0414032830481126E-5,23649,15.625,117.375
2.4328981056591472E-5,23650,15.375,117.375
2.2231659708372045E-5,23651,15.125,117.375
1.966797681021317E-5,23652,14.875,117.375
1.6562376332556662E-5,23653,14.625,117.375
1.7829802645876346E-5,23654,14.375,117.375
1.8779609339011246E-5,23655,14.125,117.375
1.5757405932432032E-5,23656,13.875,117.375
1.3218286187565978E-5,23657,13.625,117.375
1.584505553141793E-5,23658,13.375,117.375
1.3545616450389558E-5,23659,13.125,117.375
1.6851553693745325E-5,23660,12.875,117.375
1.7303075758676446E-5,23661,12.625,117.375
1.5566299955398163E-5,23662,12.375,117.375
1.4770939594812713E-5,23663,12.125,117.375
1.1621868308257216E-5,23664,11.875,117.375
6.800843666622999E-6,23665,11.625,117.375
5.263900050360506E-6,23666,11.375,117.375
6.020797378964915E-6,23667,11.125,117.375
6.901360413803184E-6,23668,10.875,117.375
7.236178515841432E-6,23669,10.625,117.375
7.76840478450637E-6,23670,10.375,117.375
7.323457613437072E-6,23671,10.125,117.375
8.547002005250019E-6,23672,9.875,117.375
2.0548223916130745E-5,23673,9.625,117.375
3.7819906376197687E-6,23674,9.375,117.375
7.541719208593612E-6,23675,9.125,117.375
9.928045988554621E-6,23676,8.875,117.375
1.4712006913084518E-5,23677,8.625,117.375
6.803904482326741E-6,23678,8.375,117.375
6.466777874624834E-6,23679,8.125,117.375
5.680856212669105E-6,23680,7.875,117.375
7.0225528127093535E-6,23681,7.625,117.375
6.794208411265065E-6,23682,7.375,117.375
2.6259380894074878E-6,23683,7.125,117.375
1.3438916176999734E-6,23684,6.875,117.375
1.6151718549623435E-6,23685,6.625,117.375
7.862497689230165E-6,23686,6.375,117.375
-4.167028220404247E-7,23687,6.125,117.375
7.868271632106283E-6,23688,5.875,117.375
1.4249732609654641E-5,23689,5.625,117.375
,23690,5.375,117.375
-4.991467277674288E-6,23691,5.125,117.375
7.67974874519513E-6,23692,4.875,117.375
5.924354572484815E-8,23693,4.625,117.375
1.0715637174350323E-5,23694,4.375,117.375
9.76979763845702E-6,23695,4.125,117.375
1.3241341883445039E-5,23696,3.875,117.375
8.96525108877164E-6,23697,3.625,117.375
1.0202846548552949E-5,23698,3.375,117.375
6.380695065449542E-6,23699,3.125,117.375
9.155443625157639E-6,23700,2.875,117.375
1.3784607918140715E-5,23701,2.625,117.375
9.60962528013154E-6,23702,2.375,117.375
1.137834895482391E-5,23703,2.125,117.375
4.657095107565467E-6,23704,1.875,117.375
,23705,1.625,117.375
7.744416146307076E-7,23706,1.375,117.375
1.1175736773743508E-5,23707,1.125,117.375
1.3273659783941848E-5,23708,0.875,117.375
1.7515686382539985E-5,23709,0.625,117.375
3.0627940725565666E-5,23710,0.375,117.375
1.7962104021248634E-5,23711,0.125,117.375
,23712,-0.125,117.375
,23713,-0.375,117.375
,23714,-0.625,117.375
,23715,-0.875,117.375
9.502000211794525E-6,23716,-1.125,117.375
1.3897308197202543E-5,23717,-1.375,117.375
1.2423254576593887E-5,23718,-1.625,117.375
1.0849058862013995E-5,23719,-1.875,117.375
1.2363710063436643E-5,23720,-2.125,117.375
7.931570041944233E-6,23721,-2.375,117.375
8.007657323554311E-6,23722,-2.625,117.375
1.0606711062344989E-5,23723,-2.875,117.375
,23724,-3.125,117.375
,23725,-3.375,117.375
,23726,-3.625,117.375
1.1547077140024682E-5,23727,-3.875,117.375
,23728,-4.125,117.375
,23729,-4.375,117.375
,23730,-4.625,117.375
,23731,-4.875,117.375
,23732,-5.125,117.375
,23733,-5.375,117.375
7.036058920505794E-8,23734,-5.625,117.375
1.006710903434589E-5,23735,-5.875,117.375
1.275006696516745E-5,23736,-6.125,117.375
1.256137999382062E-5,23737,-6.375,117.375
4.883398714986995E-6,23738,-6.625,117.375
,23739,-6.875,117.375
,23740,-7.125,117.375
,23741,-7.375,117.375
5.432350254584203E-6,23742,-7.625,117.375
,23743,-7.875,117.375
,23744,-8.125,117.375
,23745,-8.375,117.375
,23746,-8.625,117.375
,23747,-8.875,117.375
,23748,-9.125,117.375
-6.1768001328295865E-6,23749,-9.375,117.375
2.3586394521078274E-6,23750,-9.625,117.375
,23751,-9.875,117.375
,23752,-10.125,117.375
,23753,-10.375,117.375
,23754,-10.625,117.375
6.02395894337607E-6,23755,-10.875,117.375
1.1656963551708167E-5,23756,-11.125,117.375
-7.012395011203489E-6,23757,-11.375,117.375
4.105665964500934E-6,23758,-11.625,117.375
1.930088178350655E-6,23759,-11.875,117.375
8.544979184510929E-5,23760,31.875,117.625
7.35443578137637E-5,23761,31.625,117.625
7.329222190915818E-5,23762,31.375,117.625
6.619572549549164E-5,23763,31.125,117.625
6.976043055535684E-5,23764,30.875,117.625
4.949243801555608E-5,23765,30.625,117.625
,23766,30.375,117.625
,23767,30.125,117.625
3.8077195906546575E-5,23768,29.875,117.625
4.6114324670802774E-5,23769,29.625,117.625
,23770,29.375,117.625
,23771,29.125,117.625
,23772,28.875,117.625
,23773,28.625,117.625
,23774,28.375,117.625
,23775,28.125,117.625
,23776,27.875,117.625
,23777,27.625,117.625
4.745498177715635E-5,23778,27.375,117.625
4.1565523498540936E-5,23779,27.125,117.625
4.856045057807741E-5,23780,26.875,117.625
5.078079319802594E-5,23781,26.625,117.625
4.386200053475766E-5,23782,26.375,117.625
4.545612228699893E-5,23783,26.125,117.625
4.57228986139277E-5,23784,25.875,117.625
4.831386047015966E-5,23785,25.625,117.625
,23786,25.375,117.625
,23787,25.125,117.625
,23788,24.875,117.625
,23789,24.625,117.625
,23790,24.375,117.625
,23791,24.125,117.625
,23792,23.875,117.625
,23793,23.625,117.625
,23794,23.375,117.625
,23795,23.125,117.625
,23796,22.875,117.625
,23797,22.625,117.625
,23798,22.375,117.625
,23799,22.125,117.625
,23800,21.875,117.625
,23801,21.625,117.625
2.395847953268593E-5,23802,21.375,117.625
2.342650673016119E-5,23803,21.125,117.625
2.4713609431654442E-5,23804,20.875,117.625
2.674021069565871E-5,23805,20.625,117.625
2.3860499665104053E-5,23806,20.375,117.625
2.4141256058985208E-5,23807,20.125,117.625
2.000085848396888E-5,23808,19.875,117.625
1.884630489297991E-5,23809,19.625,117.625
1.9314112637148566E-5,23810,19.375,117.625
2.0686152550328697E-5,23811,19.125,117.625
1.851747932851811E-5,23812,18.875,117.625
1.9278045174182013E-5,23813,18.625,117.625
1.9440365964153337E-5,23814,18.375,117.625
1.7489233853877436E-5,23815,18.125,117.625
2.0412856161797467E-5,23816,17.875,117.625
1.9007837822494476E-5,23817,17.625,117.625
2.06610950977865E-5,23818,17.375,117.625
1.5091164491271336E-5,23819,17.125,117.625
1.7898920335473677E-5,23820,16.875,117.625
2.1615114536949832E-5,23821,16.625,117.625
2.3327420041655858E-5,23822,16.375,117.625
2.04997257183157E-5,23823,16.125,117.625
2.4904682643320534E-5,23824,15.875,117.625
2.264071289406358E-5,23825,15.625,117.625
2.3444843297919872E-5,23826,15.375,117.625
2.4507762629607246E-5,23827,15.125,117.625
1.9114390236169676E-5,23828,14.875,117.625
1.9797232111500766E-5,23829,14.625,117.625
1.9995653758741242E-5,23830,14.375,117.625
1.3721350390619876E-5,23831,14.125,117.625
1.8389957195874727E-5,23832,13.875,117.625
1.3115427187861815E-5,23833,13.625,117.625
1.246330956857026E-5,23834,13.375,117.625
1.5179606636425899E-5,23835,13.125,117.625
1.4257437100010543E-5,23836,12.875,117.625
1.1946057201867274E-5,23837,12.625,117.625
1.1687547787999977E-5,23838,12.375,117.625
1.2244705966985452E-5,23839,12.125,117.625
9.51450859536648E-6,23840,11.875,117.625
8.382259092807598E-6,23841,11.625,117.625
9.257676763754134E-6,23842,11.375,117.625
6.7246201097702544E-6,23843,11.125,117.625
6.986741909637956E-6,23844,10.875,117.625
1.0272348056867391E-5,23845,10.625,117.625
8.74989925458161E-6,23846,10.375,117.625
9.233849317768771E-6,23847,10.125,117.625
9.165623435032934E-6,23848,9.875,117.625
2.6635116367579338E-5,23849,9.625,117.625
1.851290119829515E-6,23850,9.375,117.625
7.003794949058123E-6,23851,9.125,117.625
8.716965838777883E-6,23852,8.875,117.625
4.886341565836933E-6,23853,8.625,117.625
8.178705845971517E-6,23854,8.375,117.625
8.646292451541174E-6,23855,8.125,117.625
8.87733305686373E-6,23856,7.875,117.625
6.025769603593551E-6,23857,7.625,117.625
7.065916485320108E-6,23858,7.375,117.625
4.9119848688054855E-6,23859,7.125,117.625
5.782026908684661E-6,23860,6.875,117.625
5.498296146968875E-6,23861,6.625,117.625
7.024487741443137E-6,23862,6.375,117.625
8.299839538784007E-6,23863,6.125,117.625
4.766975216238524E-6,23864,5.875,117.625
1.7895919795818024E-6,23865,5.625,117.625
1.0396221572118065E-5,23866,5.375,117.625
5.577163636453082E-6,23867,5.125,117.625
,23868,4.875,117.625
,23869,4.625,117.625
,23870,4.375,117.625
1.5200122811638273E-5,23871,4.125,117.625
7.058653986372918E-6,23872,3.875,117.625
1.8341527446733692E-6,23873,3.625,117.625
1.4512482484913367E-5,23874,3.375,117.625
9.891724967526509E-6,23875,3.125,117.625
8.270246625244099E-6,23876,2.875,117.625
9.575290734278023E-6,23877,2.625,117.625
9.155825922949855E-6,23878,2.375,117.625
1.3699211767365624E-5,23879,2.125,117.625
1.8167853375902818E-5,23880,1.875,117.625
,23881,1.625,117.625
-2.7347093741910082E-6,23882,1.375,117.625
1.561265641535307E-5,23883,1.125,117.625
1.7205486147606907E-5,23884,0.875,117.625
4.305087999700366E-5,23885,0.625,117.625
2.42116329336017E-5,23886,0.375,117.625
3.645052455650304E-5,23887,0.125,117.625
1.972768108581749E-5,23888,-0.125,117.625
1.5977524114991438E-5,23889,-0.375,117.625
1.4478287779835407E-5,23890,-0.625,117.625
-4.143676068841018E-9,23891,-0.875,117.625
,23892,-1.125,117.625
5.256090806890282E-6,23893,-1.375,117.625
1.2714481972644045E-5,23894,-1.625,117.625
1.1537886347250915E-5,23895,-1.875,117.625
8.983343652726295E-6,23896,-2.125,117.625
9.514162441495872E-6,23897,-2.375,117.625
9.151460669483164E-6,23898,-2.625,117.625
6.360220404711112E-6,23899,-2.875,117.625
,23900,-3.125,117.625
,23901,-3.375,117.625
,23902,-3.625,117.625
1.226876976829342E-5,23903,-3.875,117.625
,23904,-4.125,117.625
,23905,-4.375,117.625
,23906,-4.625,117.625
,23907,-4.875,117.625
,23908,-5.125,117.625
,23909,-5.375,117.625
,23910,-5.625,117.625
1.0772292431822917E-5,23911,-5.875,117.625
1.1661480461896989E-5,23912,-6.125,117.625
8.346019986090415E-6,23913,-6.375,117.625
8.448687136340065E-6,23914,-6.625,117.625
,23915,-6.875,117.625
,23916,-7.125,117.625
,23917,-7.375,117.625
,23918,-7.625,117.625
,23919,-7.875,117.625
,23920,-8.125,117.625
,23921,-8.375,117.625
,23922,-8.625,117.625
,23923,-8.875,117.625
,23924,-9.125,117.625
-1.904935702567251E-6,23925,-9.375,117.625
2.3586394285513067E-6,23926,-9.625,117.625
,23927,-9.875,117.625
,23928,-10.125,117.625
,23929,-10.375,117.625
,23930,-10.625,117.625
,23931,-10.875,117.625
,23932,-11.125,117.625
1.2804126086807744E-5,23933,-11.375,117.625
4.481360165739377E-6,23934,-11.625,117.625
2.474909652064413E-6,23935,-11.875,117.625
7.44264488457872E-5,23936,31.875,117.875
7.992747221925271E-5,23937,31.625,117.875
9.187900988162126E-5,23938,31.375,117.875
9.74215757270989E-5,23939,31.125,117.875
1.0275435598022911E-4,23940,30.875,117.875
,23941,30.625,117.875
,23942,30.375,117.875
,23943,30.125,117.875
3.9990409213394664E-5,23944,29.875,117.875
,23945,29.625,117.875
,23946,29.375,117.875
,23947,29.125,117.875
,23948,28.875,117.875
,23949,28.625,117.875
,23950,28.375,117.875
,23951,28.125,117.875
,23952,27.875,117.875
,23953,27.625,117.875
4.789395506553164E-5,23954,27.375,117.875
4.2391710528228614E-5,23955,27.125,117.875
4.0805201896796766E-5,23956,26.875,117.875
,23957,26.625,117.875
,23958,26.375,117.875
4.586156052275129E-5,23959,26.125,117.875
4.370480207016985E-5,23960,25.875,117.875
,23961,25.625,117.875
,23962,25.375,117.875
,23963,25.125,117.875
,23964,24.875,117.875
,23965,24.625,117.875
,23966,24.375,117.875
,23967,24.125,117.875
,23968,23.875,117.875
3.6904590547929295E-5,23969,23.625,117.875
,23970,23.375,117.875
,23971,23.125,117.875
,23972,22.875,117.875
,23973,22.625,117.875
,23974,22.375,117.875
,23975,22.125,117.875
,23976,21.875,117.875
2.3960329400088316E-5,23977,21.625,117.875
2.833130556261094E-5,23978,21.375,117.875
3.0362737621099686E-5,23979,21.125,117.875
2.7264551012777596E-5,23980,20.875,117.875
2.6014158609310404E-5,23981,20.625,117.875
2.5748823847054848E-5,23982,20.375,117.875
2.8742427149202006E-5,23983,20.125,117.875
2.652053446613237E-5,23984,19.875,117.875
2.531578633946864E-5,23985,19.625,117.875
2.203216078168934E-5,23986,19.375,117.875
2.067483989858713E-5,23987,19.125,117.875
1.823326246655974E-5,23988,18.875,117.875
2.3083045896924864E-5,23989,18.625,117.875
1.9375219925109303E-5,23990,18.375,117.875
1.7735502811553E-5,23991,18.125,117.875
2.1060730208697133E-5,23992,17.875,117.875
1.7103914720225422E-5,23993,17.625,117.875
1.6191897394139912E-5,23994,17.375,117.875
1.699411683223276E-5,23995,17.125,117.875
2.0020920393068365E-5,23996,16.875,117.875
1.9573505693658152E-5,23997,16.625,117.875
2.6142665430847788E-5,23998,16.375,117.875
2.5216692089088174E-5,23999,16.125,117.875
2.6141665944470296E-5,24000,15.875,117.875
2.4570058348689148E-5,24001,15.625,117.875
2.2750696889895038E-5,24002,15.375,117.875
2.197270492881253E-5,24003,15.125,117.875
2.7266842229955797E-5,24004,14.875,117.875
2.0798017703962665E-5,24005,14.625,117.875
1.8330386924952597E-5,24006,14.375,117.875
2.07598789110473E-5,24007,14.125,117.875
1.9438351604700524E-5,24008,13.875,117.875
1.416492054082436E-5,24009,13.625,117.875
1.520182724979372E-5,24010,13.375,117.875
1.7257974627092513E-5,24011,13.125,117.875
1.5009793353222682E-5,24012,12.875,117.875
1.4738891268467161E-5,24013,12.625,117.875
1.1791035733868942E-5,24014,12.375,117.875
7.715400966246928E-6,24015,12.125,117.875
8.132645768399132E-6,24016,11.875,117.875
6.341426249157285E-6,24017,11.625,117.875
8.457410561520726E-6,24018,11.375,117.875
7.906180298320218E-6,24019,11.125,117.875
9.714147091919027E-6,24020,10.875,117.875
7.126317535913222E-6,24021,10.625,117.875
7.2012561532143794E-6,24022,10.375,117.875
1.0041578863087803E-5,24023,10.125,117.875
6.9253748137869264E-6,24024,9.875,117.875
1.5213501457095625E-5,24025,9.625,117.875
5.85358855715807E-6,24026,9.375,117.875
9.892840167602664E-6,24027,9.125,117.875
3.1219015800784542E-6,24028,8.875,117.875
6.029722272305351E-6,24029,8.625,117.875
9.733806299885723E-6,24030,8.375,117.875
1.0256781985569813E-5,24031,8.125,117.875
5.830271950640306E-6,24032,7.875,117.875
5.6689015298480705E-6,24033,7.625,117.875
4.460544986816861E-6,24034,7.375,117.875
6.809694421475851E-6,24035,7.125,117.875
5.393115729230083E-6,24036,6.875,117.875
5.039095935651296E-6,24037,6.625,117.875
7.632528401365476E-6,24038,6.375,117.875
6.8916214954324755E-6,24039,6.125,117.875
1.213435804475119E-5,24040,5.875,117.875
1.1215594255941852E-5,24041,5.625,117.875
1.6299157779373188E-6,24042,5.375,117.875
1.0311595908363861E-5,24043,5.125,117.875
1.3956143224383984E-5,24044,4.875,117.875
,24045,4.625,117.875
1.1840526381408854E-5,24046,4.375,117.875
9.759547882221595E-6,24047,4.125,117.875
6.9597925638431705E-6,24048,3.875,117.875
5.608801018212232E-6,24049,3.625,117.875
1.0961193250248066E-5,24050,3.375,117.875
1.038894763563958E-5,24051,3.125,117.875
6.097091705380899E-6,24052,2.875,117.875
7.115191681027785E-6,24053,2.625,117.875
1.5387422415932833E-5,24054,2.375,117.875
7.099594064896627E-6,24055,2.125,117.875
2.7335804198739764E-6,24056,1.875,117.875
3.9458187211627015E-6,24057,1.625,117.875
2.4731684469273274E-6,24058,1.375,117.875
1.1793744351125257E-5,24059,1.125,117.875
1.2833689707848216E-5,24060,0.875,117.875
1.5703804074083912E-5,24061,0.625,117.875
1.8469270730096506E-5,24062,0.375,117.875
1.9949070999650415E-5,24063,0.125,117.875
1.9204584918977705E-5,24064,-0.125,117.875
1.3742863068471728E-5,24065,-0.375,117.875
1.0454133576499103E-5,24066,-0.625,117.875
1.8098625472988915E-5,24067,-0.875,117.875
,24068,-1.125,117.875
1.112471279631846E-5,24069,-1.375,117.875
8.552610218702962E-6,24070,-1.625,117.875
7.086934654868833E-6,24071,-1.875,117.875
8.83117852237979E-6,24072,-2.125,117.875
7.503919165243316E-6,24073,-2.375,117.875
1.0982625222096007E-5,24074,-2.625,117.875
,24075,-2.875,117.875
8.520089034965655E-6,24076,-3.125,117.875
9.222249932176852E-6,24077,-3.375,117.875
1.0664790574615006E-5,24078,-3.625,117.875
,24079,-3.875,117.875
,24080,-4.125,117.875
,24081,-4.375,117.875
,24082,-4.625,117.875
,24083,-4.875,117.875
,24084,-5.125,117.875
,24085,-5.375,117.875
,24086,-5.625,117.875
,24087,-5.875,117.875
,24088,-6.125,117.875
9.50185402977265E-6,24089,-6.375,117.875
,24090,-6.625,117.875
,24091,-6.875,117.875
,24092,-7.125,117.875
,24093,-7.375,117.875
,24094,-7.625,117.875
,24095,-7.875,117.875
,24096,-8.125,117.875
,24097,-8.375,117.875
,24098,-8.625,117.875
,24099,-8.875,117.875
-4.227726637828598E-6,24100,-9.125,117.875
3.913915160753921E-6,24101,-9.375,117.875
7.257042859877863E-6,24102,-9.625,117.875
,24103,-9.875,117.875
,24104,-10.125,117.875
,24105,-10.375,117.875
,24106,-10.625,117.875
,24107,-10.875,117.875
,24108,-11.125,117.875
,24109,-11.375,117.875
,24110,-11.625,117.875
6.106652075642814E-6,24111,-11.875,117.875
7.021234923097352E-5,24112,31.875,118.125
7.879122999423958E-5,24113,31.625,118.125
8.846778647597285E-5,24114,31.375,118.125
1.1668041080625968E-4,24115,31.125,118.125
1.1336604207453491E-4,24116,30.875,118.125
,24117,30.625,118.125
,24118,30.375,118.125
,24119,30.125,118.125
,24120,29.875,118.125
,24121,29.625,118.125
,24122,29.375,118.125
,24123,29.125,118.125
,24124,28.875,118.125
,24125,28.625,118.125
,24126,28.375,118.125
,24127,28.125,118.125
,24128,27.875,118.125
,24129,27.625,118.125
,24130,27.375,118.125
,24131,27.125,118.125
,24132,26.875,118.125
3.885979168506237E-5,24133,26.625,118.125
3.557879962162544E-5,24134,26.375,118.125
4.042075378276132E-5,24135,26.125,118.125
,24136,25.875,118.125
,24137,25.625,118.125
,24138,25.375,118.125
,24139,25.125,118.125
,24140,24.875,118.125
,24141,24.625,118.125
,24142,24.375,118.125
3.983308747273912E-5,24143,24.125,118.125
3.931242851606189E-5,24144,23.875,118.125
3.5345502054096946E-5,24145,23.625,118.125
4.000106119591778E-5,24146,23.375,118.125
3.5524985694252146E-5,24147,23.125,118.125
3.290250286894029E-5,24148,22.875,118.125
,24149,22.625,118.125
,24150,22.375,118.125
2.6540057275752947E-5,24151,22.125,118.125
2.3464462928057335E-5,24152,21.875,118.125
2.8641761948763648E-5,24153,21.625,118.125
2.8629702634422094E-5,24154,21.375,118.125
2.74649620892292E-5,24155,21.125,118.125
2.524565457962613E-5,24156,20.875,118.125
2.66172258912462E-5,24157,20.625,118.125
2.655982815275084E-5,24158,20.375,118.125
2.3814320404955893E-5,24159,20.125,118.125
2.5364062591034772E-5,24160,19.875,118.125
2.13828638033782E-5,24161,19.625,118.125
2.3877913832571404E-5,24162,19.375,118.125
2.382782081926718E-5,24163,19.125,118.125
2.2339298435289502E-5,24164,18.875,118.125
2.221915232952692E-5,24165,18.625,118.125
2.12201158581072E-5,24166,18.375,118.125
2.208573626715339E-5,24167,18.125,118.125
2.099416065396198E-5,24168,17.875,118.125
2.1528394712743255E-5,24169,17.625,118.125
1.6984881593357217E-5,24170,17.375,118.125
2.0820946112356716E-5,24171,17.125,118.125
1.8584222419635678E-5,24172,16.875,118.125
2.036274817855282E-5,24173,16.625,118.125
2.2825524130001217E-5,24174,16.375,118.125
2.2787751112325766E-5,24175,16.125,118.125
2.429639431929006E-5,24176,15.875,118.125
,24177,15.625,118.125
2.1480560458859882E-5,24178,15.375,118.125
2.6748707805258227E-5,24179,15.125,118.125
2.6587703961438876E-5,24180,14.875,118.125
2.0912917634179775E-5,24181,14.625,118.125
2.019033147814622E-5,24182,14.375,118.125
1.4909349909024655E-5,24183,14.125,118.125
1.7527700895702903E-5,24184,13.875,118.125
1.598512704785918E-5,24185,13.625,118.125
1.7504511616547647E-5,24186,13.375,118.125
1.728442355300161E-5,24187,13.125,118.125
1.5326618685142365E-5,24188,12.875,118.125
1.4272664523776843E-5,24189,12.625,118.125
1.1590221533043162E-5,24190,12.375,118.125
1.133569866849759E-5,24191,12.125,118.125
1.3357077697691262E-5,24192,11.875,118.125
1.089478055192131E-5,24193,11.625,118.125
4.325874756892829E-6,24194,11.375,118.125
7.758979077715187E-6,24195,11.125,118.125
8.34751963548446E-6,24196,10.875,118.125
7.702548904503227E-6,24197,10.625,118.125
7.840454915707282E-6,24198,10.375,118.125
1.1578591243772408E-5,24199,10.125,118.125
1.1832064826292154E-5,24200,9.875,118.125
,24201,9.625,118.125
9.743668416358815E-6,24202,9.375,118.125
1.338881297661387E-6,24203,9.125,118.125
9.111676411491495E-6,24204,8.875,118.125
9.46528905182482E-6,24205,8.625,118.125
7.392140891364448E-6,24206,8.375,118.125
6.379149656211477E-6,24207,8.125,118.125
6.264858188479998E-6,24208,7.875,118.125
5.956350174516113E-6,24209,7.625,118.125
9.258334528662248E-6,24210,7.375,118.125
1.0349240576597518E-5,24211,7.125,118.125
9.493002251343323E-6,24212,6.875,118.125
7.158079964919651E-6,24213,6.625,118.125
5.761590233496173E-6,24214,6.375,118.125
8.815948859433343E-6,24215,6.125,118.125
1.0549482627553662E-5,24216,5.875,118.125
1.5213439760821103E-5,24217,5.625,118.125
1.6470211006119485E-5,24218,5.375,118.125
1.1049281638704002E-5,24219,5.125,118.125
3.7470913499706933E-6,24220,4.875,118.125
4.562360863890366E-6,24221,4.625,118.125
,24222,4.375,118.125
2.8698167385978507E-6,24223,4.125,118.125
7.686867956157341E-6,24224,3.875,118.125
1.3107091729924614E-5,24225,3.625,118.125
8.824476413722514E-6,24226,3.375,118.125
8.472433532524951E-6,24227,3.125,118.125
7.233926354779899E-6,24228,2.875,118.125
9.223538506975297E-6,24229,2.625,118.125
6.914554339756907E-6,24230,2.375,118.125
8.276576422132092E-6,24231,2.125,118.125
7.256436693838362E-6,24232,1.875,118.125
8.43456025297161E-6,24233,1.625,118.125
-1.3783586942223937E-6,24234,1.375,118.125
6.697666938335692E-6,24235,1.125,118.125
9.900846123614327E-6,24236,0.875,118.125
1.158318693313999E-5,24237,0.625,118.125
1.5956895634074508E-5,24238,0.375,118.125
1.4897167827851535E-5,24239,0.125,118.125
2.2097943337039267E-5,24240,-0.125,118.125
1.3103556492901947E-5,24241,-0.375,118.125
1.3372466055347663E-5,24242,-0.625,118.125
1.4404809747273477E-5,24243,-0.875,118.125
8.426641289651336E-6,24244,-1.125,118.125
8.021121628497907E-6,24245,-1.375,118.125
7.404858085066087E-6,24246,-1.625,118.125
6.104858931132379E-6,24247,-1.875,118.125
1.0591156973403101E-5,24248,-2.125,118.125
6.869049012381091E-6,24249,-2.375,118.125
,24250,-2.625,118.125
,24251,-2.875,118.125
1.0746395773367919E-5,24252,-3.125,118.125
,24253,-3.375,118.125
,24254,-3.625,118.125
,24255,-3.875,118.125
,24256,-4.125,118.125
,24257,-4.375,118.125
,24258,-4.625,118.125
,24259,-4.875,118.125
,24260,-5.125,118.125
,24261,-5.375,118.125
,24262,-5.625,118.125
,24263,-5.875,118.125
,24264,-6.125,118.125
,24265,-6.375,118.125
,24266,-6.625,118.125
,24267,-6.875,118.125
,24268,-7.125,118.125
,24269,-7.375,118.125
,24270,-7.625,118.125
,24271,-7.875,118.125
,24272,-8.125,118.125
,24273,-8.375,118.125
,24274,-8.625,118.125
,24275,-8.875,118.125
4.06564008010909E-6,24276,-9.125,118.125
7.321981069304125E-6,24277,-9.375,118.125
,24278,-9.625,118.125
,24279,-9.875,118.125
,24280,-10.125,118.125
,24281,-10.375,118.125
,24282,-10.625,118.125
,24283,-10.875,118.125
,24284,-11.125,118.125
,24285,-11.375,118.125
,24286,-11.625,118.125
-2.280940508061526E-6,24287,-11.875,118.125
6.885233180014927E-5,24288,31.875,118.375
1.267702084254593E-4,24289,31.625,118.375
2.1208018028677427E-4,24290,31.375,118.375
1.9740560419256783E-4,24291,31.125,118.375
1.9124065726009007E-4,24292,30.875,118.375
,24293,30.625,118.375
,24294,30.375,118.375
,24295,30.125,118.375
,24296,29.875,118.375
,24297,29.625,118.375
,24298,29.375,118.375
,24299,29.125,118.375
,24300,28.875,118.375
,24301,28.625,118.375
,24302,28.375,118.375
,24303,28.125,118.375
,24304,27.875,118.375
3.259134607199177E-5,24305,27.625,118.375
4.1059570191980784E-5,24306,27.375,118.375
,24307,27.125,118.375
,24308,26.875,118.375
4.511223335725297E-5,24309,26.625,118.375
,24310,26.375,118.375
,24311,26.125,118.375
,24312,25.875,118.375
,24313,25.625,118.375
,24314,25.375,118.375
,24315,25.125,118.375
,24316,24.875,118.375
,24317,24.625,118.375
,24318,24.375,118.375
3.471182205011476E-5,24319,24.125,118.375
,24320,23.875,118.375
3.593326363446737E-5,24321,23.625,118.375
,24322,23.375,118.375
3.8619032474911314E-5,24323,23.125,118.375
,24324,22.875,118.375
,24325,22.625,118.375
,24326,22.375,118.375
2.371724433088723E-5,24327,22.125,118.375
2.5297062528534493E-5,24328,21.875,118.375
2.910723028613842E-5,24329,21.625,118.375
3.1167341721489635E-5,24330,21.375,118.375
3.1973481955186196E-5,24331,21.125,118.375
2.8740447579035936E-5,24332,20.875,118.375
2.6174327807858817E-5,24333,20.625,118.375
2.6559828722773362E-5,24334,20.375,118.375
2.314943842652437E-5,24335,20.125,118.375
2.5615310129821334E-5,24336,19.875,118.375
2.4429977206500136E-5,24337,19.625,118.375
2.4534976873480954E-5,24338,19.375,118.375
2.3684978490691717E-5,24339,19.125,118.375
2.3860977330118187E-5,24340,18.875,118.375
2.285650338105956E-5,24341,18.625,118.375
2.1572570447006614E-5,24342,18.375,118.375
2.213902156187974E-5,24343,18.125,118.375
2.3726342230828708E-5,24344,17.875,118.375
1.935020336965775E-5,24345,17.625,118.375
2.144801140780912E-5,24346,17.375,118.375
1.7774820818897043E-5,24347,17.125,118.375
1.9512786193543897E-5,24348,16.875,118.375
2.0143499047357492E-5,24349,16.625,118.375
2.3479194617886256E-5,24350,16.375,118.375
2.4863383792324946E-5,24351,16.125,118.375
2.4598096518697593E-5,24352,15.875,118.375
2.57906564667225E-5,24353,15.625,118.375
2.6676307923940886E-5,24354,15.375,118.375
2.665637976895176E-5,24355,15.125,118.375
2.792129611381534E-5,24356,14.875,118.375
2.2785145396866E-5,24357,14.625,118.375
2.2050538386682933E-5,24358,14.375,118.375
1.6974778745623136E-5,24359,14.125,118.375
1.4374383845786583E-5,24360,13.875,118.375
1.4519628319524943E-5,24361,13.625,118.375
1.7800396756035837E-5,24362,13.375,118.375
1.6099588449221496E-5,24363,13.125,118.375
1.4604903602045569E-5,24364,12.875,118.375
1.0800520141336811E-5,24365,12.625,118.375
8.600819540845888E-6,24366,12.375,118.375
1.0427025309668136E-5,24367,12.125,118.375
1.0256466018433806E-5,24368,11.875,118.375
9.58488656929009E-6,24369,11.625,118.375
1.0716769913623065E-5,24370,11.375,118.375
1.0443037509746477E-5,24371,11.125,118.375
8.237366019099025E-6,24372,10.875,118.375
1.2425302618987209E-5,24373,10.625,118.375
1.015413891588435E-5,24374,10.375,118.375
9.357933576988111E-6,24375,10.125,118.375
1.257275875372064E-5,24376,9.875,118.375
,24377,9.625,118.375
1.1513201511823344E-5,24378,9.375,118.375
9.081995201777751E-6,24379,9.125,118.375
9.697841360281698E-6,24380,8.875,118.375
7.275843368283926E-6,24381,8.625,118.375
9.725065581984182E-6,24382,8.375,118.375
9.778336379064989E-6,24383,8.125,118.375
6.019600052034991E-6,24384,7.875,118.375
3.6649286870241026E-6,24385,7.625,118.375
6.268171925241489E-6,24386,7.375,118.375
8.010422067025426E-6,24387,7.125,118.375
5.457487868228821E-6,24388,6.875,118.375
6.19437471613809E-6,24389,6.625,118.375
4.811752658441131E-6,24390,6.375,118.375
7.160815502567409E-6,24391,6.125,118.375
6.480848058896881E-6,24392,5.875,118.375
2.2207752376109937E-5,24393,5.625,118.375
2.220775242585556E-5,24394,5.375,118.375
7.246461137199208E-6,24395,5.125,118.375
3.7246450869690076E-6,24396,4.875,118.375
9.90690239265807E-6,24397,4.625,118.375
-1.2040992672929547E-5,24398,4.375,118.375
1.8982845103476526E-6,24399,4.125,118.375
8.907120810626346E-6,24400,3.875,118.375
4.073437412639553E-6,24401,3.625,118.375
6.5747160179102325E-6,24402,3.375,118.375
1.2558710634081627E-5,24403,3.125,118.375
8.522772774820386E-6,24404,2.875,118.375
1.0165674528502308E-5,24405,2.625,118.375
6.635717848826595E-6,24406,2.375,118.375
5.731130047092633E-6,24407,2.125,118.375
4.838350775044967E-6,24408,1.875,118.375
6.130417829558507E-6,24409,1.625,118.375
9.683369581075469E-6,24410,1.375,118.375
1.2495655333302603E-5,24411,1.125,118.375
7.848081974175759E-6,24412,0.875,118.375
1.1133419513092201E-5,24413,0.625,118.375
1.3880932479041168E-5,24414,0.375,118.375
1.3346900206152545E-5,24415,0.125,118.375
2.096288399704018E-5,24416,-0.125,118.375
1.3953326680516028E-5,24417,-0.375,118.375
1.1733762342046458E-5,24418,-0.625,118.375
1.5154425589176576E-5,24419,-0.875,118.375
9.969201713375865E-6,24420,-1.125,118.375
6.091384953788555E-6,24421,-1.375,118.375
6.889479292608078E-6,24422,-1.625,118.375
9.876500826342173E-6,24423,-1.875,118.375
7.2224870335957485E-6,24424,-2.125,118.375
7.738182144273637E-6,24425,-2.375,118.375
9.513774520948415E-6,24426,-2.625,118.375
,24427,-2.875,118.375
,24428,-3.125,118.375
,24429,-3.375,118.375
,24430,-3.625,118.375
,24431,-3.875,118.375
,24432,-4.125,118.375
,24433,-4.375,118.375
,24434,-4.625,118.375
1.1040110599171212E-5,24435,-4.875,118.375
5.192627852501715E-6,24436,-5.125,118.375
9.196279517587529E-6,24437,-5.375,118.375
,24438,-5.625,118.375
,24439,-5.875,118.375
,24440,-6.125,118.375
,24441,-6.375,118.375
3.5785168665829223E-6,24442,-6.625,118.375
,24443,-6.875,118.375
,24444,-7.125,118.375
,24445,-7.375,118.375
,24446,-7.625,118.375
,24447,-7.875,118.375
,24448,-8.125,118.375
,24449,-8.375,118.375
,24450,-8.625,118.375
,24451,-8.875,118.375
,24452,-9.125,118.375
,24453,-9.375,118.375
,24454,-9.625,118.375
,24455,-9.875,118.375
,24456,-10.125,118.375
,24457,-10.375,118.375
,24458,-10.625,118.375
,24459,-10.875,118.375
,24460,-11.125,118.375
,24461,-11.375,118.375
,24462,-11.625,118.375
3.8301068567949365E-6,24463,-11.875,118.375
1.5524438482611468E-4,24464,31.875,118.625
1.711404741975182E-4,24465,31.625,118.625
1.690472752329526E-4,24466,31.375,118.625
1.1422230217941688E-4,24467,31.125,118.625
9.653082143094552E-5,24468,30.875,118.625
,24469,30.625,118.625
,24470,30.375,118.625
,24471,30.125,118.625
,24472,29.875,118.625
,24473,29.625,118.625
,24474,29.375,118.625
,24475,29.125,118.625
,24476,28.875,118.625
,24477,28.625,118.625
,24478,28.375,118.625
,24479,28.125,118.625
4.7996429066833474E-5,24480,27.875,118.625
,24481,27.625,118.625
,24482,27.375,118.625
,24483,27.125,118.625
3.6319015689275904E-5,24484,26.875,118.625
4.469813491547519E-5,24485,26.625,118.625
4.468067699196891E-5,24486,26.375,118.625
,24487,26.125,118.625
,24488,25.875,118.625
,24489,25.625,118.625
,24490,25.375,118.625
,24491,25.125,118.625
,24492,24.875,118.625
,24493,24.625,118.625
,24494,24.375,118.625
,24495,24.125,118.625
,24496,23.875,118.625
,24497,23.625,118.625
,24498,23.375,118.625
,24499,23.125,118.625
,24500,22.875,118.625
2.8513806839064554E-5,24501,22.625,118.625
,24502,22.375,118.625
2.6822365963155252E-5,24503,22.125,118.625
3.288617677545948E-5,24504,21.875,118.625
2.7054285833840014E-5,24505,21.625,118.625
3.0698138621486045E-5,24506,21.375,118.625
2.8259832627292524E-5,24507,21.125,118.625
2.87109430096987E-5,24508,20.875,118.625
2.771797972254753E-5,24509,20.625,118.625
3.112436867171753E-5,24510,20.375,118.625
2.699466775604573E-5,24511,20.125,118.625
2.5929881507637618E-5,24512,19.875,118.625
2.7079118572915212E-5,24513,19.625,118.625
2.395993127196514E-5,24514,19.375,118.625
2.3228299175888966E-5,24515,19.125,118.625
2.4689456441534275E-5,24516,18.875,118.625
2.0257506950556694E-5,24517,18.625,118.625
2.2807253310340098E-5,24518,18.375,118.625
2.1924766457522747E-5,24519,18.125,118.625
2.2681985440903393E-5,24520,17.875,118.625
2.277196000254132E-5,24521,17.625,118.625
2.2528724693239065E-5,24522,17.375,118.625
2.1871386653358078E-5,24523,17.125,118.625
2.0680947263464122E-5,24524,16.875,118.625
2.149235990564806E-5,24525,16.625,118.625
2.262618980869255E-5,24526,16.375,118.625
2.40131531614045E-5,24527,16.125,118.625
2.5023505697144245E-5,24528,15.875,118.625
3.026904599221045E-5,24529,15.625,118.625
2.68138029276866E-5,24530,15.375,118.625
2.8316387359944147E-5,24531,15.125,118.625
2.612711044464806E-5,24532,14.875,118.625
2.4385962652569195E-5,24533,14.625,118.625
1.9346804406905785E-5,24534,14.375,118.625
2.0500157580638334E-5,24535,14.125,118.625
1.5797230917869676E-5,24536,13.875,118.625
1.787235396289633E-5,24537,13.625,118.625
1.6625742292162908E-5,24538,13.375,118.625
1.6943921293022123E-5,24539,13.125,118.625
1.4409821020101708E-5,24540,12.875,118.625
1.3382637467976634E-5,24541,12.625,118.625
1.4148201535091164E-5,24542,12.375,118.625
1.3185177026801994E-5,24543,12.125,118.625
1.0936820065285682E-5,24544,11.875,118.625
1.0068271215044854E-5,24545,11.625,118.625
1.0288705628494031E-5,24546,11.375,118.625
9.788703376411137E-6,24547,11.125,118.625
8.252808183366299E-6,24548,10.875,118.625
1.3097338895969813E-5,24549,10.625,118.625
1.1073671078129424E-5,24550,10.375,118.625
1.1439502602554026E-5,24551,10.125,118.625
1.9277103704291674E-5,24552,9.875,118.625
3.8037926851979282E-6,24553,9.625,118.625
9.712966531792316E-6,24554,9.375,118.625
1.214660796482529E-5,24555,9.125,118.625
9.012650972560644E-6,24556,8.875,118.625
1.1787183251531255E-5,24557,8.625,118.625
1.3419542264485586E-5,24558,8.375,118.625
5.552070583663677E-6,24559,8.125,118.625
6.273550992223585E-6,24560,7.875,118.625
8.079879118949255E-6,24561,7.625,118.625
8.203322906847522E-6,24562,7.375,118.625
2.077004212906853E-6,24563,7.125,118.625
1.2136551692137704E-6,24564,6.875,118.625
7.635165729366546E-6,24565,6.625,118.625
6.641294970948623E-6,24566,6.375,118.625
6.41712544955582E-6,24567,6.125,118.625
8.681345336744515E-6,24568,5.875,118.625
1.0789142253554093E-5,24569,5.625,118.625
1.0860490035345324E-5,24570,5.375,118.625
1.0931488852786126E-5,24571,5.125,118.625
9.624264632296011E-6,24572,4.875,118.625
7.501686909458369E-6,24573,4.625,118.625
2.418646197257442E-7,24574,4.375,118.625
6.1879575640469905E-6,24575,4.125,118.625
6.21753166471977E-6,24576,3.875,118.625
6.372989905378307E-6,24577,3.625,118.625
1.1724774127387328E-5,24578,3.375,118.625
9.073035761612328E-6,24579,3.125,118.625
1.54632199412264E-5,24580,2.875,118.625
5.375292695301861E-6,24581,2.625,118.625
5.998567765051178E-6,24582,2.375,118.625
8.724075933992758E-6,24583,2.125,118.625
7.850154428993044E-6,24584,1.875,118.625
9.000487413957337E-6,24585,1.625,118.625
3.702601893943309E-6,24586,1.375,118.625
1.4195790197093176E-5,24587,1.125,118.625
6.510371257513995E-6,24588,0.875,118.625
1.0908416635347224E-5,24589,0.625,118.625
1.1645503525949649E-5,24590,0.375,118.625
1.1621116407891772E-5,24591,0.125,118.625
2.1133935627912436E-5,24592,-0.125,118.625
1.1220737258885594E-5,24593,-0.375,118.625
1.1851904370250681E-5,24594,-0.625,118.625
1.356106040655822E-5,24595,-0.875,118.625
,24596,-1.125,118.625
1.106071421881851E-5,24597,-1.375,118.625
8.343585760645885E-6,24598,-1.625,118.625
8.091432765165476E-6,24599,-1.875,118.625
7.69209103585992E-6,24600,-2.125,118.625
5.710433483715477E-6,24601,-2.375,118.625
8.708348080809287E-6,24602,-2.625,118.625
5.908607561999664E-6,24603,-2.875,118.625
,24604,-3.125,118.625
,24605,-3.375,118.625
,24606,-3.625,118.625
,24607,-3.875,118.625
,24608,-4.125,118.625
,24609,-4.375,118.625
,24610,-4.625,118.625
4.323022070685582E-6,24611,-4.875,118.625
1.15069630265837E-5,24612,-5.125,118.625
9.631822722871178E-6,24613,-5.375,118.625
,24614,-5.625,118.625
,24615,-5.875,118.625
,24616,-6.125,118.625
,24617,-6.375,118.625
1.8304554885164983E-5,24618,-6.625,118.625
,24619,-6.875,118.625
,24620,-7.125,118.625
,24621,-7.375,118.625
,24622,-7.625,118.625
,24623,-7.875,118.625
,24624,-8.125,118.625
,24625,-8.375,118.625
,24626,-8.625,118.625
,24627,-8.875,118.625
,24628,-9.125,118.625
,24629,-9.375,118.625
,24630,-9.625,118.625
,24631,-9.875,118.625
,24632,-10.125,118.625
,24633,-10.375,118.625
,24634,-10.625,118.625
,24635,-10.875,118.625
,24636,-11.125,118.625
,24637,-11.375,118.625
-8.407953753931913E-6,24638,-11.625,118.625
6.2533169268000604E-6,24639,-11.875,118.625
1.1323440493359689E-4,24640,31.875,118.875
1.3820870435235827E-4,24641,31.625,118.875
1.4301102817352579E-4,24642,31.375,118.875
8.282764770605724E-5,24643,31.125,118.875
8.772426942435918E-5,24644,30.875,118.875
,24645,30.625,118.875
,24646,30.375,118.875
,24647,30.125,118.875
,24648,29.875,118.875
,24649,29.625,118.875
,24650,29.375,118.875
,24651,29.125,118.875
,24652,28.875,118.875
,24653,28.625,118.875
,24654,28.375,118.875
,24655,28.125,118.875
,24656,27.875,118.875
,24657,27.625,118.875
,24658,27.375,118.875
3.2309167629824205E-5,24659,27.125,118.875
3.457701418049145E-5,24660,26.875,118.875
,24661,26.625,118.875
,24662,26.375,118.875
,24663,26.125,118.875
,24664,25.875,118.875
,24665,25.625,118.875
,24666,25.375,118.875
,24667,25.125,118.875
,24668,24.875,118.875
,24669,24.625,118.875
,24670,24.375,118.875
4.455179809214474E-5,24671,24.125,118.875
,24672,23.875,118.875
,24673,23.625,118.875
,24674,23.375,118.875
,24675,23.125,118.875
2.7573009636638745E-5,24676,22.875,118.875
2.2256259352649357E-5,24677,22.625,118.875
2.7432866835098355E-5,24678,22.375,118.875
2.7132332365866854E-5,24679,22.125,118.875
,24680,21.875,118.875
3.720312509031995E-5,24681,21.625,118.875
3.0268992765718193E-5,24682,21.375,118.875
3.144788936524322E-5,24683,21.125,118.875
2.9305812342577918E-5,24684,20.875,118.875
2.9431432599441925E-5,24685,20.625,118.875
2.9153508737122677E-5,24686,20.375,118.875
2.7558661728200978E-5,24687,20.125,118.875
2.7397810935187052E-5,24688,19.875,118.875
2.6615622403375284E-5,24689,19.625,118.875
2.45037900104322E-5,24690,19.375,118.875
2.7312969621247306E-5,24691,19.125,118.875
2.324915610138188E-5,24692,18.875,118.875
2.1599851048147113E-5,24693,18.625,118.875
1.877298884127607E-5,24694,18.375,118.875
2.2055907887301723E-5,24695,18.125,118.875
2.376320847502437E-5,24696,17.875,118.875
2.2156948001885427E-5,24697,17.625,118.875
2.2414147723816634E-5,24698,17.375,118.875
1.9582214505386594E-5,24699,17.125,118.875
1.9586937643324778E-5,24700,16.875,118.875
2.164564197676263E-5,24701,16.625,118.875
2.3861993035838347E-5,24702,16.375,118.875
2.3663277661634194E-5,24703,16.125,118.875
2.5424933461726687E-5,24704,15.875,118.875
2.5179007448144814E-5,24705,15.625,118.875
2.6478442850249465E-5,24706,15.375,118.875
2.3051003211488804E-5,24707,15.125,118.875
2.473192722472865E-5,24708,14.875,118.875
2.218365116544423E-5,24709,14.625,118.875
1.8894880585620097E-5,24710,14.375,118.875
1.5400199562990477E-5,24711,14.125,118.875
1.6204393932251568E-5,24712,13.875,118.875
1.5618182181995813E-5,24713,13.625,118.875
1.495005594350421E-5,24714,13.375,118.875
1.5884702455474044E-5,24715,13.125,118.875
1.045215927033781E-5,24716,12.875,118.875
1.3039967505533581E-5,24717,12.625,118.875
1.6556231889142323E-5,24718,12.375,118.875
1.3969016017850833E-5,24719,12.125,118.875
1.1768094843659285E-5,24720,11.875,118.875
1.1557663555006377E-5,24721,11.625,118.875
9.513399184224503E-6,24722,11.375,118.875
9.760532485988318E-6,24723,11.125,118.875
9.72717901397067E-6,24724,10.875,118.875
1.267935912807506E-5,24725,10.625,118.875
1.3413674384566786E-5,24726,10.375,118.875
4.456149459330354E-6,24727,10.125,118.875
1.4270079319195127E-5,24728,9.875,118.875
9.46100310649808E-6,24729,9.625,118.875
1.1801987376609762E-5,24730,9.375,118.875
1.0246915646944085E-5,24731,9.125,118.875
9.646839862844305E-6,24732,8.875,118.875
1.062471164274254E-5,24733,8.625,118.875
1.0270260394501334E-5,24734,8.375,118.875
1.1815903616362468E-5,24735,8.125,118.875
8.897472608756878E-6,24736,7.875,118.875
9.825162768492257E-6,24737,7.625,118.875
5.6890288391525305E-6,24738,7.375,118.875
,24739,7.125,118.875
1.6082007036910402E-6,24740,6.875,118.875
6.20222724813606E-6,24741,6.625,118.875
7.033974614624486E-6,24742,6.375,118.875
5.3943046957021225E-6,24743,6.125,118.875
1.0598915199529675E-5,24744,5.875,118.875
1.0828744120904462E-5,24745,5.625,118.875
1.4617125443642838E-5,24746,5.375,118.875
3.418479178975589E-6,24747,5.125,118.875
1.2975350657207478E-5,24748,4.875,118.875
9.667583092519483E-6,24749,4.625,118.875
8.182812468352547E-6,24750,4.375,118.875
2.4572269201738834E-6,24751,4.125,118.875
5.014658432621382E-6,24752,3.875,118.875
7.384583471160552E-6,24753,3.625,118.875
8.637617001461347E-6,24754,3.375,118.875
9.142334699660358E-6,24755,3.125,118.875
1.1147906333964708E-5,24756,2.875,118.875
5.072131736564546E-6,24757,2.625,118.875
6.7578109168877135E-6,24758,2.375,118.875
9.497099039777633E-6,24759,2.125,118.875
9.759249651084965E-6,24760,1.875,118.875
5.878328566686754E-6,24761,1.625,118.875
3.950321388247131E-6,24762,1.375,118.875
1.8957712996684198E-6,24763,1.125,118.875
-4.5683221417741505E-6,24764,0.875,118.875
8.916600356124933E-6,24765,0.625,118.875
1.0555712364701583E-5,24766,0.375,118.875
8.910042088113345E-6,24767,0.125,118.875
1.2037552487433636E-5,24768,-0.125,118.875
7.252924775772248E-6,24769,-0.375,118.875
1.184033061620569E-5,24770,-0.625,118.875
6.693106990621809E-6,24771,-0.875,118.875
6.222832617379618E-6,24772,-1.125,118.875
1.1293837530217298E-5,24773,-1.375,118.875
3.0103842484926933E-6,24774,-1.625,118.875
7.237677094929338E-6,24775,-1.875,118.875
8.277895311680805E-6,24776,-2.125,118.875
2.1049372447396617E-6,24777,-2.375,118.875
7.475056675057403E-6,24778,-2.625,118.875
4.9343137742122475E-6,24779,-2.875,118.875
,24780,-3.125,118.875
,24781,-3.375,118.875
,24782,-3.625,118.875
,24783,-3.875,118.875
,24784,-4.125,118.875
,24785,-4.375,118.875
-9.278104499404528E-7,24786,-4.625,118.875
,24787,-4.875,118.875
9.972686665343052E-6,24788,-5.125,118.875
1.3469877589430299E-5,24789,-5.375,118.875
1.8655832028239847E-5,24790,-5.625,118.875
,24791,-5.875,118.875
,24792,-6.125,118.875
,24793,-6.375,118.875
,24794,-6.625,118.875
1.5021364393397806E-5,24795,-6.875,118.875
,24796,-7.125,118.875
,24797,-7.375,118.875
,24798,-7.625,118.875
,24799,-7.875,118.875
,24800,-8.125,118.875
,24801,-8.375,118.875
,24802,-8.625,118.875
,24803,-8.875,118.875
,24804,-9.125,118.875
,24805,-9.375,118.875
,24806,-9.625,118.875
,24807,-9.875,118.875
,24808,-10.125,118.875
,24809,-10.375,118.875
,24810,-10.625,118.875
,24811,-10.875,118.875
,24812,-11.125,118.875
,24813,-11.375,118.875
1.668519141797278E-6,24814,-11.625,118.875
5.877310981574023E-6,24815,-11.875,118.875
8.582024955089106E-5,24816,31.875,119.125
1.106431795013129E-4,24817,31.625,119.125
1.2808375897675124E-4,24818,31.375,119.125
8.534500495984587E-5,24819,31.125,119.125
5.6977103897714366E-5,24820,30.875,119.125
,24821,30.625,119.125
,24822,30.375,119.125
,24823,30.125,119.125
,24824,29.875,119.125
,24825,29.625,119.125
,24826,29.375,119.125
,24827,29.125,119.125
,24828,28.875,119.125
,24829,28.625,119.125
,24830,28.375,119.125
,24831,28.125,119.125
,24832,27.875,119.125
,24833,27.625,119.125
,24834,27.375,119.125
,24835,27.125,119.125
,24836,26.875,119.125
,24837,26.625,119.125
,24838,26.375,119.125
,24839,26.125,119.125
,24840,25.875,119.125
,24841,25.625,119.125
,24842,25.375,119.125
,24843,25.125,119.125
4.224792533903064E-5,24844,24.875,119.125
4.2867915177126066E-5,24845,24.625,119.125
,24846,24.375,119.125
,24847,24.125,119.125
,24848,23.875,119.125
,24849,23.625,119.125
,24850,23.375,119.125
3.3989463409689795E-5,24851,23.125,119.125
3.265769732015872E-5,24852,22.875,119.125
2.5521771732680017E-5,24853,22.625,119.125
2.6016782938331615E-5,24854,22.375,119.125
2.8639388986428583E-5,24855,22.125,119.125
2.982848735196663E-5,24856,21.875,119.125
3.285556609222524E-5,24857,21.625,119.125
3.208306264825775E-5,24858,21.375,119.125
3.06254772572312E-5,24859,21.125,119.125
3.283374848160987E-5,24860,20.875,119.125
3.1831628200575164E-5,24861,20.625,119.125
2.8292351071503523E-5,24862,20.375,119.125
2.7107359521804996E-5,24863,20.125,119.125
2.622253467173228E-5,24864,19.875,119.125
2.4128999102877904E-5,24865,19.625,119.125
2.234035806999545E-5,24866,19.375,119.125
2.2011390384461312E-5,24867,19.125,119.125
2.0602553338361493E-5,24868,18.875,119.125
2.453087387581049E-5,24869,18.625,119.125
2.1029823139589603E-5,24870,18.375,119.125
2.3011908888846574E-5,24871,18.125,119.125
2.0370848008066284E-5,24872,17.875,119.125
1.904636377703854E-5,24873,17.625,119.125
2.27143307862107E-5,24874,17.375,119.125
1.9834872569485515E-5,24875,17.125,119.125
2.0354153671440236E-5,24876,16.875,119.125
2.280480504580539E-5,24877,16.625,119.125
2.657785669298413E-5,24878,16.375,119.125
2.628792341465791E-5,24879,16.125,119.125
2.7232271801212315E-5,24880,15.875,119.125
2.4386897887304712E-5,24881,15.625,119.125
2.4599863526269648E-5,24882,15.375,119.125
2.1393588379840692E-5,24883,15.125,119.125
2.0531076845372205E-5,24884,14.875,119.125
2.099833782728141E-5,24885,14.625,119.125
1.8146413441908613E-5,24886,14.375,119.125
1.5037907921582644E-5,24887,14.125,119.125
1.7579224435774208E-5,24888,13.875,119.125
1.6483793855157864E-5,24889,13.625,119.125
1.5206161575438145E-5,24890,13.375,119.125
1.3858289730671328E-5,24891,13.125,119.125
1.0481240494991358E-5,24892,12.875,119.125
1.1428597768073298E-5,24893,12.625,119.125
1.341934086662837E-5,24894,12.375,119.125
1.5058562638817712E-5,24895,12.125,119.125
1.1761426000487413E-5,24896,11.875,119.125
1.1763108123208838E-5,24897,11.625,119.125
1.2627395962815634E-5,24898,11.375,119.125
1.281143853301403E-5,24899,11.125,119.125
1.0821194154746286E-5,24900,10.875,119.125
1.2279367333669696E-5,24901,10.625,119.125
1.6767944369129474E-5,24902,10.375,119.125
1.6648057628939415E-5,24903,10.125,119.125
1.5326596576854227E-5,24904,9.875,119.125
1.1695683124063278E-5,24905,9.625,119.125
1.0023694369132414E-5,24906,9.375,119.125
1.1206913354907884E-5,24907,9.125,119.125
1.0718218415594541E-5,24908,8.875,119.125
9.260804670904134E-6,24909,8.625,119.125
1.2921841099737507E-5,24910,8.375,119.125
1.2399393932563337E-5,24911,8.125,119.125
1.1409740200058862E-5,24912,7.875,119.125
1.0625565364643636E-5,24913,7.625,119.125
1.0099269521554417E-5,24914,7.375,119.125
3.6852026331217568E-6,24915,7.125,119.125
4.978704458780261E-6,24916,6.875,119.125
6.166618327362248E-6,24917,6.625,119.125
6.3763404740905E-6,24918,6.375,119.125
7.859803060898263E-6,24919,6.125,119.125
6.530387931885752E-6,24920,5.875,119.125
9.9210051573141E-6,24921,5.625,119.125
1.3606920428310602E-5,24922,5.375,119.125
-3.3888137582508757E-6,24923,5.125,119.125
9.472147949115514E-6,24924,4.875,119.125
9.165223237808669E-6,24925,4.625,119.125
1.0086463573074406E-5,24926,4.375,119.125
6.315808084349238E-6,24927,4.125,119.125
6.223481493138271E-6,24928,3.875,119.125
5.726714968198841E-6,24929,3.625,119.125
6.803641119907077E-6,24930,3.375,119.125
7.173370137529042E-6,24931,3.125,119.125
9.004300679711383E-6,24932,2.875,119.125
7.156219964688242E-6,24933,2.625,119.125
5.8877126181825595E-6,24934,2.375,119.125
5.173974810654256E-6,24935,2.125,119.125
1.0135548504165577E-5,24936,1.875,119.125
7.705592144602877E-6,24937,1.625,119.125
6.898818084335359E-6,24938,1.375,119.125
6.908822375450424E-6,24939,1.125,119.125
8.126126166134794E-6,24940,0.875,119.125
8.176438852279689E-6,24941,0.625,119.125
7.585005417763907E-6,24942,0.375,119.125
1.1224237838385349E-5,24943,0.125,119.125
1.3376837413131909E-5,24944,-0.125,119.125
1.1893958583157298E-5,24945,-0.375,119.125
1.0763607799221685E-5,24946,-0.625,119.125
8.287816863574416E-6,24947,-0.875,119.125
6.4225411518422995E-6,24948,-1.125,119.125
7.735980554578251E-6,24949,-1.375,119.125
5.038847747432089E-6,24950,-1.625,119.125
4.717617782685386E-6,24951,-1.875,119.125
4.149410600026846E-6,24952,-2.125,119.125
6.488162866376526E-6,24953,-2.375,119.125
-2.148843845235866E-8,24954,-2.625,119.125
,24955,-2.875,119.125
,24956,-3.125,119.125
,24957,-3.375,119.125
,24958,-3.625,119.125
7.158651745977556E-6,24959,-3.875,119.125
,24960,-4.125,119.125
,24961,-4.375,119.125
9.722647198454613E-6,24962,-4.625,119.125
1.6980552251225375E-5,24963,-4.875,119.125
,24964,-5.125,119.125
,24965,-5.375,119.125
,24966,-5.625,119.125
,24967,-5.875,119.125
,24968,-6.125,119.125
,24969,-6.375,119.125
,24970,-6.625,119.125
1.850258921524359E-5,24971,-6.875,119.125
,24972,-7.125,119.125
,24973,-7.375,119.125
,24974,-7.625,119.125
,24975,-7.875,119.125
,24976,-8.125,119.125
,24977,-8.375,119.125
,24978,-8.625,119.125
,24979,-8.875,119.125
,24980,-9.125,119.125
,24981,-9.375,119.125
,24982,-9.625,119.125
,24983,-9.875,119.125
,24984,-10.125,119.125
,24985,-10.375,119.125
,24986,-10.625,119.125
,24987,-10.875,119.125
,24988,-11.125,119.125
,24989,-11.375,119.125
6.809385433411968E-6,24990,-11.625,119.125
4.665354184984972E-6,24991,-11.875,119.125
9.906620845838737E-5,24992,31.875,119.375
1.211896123754484E-4,24993,31.625,119.375
1.2584829902836188E-4,24994,31.375,119.375
7.68874306559267E-5,24995,31.125,119.375
7.275760931215305E-5,24996,30.875,119.375
,24997,30.625,119.375
,24998,30.375,119.375
4.0350388982501217E-5,24999,30.125,119.375
,25000,29.875,119.375
,25001,29.625,119.375
,25002,29.375,119.375
,25003,29.125,119.375
,25004,28.875,119.375
,25005,28.625,119.375
,25006,28.375,119.375
,25007,28.125,119.375
,25008,27.875,119.375
,25009,27.625,119.375
,25010,27.375,119.375
,25011,27.125,119.375
,25012,26.875,119.375
,25013,26.625,119.375
,25014,26.375,119.375
,25015,26.125,119.375
,25016,25.875,119.375
,25017,25.625,119.375
,25018,25.375,119.375
,25019,25.125,119.375
4.354504441717036E-5,25020,24.875,119.375
3.986919033109769E-5,25021,24.625,119.375
,25022,24.375,119.375
,25023,24.125,119.375
,25024,23.875,119.375
,25025,23.625,119.375
,25026,23.375,119.375
3.9480055649534454E-5,25027,23.125,119.375
3.660398692228943E-5,25028,22.875,119.375
2.8796062056247128E-5,25029,22.625,119.375
2.9630927428523528E-5,25030,22.375,119.375
3.207126244854644E-5,25031,22.125,119.375
3.1349541342166346E-5,25032,21.875,119.375
3.185655319074329E-5,25033,21.625,119.375
3.303026480984099E-5,25034,21.375,119.375
2.8320405480362753E-5,25035,21.125,119.375
3.298413462553135E-5,25036,20.875,119.375
3.012214743987081E-5,25037,20.625,119.375
2.9421800089942238E-5,25038,20.375,119.375
2.809886272698152E-5,25039,20.125,119.375
2.6724552774308274E-5,25040,19.875,119.375
2.5541678809692397E-5,25041,19.625,119.375
2.5060909710292336E-5,25042,19.375,119.375
2.166594095994139E-5,25043,19.125,119.375
2.420870884735231E-5,25044,18.875,119.375
1.941291599143435E-5,25045,18.625,119.375
2.14262132644562E-5,25046,18.375,119.375
2.1255498369224312E-5,25047,18.125,119.375
2.340452086215848E-5,25048,17.875,119.375
1.7147873532260578E-5,25049,17.625,119.375
2.1841838402659164E-5,25050,17.375,119.375
2.3889629958876318E-5,25051,17.125,119.375
2.197679820340748E-5,25052,16.875,119.375
2.1489679770957735E-5,25053,16.625,119.375
2.3653226647365584E-5,25054,16.375,119.375
2.503685070557247E-5,25055,16.125,119.375
2.6178228730509806E-5,25056,15.875,119.375
2.3759659126013048E-5,25057,15.625,119.375
2.2338204606858954E-5,25058,15.375,119.375
2.090159234266015E-5,25059,15.125,119.375
2.031614622100628E-5,25060,14.875,119.375
1.9079438101619718E-5,25061,14.625,119.375
1.9404643567504334E-5,25062,14.375,119.375
1.916199026077045E-5,25063,14.125,119.375
1.771306552958525E-5,25064,13.875,119.375
1.6888451466726865E-5,25065,13.625,119.375
1.3952984558616553E-5,25066,13.375,119.375
1.3771222454312762E-5,25067,13.125,119.375
1.140047906009917E-5,25068,12.875,119.375
1.3846985694332418E-5,25069,12.625,119.375
1.1280557215606735E-5,25070,12.375,119.375
1.1584018677336881E-5,25071,12.125,119.375
9.656517984073704E-6,25072,11.875,119.375
9.22242362277795E-6,25073,11.625,119.375
1.1246849921803806E-5,25074,11.375,119.375
1.3763266191363897E-5,25075,11.125,119.375
1.568829372750174E-5,25076,10.875,119.375
1.158708952605587E-5,25077,10.625,119.375
1.58562824527493E-5,25078,10.375,119.375
1.4728515700041595E-5,25079,10.125,119.375
9.773803008838271E-6,25080,9.875,119.375
1.253021747618244E-5,25081,9.625,119.375
1.025379451324935E-5,25082,9.375,119.375
1.2509744115115435E-5,25083,9.125,119.375
1.0665885876469495E-5,25084,8.875,119.375
1.1635339534961307E-5,25085,8.625,119.375
8.69023746245243E-6,25086,8.375,119.375
1.0208448338115578E-5,25087,8.125,119.375
9.559546871822391E-6,25088,7.875,119.375
1.0728191705075692E-5,25089,7.625,119.375
1.0480015623393993E-5,25090,7.375,119.375
8.687854636143676E-6,25091,7.125,119.375
7.938684895102725E-6,25092,6.875,119.375
5.909285397786085E-6,25093,6.625,119.375
4.485348972872227E-6,25094,6.375,119.375
7.055390278318018E-6,25095,6.125,119.375
7.337780351149338E-6,25096,5.875,119.375
7.681078868726259E-6,25097,5.625,119.375
6.279335153685161E-6,25098,5.375,119.375
5.966114638417199E-6,25099,5.125,119.375
1.117506824269237E-5,25100,4.875,119.375
2.9790643570788045E-7,25101,4.625,119.375
7.913469519991083E-6,25102,4.375,119.375
1.6014288442871824E-5,25103,4.125,119.375
7.9955404455969E-6,25104,3.875,119.375
3.0132669347273E-6,25105,3.625,119.375
7.630631671278804E-6,25106,3.375,119.375
9.892753726661941E-6,25107,3.125,119.375
5.653081355676293E-6,25108,2.875,119.375
9.987939599861465E-6,25109,2.625,119.375
9.777407625858424E-6,25110,2.375,119.375
9.908382946728778E-6,25111,2.125,119.375
3.4410638045554393E-6,25112,1.875,119.375
6.472484297131415E-6,25113,1.625,119.375
2.2032762527751846E-6,25114,1.375,119.375
3.676245251667319E-6,25115,1.125,119.375
6.205890507302165E-6,25116,0.875,119.375
1.0763561883735196E-5,25117,0.625,119.375
7.225896054944275E-6,25118,0.375,119.375
7.529577673638289E-6,25119,0.125,119.375
9.741398304212172E-6,25120,-0.125,119.375
8.814065047606689E-6,25121,-0.375,119.375
1.0012679453648543E-5,25122,-0.625,119.375
1.1996458239571678E-5,25123,-0.875,119.375
7.394802785067992E-6,25124,-1.125,119.375
7.44980600639402E-6,25125,-1.375,119.375
8.364828692988484E-6,25126,-1.625,119.375
9.118653105687363E-6,25127,-1.875,119.375
4.084415254580685E-6,25128,-2.125,119.375
1.6711426493540674E-6,25129,-2.375,119.375
5.174889746948342E-6,25130,-2.625,119.375
,25131,-2.875,119.375
,25132,-3.125,119.375
,25133,-3.375,119.375
,25134,-3.625,119.375
8.575802988040657E-6,25135,-3.875,119.375
1.0640374898127948E-5,25136,-4.125,119.375
,25137,-4.375,119.375
,25138,-4.625,119.375
,25139,-4.875,119.375
,25140,-5.125,119.375
,25141,-5.375,119.375
,25142,-5.625,119.375
,25143,-5.875,119.375
,25144,-6.125,119.375
,25145,-6.375,119.375
,25146,-6.625,119.375
,25147,-6.875,119.375
,25148,-7.125,119.375
,25149,-7.375,119.375
,25150,-7.625,119.375
,25151,-7.875,119.375
,25152,-8.125,119.375
,25153,-8.375,119.375
,25154,-8.625,119.375
,25155,-8.875,119.375
,25156,-9.125,119.375
,25157,-9.375,119.375
,25158,-9.625,119.375
,25159,-9.875,119.375
,25160,-10.125,119.375
,25161,-10.375,119.375
,25162,-10.625,119.375
,25163,-10.875,119.375
,25164,-11.125,119.375
,25165,-11.375,119.375
,25166,-11.625,119.375
1.8604695802563854E-5,25167,-11.875,119.375
1.2503294323109413E-4,25168,31.875,119.625
1.4825596329568348E-4,25169,31.625,119.625
1.1876922440476952E-4,25170,31.375,119.625
9.870433871338898E-5,25171,31.125,119.625
7.782695164703392E-5,25172,30.875,119.625
,25173,30.625,119.625
3.211592931328475E-5,25174,30.375,119.625
,25175,30.125,119.625
,25176,29.875,119.625
,25177,29.625,119.625
,25178,29.375,119.625
,25179,29.125,119.625
,25180,28.875,119.625
,25181,28.625,119.625
,25182,28.375,119.625
,25183,28.125,119.625
,25184,27.875,119.625
,25185,27.625,119.625
,25186,27.375,119.625
,25187,27.125,119.625
,25188,26.875,119.625
,25189,26.625,119.625
,25190,26.375,119.625
,25191,26.125,119.625
,25192,25.875,119.625
,25193,25.625,119.625
,25194,25.375,119.625
4.6460835263565316E-5,25195,25.125,119.625
,25196,24.875,119.625
,25197,24.625,119.625
,25198,24.375,119.625
,25199,24.125,119.625
,25200,23.875,119.625
,25201,23.625,119.625
4.814018799541198E-5,25202,23.375,119.625
4.194664835192987E-5,25203,23.125,119.625
3.670054525629189E-5,25204,22.875,119.625
3.0578930213764114E-5,25205,22.625,119.625
3.0315105647622378E-5,25206,22.375,119.625
3.481601659804651E-5,25207,22.125,119.625
3.3076156420665774E-5,25208,21.875,119.625
,25209,21.625,119.625
,25210,21.375,119.625
,25211,21.125,119.625
2.9979267171396984E-5,25212,20.875,119.625
3.3411419224863234E-5,25213,20.625,119.625
2.766172263211135E-5,25214,20.375,119.625
2.7048564623267875E-5,25215,20.125,119.625
2.636633357829147E-5,25216,19.875,119.625
2.557950029697889E-5,25217,19.625,119.625
2.2094971206260642E-5,25218,19.375,119.625
2.1327757699610036E-5,25219,19.125,119.625
2.2967194740200486E-5,25220,18.875,119.625
2.1793676475590964E-5,25221,18.625,119.625
2.046499821930842E-5,25222,18.375,119.625
2.121727588107552E-5,25223,18.125,119.625
2.1185579926812377E-5,25224,17.875,119.625
2.1146008757389888E-5,25225,17.625,119.625
2.0563414911746903E-5,25226,17.375,119.625
2.3696640430875485E-5,25227,17.125,119.625
2.3084698781203892E-5,25228,16.875,119.625
2.3283353187856386E-5,25229,16.625,119.625
2.539238874973699E-5,25230,16.375,119.625
2.766897338983574E-5,25231,16.125,119.625
2.2749527525918176E-5,25232,15.875,119.625
2.1936115915250046E-5,25233,15.625,119.625
2.19339402846824E-5,25234,15.375,119.625
2.1198673702318432E-5,25235,15.125,119.625
1.972220355473622E-5,25236,14.875,119.625
1.9901769865455214E-5,25237,14.625,119.625
2.280565472420622E-5,25238,14.375,119.625
1.974375376250921E-5,25239,14.125,119.625
1.9573502357957737E-5,25240,13.875,119.625
1.903071483939816E-5,25241,13.625,119.625
1.3193543298885605E-5,25242,13.375,119.625
1.6474722708148245E-5,25243,13.125,119.625
1.3500381949331112E-5,25244,12.875,119.625
1.2476847968788534E-5,25245,12.625,119.625
1.0964583993654083E-5,25246,12.375,119.625
1.1753246542610514E-5,25247,12.125,119.625
1.0125851809479555E-5,25248,11.875,119.625
1.0254540577750895E-5,25249,11.625,119.625
8.417490864325087E-6,25250,11.375,119.625
1.2994584567567258E-5,25251,11.125,119.625
1.5744876632179893E-5,25252,10.875,119.625
1.4132300676231339E-5,25253,10.625,119.625
1.4566910732240364E-5,25254,10.375,119.625
1.1382606895434443E-5,25255,10.125,119.625
1.1801269475090989E-5,25256,9.875,119.625
1.135596426867304E-5,25257,9.625,119.625
1.0710573211446046E-5,25258,9.375,119.625
1.2959060024647762E-5,25259,9.125,119.625
1.0475804147119047E-5,25260,8.875,119.625
1.112199227974852E-5,25261,8.625,119.625
7.290322446253451E-6,25262,8.375,119.625
1.055465281569227E-5,25263,8.125,119.625
1.0250192131950222E-5,25264,7.875,119.625
1.1931139949239614E-5,25265,7.625,119.625
1.1180200474766077E-5,25266,7.375,119.625
7.932779170943784E-6,25267,7.125,119.625
7.364636501251119E-6,25268,6.875,119.625
1.12519339755033E-5,25269,6.625,119.625
8.914613456196133E-6,25270,6.375,119.625
7.837532195214096E-6,25271,6.125,119.625
1.034138086330483E-5,25272,5.875,119.625
8.79879004583342E-6,25273,5.625,119.625
1.0260692149128522E-5,25274,5.375,119.625
1.0340126320713204E-5,25275,5.125,119.625
5.79821199273293E-6,25276,4.875,119.625
7.431162164211974E-6,25277,4.625,119.625
8.520018372276973E-6,25278,4.375,119.625
1.1739167289198237E-5,25279,4.125,119.625
2.192063688848254E-6,25280,3.875,119.625
4.787084225300568E-6,25281,3.625,119.625
1.3330869453110277E-5,25282,3.375,119.625
1.1054068172342882E-5,25283,3.125,119.625
1.012450226812733E-5,25284,2.875,119.625
1.0079809045556618E-5,25285,2.625,119.625
1.566484656591743E-5,25286,2.375,119.625
9.688121508956088E-6,25287,2.125,119.625
7.63084743966553E-6,25288,1.875,119.625
1.0676710774641662E-5,25289,1.625,119.625
1.155075592586733E-5,25290,1.375,119.625
5.357398885758786E-6,25291,1.125,119.625
3.2748677076313056E-6,25292,0.875,119.625
8.925427603856371E-6,25293,0.625,119.625
9.207614551477487E-6,25294,0.375,119.625
5.497099504623787E-6,25295,0.125,119.625
5.023462394020367E-6,25296,-0.125,119.625
8.081051866952642E-6,25297,-0.375,119.625
7.107475358343808E-6,25298,-0.625,119.625
6.609679924976741E-6,25299,-0.875,119.625
4.428743878613089E-6,25300,-1.125,119.625
3.833084418316185E-6,25301,-1.375,119.625
7.171178981174851E-6,25302,-1.625,119.625
6.419325783593513E-6,25303,-1.875,119.625
6.960898396895512E-6,25304,-2.125,119.625
1.0586051915564261E-6,25305,-2.375,119.625
8.852036567654242E-6,25306,-2.625,119.625
,25307,-2.875,119.625
,25308,-3.125,119.625
,25309,-3.375,119.625
1.7600902716725758E-6,25310,-3.625,119.625
8.510042861371333E-6,25311,-3.875,119.625
,25312,-4.125,119.625
,25313,-4.375,119.625
,25314,-4.625,119.625
,25315,-4.875,119.625
,25316,-5.125,119.625
,25317,-5.375,119.625
,25318,-5.625,119.625
,25319,-5.875,119.625
,25320,-6.125,119.625
1.1745740369522998E-5,25321,-6.375,119.625
1.030500973022883E-5,25322,-6.625,119.625
,25323,-6.875,119.625
,25324,-7.125,119.625
,25325,-7.375,119.625
,25326,-7.625,119.625
,25327,-7.875,119.625
,25328,-8.125,119.625
,25329,-8.375,119.625
,25330,-8.625,119.625
,25331,-8.875,119.625
,25332,-9.125,119.625
,25333,-9.375,119.625
,25334,-9.625,119.625
,25335,-9.875,119.625
,25336,-10.125,119.625
,25337,-10.375,119.625
,25338,-10.625,119.625
,25339,-10.875,119.625
,25340,-11.125,119.625
,25341,-11.375,119.625
,25342,-11.625,119.625
5.395243348248503E-6,25343,-11.875,119.625
