first,system:index,lat,lon
1.4719794112366889E-5,0,-8.625,113.375
1.2789028817201657E-5,1,-8.625,113.625
,2,-8.375,110.875
,3,-8.375,111.125
,4,-8.375,111.375
,5,-8.375,111.625
,6,-8.375,111.875
1.9239559454338934E-5,7,-8.375,112.125
1.972173578699684E-5,8,-8.375,112.375
1.0571024384493417E-5,9,-8.375,112.625
,10,-8.375,112.875
1.9905383387876696E-5,11,-8.375,113.125
1.7441000665051257E-5,12,-8.375,113.375
1.2481429417902519E-5,13,-8.375,113.625
1.906415780598244E-5,14,-8.125,110.125
3.0081917126890723E-5,15,-8.125,110.375
,16,-8.125,110.625
,17,-8.125,110.875
,18,-8.125,111.125
,19,-8.125,111.375
,20,-8.125,111.625
,21,-8.125,111.875
,22,-8.125,112.125
,23,-8.125,112.375
,24,-8.125,112.625
,25,-8.125,112.875
,26,-8.125,113.125
,27,-8.125,113.375
,28,-8.125,113.625
1.1307212468907606E-5,29,-7.875,108.125
1.3248072403019558E-5,30,-7.875,108.375
2.074032277122577E-5,31,-7.875,108.625
1.7093727213457553E-5,32,-7.875,108.875
3.31632374750706E-5,33,-7.875,109.125
2.3277607655992917E-5,34,-7.875,109.375
3.121117697446607E-5,35,-7.875,109.625
,36,-7.875,109.875
,37,-7.875,110.125
,38,-7.875,110.375
,39,-7.875,110.625
,40,-7.875,110.875
,41,-7.875,111.125
,42,-7.875,111.375
,43,-7.875,111.625
,44,-7.875,111.875
,45,-7.875,112.125
,46,-7.875,112.375
,47,-7.875,112.625
,48,-7.875,112.875
,49,-7.875,113.125
,50,-7.875,113.375
,51,-7.875,113.625
-1.8784285956479727E-7,52,-7.625,107.375
,53,-7.625,107.625
,54,-7.625,107.875
,55,-7.625,108.125
,56,-7.625,108.375
1.2083097825950338E-5,57,-7.625,108.625
1.2469891931303296E-5,58,-7.625,108.875
3.029942940042053E-5,59,-7.625,109.125
3.11809271806851E-5,60,-7.625,109.375
,61,-7.625,109.625
,62,-7.625,109.875
,63,-7.625,110.125
,64,-7.625,110.375
,65,-7.625,110.625
2.5784467652556486E-5,66,-7.625,110.875
2.4085128719057115E-5,67,-7.625,111.125
,68,-7.625,111.375
,69,-7.625,111.625
,70,-7.625,111.875
,71,-7.625,112.125
,72,-7.625,112.375
,73,-7.625,112.625
,74,-7.625,112.875
,75,-7.625,113.125
,76,-7.625,113.375
,77,-7.625,113.625
6.447618907590246E-6,78,-7.375,106.375
4.6078628466158705E-6,79,-7.375,106.625
7.697761178410903E-6,80,-7.375,106.875
,81,-7.375,107.125
,82,-7.375,107.375
,83,-7.375,107.625
,84,-7.375,107.875
,85,-7.375,108.125
8.021402177675552E-6,86,-7.375,108.375
2.3710533395462888E-5,87,-7.375,108.625
1.4571927548169954E-5,88,-7.375,108.875
1.9319705246288393E-5,89,-7.375,109.125
2.471951302140951E-5,90,-7.375,109.375
,91,-7.375,109.625
,92,-7.375,109.875
,93,-7.375,110.125
,94,-7.375,110.375
,95,-7.375,110.625
2.146396173120684E-5,96,-7.375,110.875
,97,-7.375,111.125
,98,-7.375,111.375
,99,-7.375,111.625
,100,-7.375,111.875
,101,-7.375,112.125
,102,-7.375,112.375
,103,-7.375,112.625
,104,-7.375,112.875
,105,-7.375,113.125
,106,-7.375,113.625
2.7624940587802055E-6,107,-7.125,105.625
1.0002743029269402E-5,108,-7.125,106.375
1.7141152977589334E-5,109,-7.125,106.625
,110,-7.125,106.875
9.698475878394675E-6,111,-7.125,107.125
9.698475878394675E-6,112,-7.125,107.375
,113,-7.125,107.625
,114,-7.125,107.875
,115,-7.125,108.125
,116,-7.125,108.375
,117,-7.125,108.625
,118,-7.125,108.875
9.529689514947774E-6,119,-7.125,109.125
1.052050848298003E-5,120,-7.125,109.375
1.570561085884631E-5,121,-7.125,109.625
,122,-7.125,109.875
,123,-7.125,110.125
1.4656276186502984E-5,124,-7.125,110.375
1.8500912133248905E-5,125,-7.125,110.625
,126,-7.125,110.875
,127,-7.125,111.125
,128,-7.125,111.375
,129,-7.125,111.625
,130,-7.125,111.875
,131,-7.125,112.125
,132,-7.125,112.375
,133,-7.125,112.625
,134,-7.125,112.875
,135,-7.125,113.125
,136,-7.125,113.375
,137,-7.125,113.625
3.6415069632438897E-6,138,-6.875,105.125
,139,-6.875,105.375
,140,-6.875,105.625
1.4175589530249644E-5,141,-6.875,105.875
1.400649053734258E-5,142,-6.875,106.125
,143,-6.875,106.375
,144,-6.875,106.625
2.5238170098763042E-5,145,-6.875,106.875
3.5596141970017925E-5,146,-6.875,107.125
4.112036833300158E-5,147,-6.875,107.375
,148,-6.875,107.625
,149,-6.875,107.875
3.210824009649464E-5,150,-6.875,108.125
3.203765252058456E-5,151,-6.875,108.375
3.5611393772855646E-5,152,-6.875,108.625
2.6021586894703165E-5,153,-6.875,108.875
2.1294765987877138E-5,154,-6.875,109.125
1.3300937976504806E-5,155,-6.875,109.375
1.7158622783154607E-5,156,-6.875,109.625
,157,-6.875,109.875
,158,-6.875,110.125
,159,-6.875,110.375
,160,-6.875,110.625
,161,-6.875,110.875
,162,-6.875,111.125
,163,-6.875,111.375
,164,-6.875,111.625
,165,-6.875,111.875
,166,-6.875,112.125
,167,-6.875,112.375
,168,-6.875,112.625
,169,-6.875,112.875
,170,-6.875,113.125
,171,-6.875,113.375
,172,-6.875,113.625
,173,-6.625,105.125
,174,-6.625,105.375
,175,-6.625,105.625
2.150945814513282E-5,176,-6.625,105.875
1.9895058847139925E-5,177,-6.625,106.125
3.6234908854934914E-5,178,-6.625,106.375
3.8577738450840116E-5,179,-6.625,106.625
3.380726637883579E-5,180,-6.625,106.875
2.9597496805383726E-5,181,-6.625,107.125
3.485556581877617E-5,182,-6.625,107.375
,183,-6.625,107.625
2.75044329121715E-5,184,-6.625,107.875
3.466674415922863E-5,185,-6.625,108.125
2.4213334104806873E-5,186,-6.625,108.375
2.2831113378537934E-5,187,-6.625,108.625
1.2629307131295379E-5,188,-6.625,108.875
,189,-6.625,110.625
,190,-6.625,110.875
,191,-6.625,111.125
,192,-6.625,111.375
,193,-6.625,111.625
1.188145214515966E-5,194,-6.375,105.625
1.2533535246904873E-5,195,-6.375,105.875
1.672441155372134E-5,196,-6.375,106.125
1.2736883669873853E-5,197,-6.375,106.375
2.5194719246230828E-5,198,-6.375,106.625
2.98852865525402E-5,199,-6.375,106.875
6.586366677505946E-5,200,-6.375,107.125
4.691325380862842E-5,201,-6.375,107.375
2.510464037186466E-5,202,-6.375,107.625
2.1454653201900052E-5,203,-6.375,107.875
2.389279325143434E-5,204,-6.375,108.125
,205,-6.375,108.375
,206,-6.375,108.625
,207,-6.375,110.625
,208,-6.375,110.875
,209,-6.375,111.125
1.1590588835931926E-5,210,-6.125,105.375
1.354604384612161E-5,211,-6.125,105.875
1.6445951241359037E-5,212,-6.125,106.125
1.4175697067044993E-4,213,-6.125,106.375
9.10453352986831E-5,214,-6.125,106.625
8.261108577204027E-5,215,-6.125,106.875
3.0254161773117243E-5,216,-6.125,107.125
2.582818500893392E-5,217,-6.125,107.375
2.510464037186466E-5,218,-6.125,107.625
2.510464037186466E-5,219,-6.125,107.875
1.8114195860664607E-5,220,-6.125,108.125
,221,-6.125,108.375
1.969762795292182E-5,222,-5.875,104.375
1.7866047514318917E-5,223,-5.875,104.625
1.9641227465110496E-5,224,-5.875,104.875
5.9457170209498145E-6,225,-5.875,105.125
1.5189706187440976E-5,226,-5.875,105.375
1.6815394577391886E-5,227,-5.875,105.625
2.70938361649409E-5,228,-5.875,105.875
3.791703873334239E-5,229,-5.875,106.125
5.399505050154308E-5,230,-5.875,106.375
2.7572398647252527E-5,231,-5.875,106.625
1.5648000517099144E-5,232,-5.875,106.875
2.4169522832820815E-5,233,-5.875,107.125
2.6385111921832275E-5,234,-5.875,107.375
,235,-5.875,110.125
,236,-5.875,110.375
,237,-5.875,110.625
7.948896065565754E-6,238,-5.875,112.625
1.0191755426556388E-5,239,-5.875,112.875
1.3427269380224834E-5,240,-5.625,104.125
2.039628502442565E-5,241,-5.625,104.375
1.8376696617312745E-5,242,-5.625,104.625
,243,-5.625,104.875
,244,-5.625,105.125
8.410929116285813E-6,245,-5.625,105.375
5.386849636701882E-6,246,-5.625,105.625
1.664564694596387E-5,247,-5.625,105.875
2.03813861904982E-5,248,-5.625,106.625
,249,-5.625,110.125
,250,-5.625,110.375
9.684682595354866E-6,251,-5.625,112.625
7.07743118467187E-6,252,-5.375,102.125
1.625922485026647E-5,253,-5.375,102.375
1.5903204863436328E-5,254,-5.375,103.875
1.8481417541831383E-5,255,-5.375,104.125
1.619570146840241E-5,256,-5.375,104.375
,257,-5.375,104.625
1.6843916455400176E-5,258,-5.375,104.875
,259,-5.375,105.125
1.1672213681219106E-5,260,-5.375,105.375
1.9840369234757074E-5,261,-5.375,105.625
1.518639060617777E-5,262,-5.375,105.875
1.6338875087871203E-5,263,-5.375,106.375
1.701786952495136E-5,264,-5.375,106.625
1.629728296262716E-5,265,-5.125,103.625
1.6783776637077354E-5,266,-5.125,103.875
9.928737710461312E-6,267,-5.125,104.125
1.167892994600837E-5,268,-5.125,104.375
,269,-5.125,104.625
1.4830062555317843E-5,270,-5.125,104.875
1.4327883036457933E-5,271,-5.125,105.125
1.626553959116572E-5,272,-5.125,105.375
1.4301369869094868E-5,273,-5.125,105.625
1.566401148178825E-5,274,-5.125,105.875
1.444789165258432E-5,275,-5.125,106.125
1.3654621591994524E-5,276,-5.125,106.375
1.6463021764890425E-5,277,-4.875,103.375
9.709191008379845E-6,278,-4.875,103.625
3.4288323632439864E-6,279,-4.875,103.875
1.0954446585655514E-5,280,-4.875,104.125
1.356509247632116E-5,281,-4.875,104.375
1.4987509395809233E-5,282,-4.875,104.625
1.5221983629398517E-5,283,-4.875,104.875
1.7319073418366108E-5,284,-4.875,105.125
1.396725584826992E-5,285,-4.875,105.375
1.3057587872666093E-5,286,-4.875,105.625
1.0635423056668347E-5,287,-4.875,105.875
1.1585906935170234E-5,288,-4.625,102.875
1.1298895505742235E-5,289,-4.625,103.125
9.82133590942271E-6,290,-4.625,103.375
9.615367608634524E-6,291,-4.625,103.625
1.9442863058936754E-5,292,-4.625,103.875
1.3205286046697645E-5,293,-4.625,104.125
1.4380124017820601E-5,294,-4.625,104.375
1.0779751903512453E-5,295,-4.625,104.625
1.0078043052666935E-5,296,-4.625,104.875
1.2338977370234212E-5,297,-4.625,105.125
1.3050240969965799E-5,298,-4.625,105.375
1.1568632638104118E-5,299,-4.625,105.625
5.35259726099553E-6,300,-4.625,105.875
8.214282073306947E-6,301,-4.375,102.625
1.2908815481704408E-5,302,-4.375,102.875
1.2090959618569541E-5,303,-4.375,103.125
,304,-4.375,103.375
-1.4258812039117233E-6,305,-4.375,103.625
1.0314487032834135E-5,306,-4.375,103.875
1.0230067060813666E-5,307,-4.375,104.125
1.1346857675480316E-5,308,-4.375,104.375
1.2945299454882438E-5,309,-4.375,104.625
1.0858610159621211E-5,310,-4.375,104.875
8.300734745483485E-6,311,-4.375,105.125
9.833972848335904E-6,312,-4.375,105.375
1.0377268354957873E-5,313,-4.375,105.625
1.3103412243253842E-5,314,-4.375,105.875
1.3487917521420307E-5,315,-4.125,102.375
7.844729157161628E-6,316,-4.125,102.625
8.797264957861934E-6,317,-4.125,102.875
5.367591747091367E-6,318,-4.125,103.125
5.417612330898877E-6,319,-4.125,103.375
1.0999704429269547E-5,320,-4.125,103.625
1.1458502903428473E-5,321,-4.125,103.875
1.0907845341919126E-5,322,-4.125,104.125
1.425368541094696E-5,323,-4.125,104.375
1.2949342285029948E-5,324,-4.125,104.625
,325,-4.125,104.875
7.046837254165439E-6,326,-4.125,105.125
1.0697045500704022E-5,327,-4.125,105.375
1.8142316258594762E-5,328,-4.125,105.625
1.4194869221873002E-5,329,-4.125,105.875
1.1573045780288493E-5,330,-3.875,102.125
1.2353429665866597E-5,331,-3.875,102.375
7.228476030559853E-6,332,-3.875,102.625
1.8652414346798585E-5,333,-3.875,102.875
1.239305795338116E-5,334,-3.875,103.125
1.0808433322509163E-5,335,-3.875,103.375
1.1574212551373437E-5,336,-3.875,103.625
1.3169761155910462E-5,337,-3.875,103.875
1.5214284144399511E-5,338,-3.875,104.125
1.2427579043934784E-5,339,-3.875,104.375
7.345422779543596E-6,340,-3.875,104.625
,341,-3.875,104.875
1.2323194606970997E-5,342,-3.875,105.125
1.34256496611859E-5,343,-3.875,105.375
,344,-3.875,105.625
1.5597271213175382E-5,345,-3.875,105.875
9.934633252449825E-6,346,-3.625,101.875
9.713268324432433E-6,347,-3.625,102.125
9.239638472633898E-6,348,-3.625,102.375
6.101977784545658E-6,349,-3.625,102.625
3.439902940512351E-6,350,-3.625,102.875
1.1788232581316468E-5,351,-3.625,103.125
1.2400444255716692E-5,352,-3.625,103.375
1.345841674701295E-5,353,-3.625,103.625
1.148677668728024E-5,354,-3.625,103.875
1.40790038216963E-5,355,-3.625,104.125
1.4071697593539825E-5,356,-3.625,104.375
7.346049702344315E-6,357,-3.625,104.625
,358,-3.625,104.875
,359,-3.625,105.125
1.8752003597910516E-5,360,-3.625,105.375
,361,-3.625,105.625
,362,-3.625,105.875
6.337851576646792E-6,363,-3.625,111.875
4.723631093153104E-6,364,-3.375,100.375
6.600152161405674E-6,365,-3.375,100.625
7.2460973961362735E-6,366,-3.375,101.625
9.715796641220823E-6,367,-3.375,101.875
9.451143287319445E-6,368,-3.375,102.125
3.7289112450426473E-6,369,-3.375,102.375
1.2049564001425655E-5,370,-3.375,102.625
4.257417725475552E-6,371,-3.375,102.875
7.688535786485621E-6,372,-3.375,103.125
7.857358867565133E-6,373,-3.375,103.375
1.4196872712297827E-5,374,-3.375,103.625
1.1789094315045122E-5,375,-3.375,103.875
1.4224603830798674E-5,376,-3.375,104.125
1.307814387209062E-5,377,-3.375,104.375
1.815148425521329E-5,378,-3.375,104.625
1.641887502046302E-5,379,-3.375,104.875
1.9892539901590495E-5,380,-3.375,105.125
1.8437178042151097E-5,381,-3.375,105.375
,382,-3.375,105.625
,383,-3.375,105.875
6.395605840010553E-6,384,-3.375,106.125
9.376684176969632E-6,385,-3.375,107.125
1.117076801759764E-5,386,-3.375,107.625
1.6197128380871537E-5,387,-3.375,107.875
9.346983838067368E-6,388,-3.375,108.125
1.6284722439850684E-5,389,-3.375,108.375
7.452729781316943E-6,390,-3.375,111.875
1.0827701393333787E-5,391,-3.375,112.125
2.2483910424116883E-6,392,-3.375,112.375
,393,-3.375,112.625
,394,-3.375,112.875
5.723803882312662E-6,395,-3.375,113.375
8.28376078152103E-6,396,-3.375,113.625
6.003179695359311E-6,397,-3.125,100.125
5.175595193034431E-6,398,-3.125,100.375
3.3253021696787956E-6,399,-3.125,100.625
6.274878084187279E-6,400,-3.125,101.375
6.846368895201461E-6,401,-3.125,101.625
4.286187756316504E-6,402,-3.125,101.875
1.0953361477763415E-5,403,-3.125,102.125
4.59900404909157E-6,404,-3.125,102.375
1.2259141668230331E-5,405,-3.125,102.625
7.764268513366144E-6,406,-3.125,102.875
1.0155183288440796E-5,407,-3.125,103.125
8.572647872060564E-6,408,-3.125,103.375
1.0353807457081736E-5,409,-3.125,103.625
7.982268249222906E-6,410,-3.125,103.875
1.2632438267044789E-5,411,-3.125,104.125
1.2121133863244917E-5,412,-3.125,104.375
6.310986918833805E-6,413,-3.125,104.625
3.1490640139963944E-6,414,-3.125,104.875
,415,-3.125,105.125
,416,-3.125,105.375
,417,-3.125,105.625
1.2175988558738027E-5,418,-3.125,105.875
2.1956371181001955E-5,419,-3.125,106.125
1.3303703492034455E-5,420,-3.125,106.375
1.2273231260668673E-5,421,-3.125,106.625
6.283179202753272E-6,422,-3.125,106.875
7.860074863542483E-6,423,-3.125,107.125
1.1046132780068618E-5,424,-3.125,107.375
8.175577891405995E-6,425,-3.125,107.625
5.363090028034522E-6,426,-3.125,107.875
2.7648827523539443E-6,427,-3.125,108.125
9.954807538864393E-6,428,-3.125,108.375
7.1307660879175144E-6,429,-3.125,110.125
6.613659977358677E-6,430,-3.125,110.625
7.5154465950166135E-6,431,-3.125,110.875
3.3250392312322997E-6,432,-3.125,111.125
4.74487894458408E-6,433,-3.125,111.625
,434,-3.125,111.875
,435,-3.125,112.125
,436,-3.125,112.375
,437,-3.125,112.625
,438,-3.125,112.875
,439,-3.125,113.125
-4.255348376991873E-6,440,-3.125,113.375
7.386671802099883E-7,441,-3.125,113.625
3.984225146632493E-6,442,-2.875,99.875
2.233394795823269E-6,443,-2.875,100.125
8.032066424776246E-6,444,-2.875,100.375
9.895416573810417E-6,445,-2.875,101.375
8.179507565558882E-6,446,-2.875,101.625
5.652339222797625E-6,447,-2.875,101.875
-1.013808365069458E-6,448,-2.875,102.125
4.4958016275023705E-6,449,-2.875,102.375
8.987379237827575E-6,450,-2.875,102.625
8.148980872367301E-6,451,-2.875,102.875
6.930399893658322E-6,452,-2.875,103.125
9.14858993475849E-6,453,-2.875,103.375
1.2250926076131775E-5,454,-2.875,103.625
1.3709492045857886E-5,455,-2.875,103.875
1.4863194787223602E-5,456,-2.875,104.125
1.4097143571328566E-5,457,-2.875,104.375
1.6895367718560998E-5,458,-2.875,104.625
1.4900949184969828E-5,459,-2.875,104.875
1.236849516426716E-5,460,-2.875,105.125
,461,-2.875,105.375
,462,-2.875,105.625
7.269251060545477E-6,463,-2.875,105.875
6.814414180182457E-6,464,-2.875,106.125
5.306740863557804E-6,465,-2.875,106.375
,466,-2.875,106.625
8.788571238651423E-6,467,-2.875,106.875
9.168746168392411E-6,468,-2.875,107.125
1.0415557309962286E-5,469,-2.875,107.375
8.76425526800698E-6,470,-2.875,107.625
3.4238303762524614E-6,471,-2.875,107.875
,472,-2.875,108.125
,473,-2.875,108.375
1.1630997449083529E-5,474,-2.875,110.125
9.006247531277856E-6,475,-2.875,110.375
7.256762339535388E-6,476,-2.875,110.625
4.492801378502381E-6,477,-2.875,110.875
-1.8592302115446836E-6,478,-2.875,111.125
,479,-2.875,111.375
,480,-2.875,111.625
,481,-2.875,111.875
,482,-2.875,112.125
,483,-2.875,112.375
,484,-2.875,112.625
,485,-2.875,112.875
,486,-2.875,113.125
6.362414694903183E-6,487,-2.875,113.375
,488,-2.875,113.625
8.96305571077424E-6,489,-2.625,99.875
,490,-2.625,100.125
7.618003933820639E-6,491,-2.625,101.125
1.2557533549365036E-5,492,-2.625,101.375
9.62645985242602E-6,493,-2.625,101.625
6.564715287607351E-6,494,-2.625,101.875
,495,-2.625,102.125
9.012016188934719E-6,496,-2.625,102.375
7.988118194310901E-6,497,-2.625,102.625
8.09041543254644E-6,498,-2.625,102.875
9.049649111897985E-6,499,-2.625,103.125
1.0457378817603396E-5,500,-2.625,103.375
1.782048762192305E-5,501,-2.625,103.625
,502,-2.625,103.875
,503,-2.625,104.125
,504,-2.625,104.375
,505,-2.625,104.625
1.3907938305125672E-5,506,-2.625,104.875
9.097739601753686E-6,507,-2.625,105.125
,508,-2.625,105.375
,509,-2.625,105.625
5.905956678827775E-6,510,-2.625,105.875
6.821209675067073E-6,511,-2.625,106.125
8.367874680196419E-6,512,-2.625,106.375
8.58749552177953E-6,513,-2.625,106.625
7.714892107744826E-6,514,-2.625,106.875
1.068701644532189E-5,515,-2.625,107.625
1.1109980635320639E-5,516,-2.625,107.875
,517,-2.625,108.125
3.1037631721159157E-6,518,-2.625,108.375
9.159751956027804E-6,519,-2.625,108.625
1.0716145348846794E-5,520,-2.625,108.875
1.1448975323747061E-5,521,-2.625,110.125
1.6942996967308543E-6,522,-2.625,110.375
9.275641952317088E-6,523,-2.625,110.625
1.4139780749196643E-6,524,-2.625,110.875
1.6518419215572067E-5,525,-2.625,111.125
,526,-2.625,111.375
,527,-2.625,111.625
,528,-2.625,111.875
1.538381548016332E-5,529,-2.625,112.125
,530,-2.625,112.375
,531,-2.625,112.625
,532,-2.625,112.875
,533,-2.625,113.125
7.495374741430523E-6,534,-2.625,113.375
,535,-2.625,113.625
8.428220002730898E-6,536,-2.375,99.625
5.687111352429294E-6,537,-2.375,99.875
9.483447002497216E-6,538,-2.375,100.875
9.477198209254429E-6,539,-2.375,101.125
4.0294530234684826E-6,540,-2.375,101.375
7.464455626858568E-6,541,-2.375,101.625
8.709924657424122E-6,542,-2.375,101.875
1.1965349278603562E-5,543,-2.375,102.125
8.941079010627937E-6,544,-2.375,102.375
9.195246567653365E-6,545,-2.375,102.625
5.560964369021191E-6,546,-2.375,102.875
7.596047602592979E-6,547,-2.375,103.125
3.2442434728871217E-6,548,-2.375,103.375
8.92404094639761E-6,549,-2.375,103.625
1.5961063975325222E-5,550,-2.375,103.875
,551,-2.375,104.125
9.404612810465474E-6,552,-2.375,104.375
,553,-2.375,104.625
1.913129492873838E-5,554,-2.375,104.875
2.427891548368932E-5,555,-2.375,105.125
2.3708740102486367E-5,556,-2.375,105.375
2.0300511277256574E-5,557,-2.375,105.625
8.234253300780327E-6,558,-2.375,105.875
1.1059422914253084E-5,559,-2.375,106.125
,560,-2.375,106.375
1.061917099255318E-5,561,-2.375,108.625
1.17531716602564E-5,562,-2.375,108.875
1.1160198621837324E-5,563,-2.375,109.875
8.854352095146598E-6,564,-2.375,110.125
9.497408662813781E-6,565,-2.375,110.375
6.85904255800899E-6,566,-2.375,110.625
-1.10596745073375E-6,567,-2.375,110.875
,568,-2.375,111.125
,569,-2.375,111.375
2.971563617393258E-6,570,-2.375,111.625
1.2314572976249247E-5,571,-2.375,111.875
1.184793836728204E-5,572,-2.375,112.125
,573,-2.375,112.375
7.510288556168222E-6,574,-2.375,112.625
8.590978313760507E-6,575,-2.375,112.875
4.983654001245603E-6,576,-2.375,113.125
9.216280796485245E-6,577,-2.375,113.375
,578,-2.375,113.625
3.470094565734759E-6,579,-2.125,99.625
2.0654004110319535E-6,580,-2.125,99.875
1.070886724673285E-5,581,-2.125,100.875
7.311295933840913E-6,582,-2.125,101.125
9.400357083846978E-6,583,-2.125,101.375
1.1127707985868062E-5,584,-2.125,101.625
7.84451929760178E-6,585,-2.125,101.875
9.402408725573368E-6,586,-2.125,102.125
1.0029682256412029E-5,587,-2.125,102.375
9.686128501161785E-6,588,-2.125,102.625
8.563955482472625E-6,589,-2.125,102.875
8.087464812323597E-6,590,-2.125,103.125
1.2945810705579773E-5,591,-2.125,103.375
1.3466288805626401E-5,592,-2.125,103.625
1.4383951099293492E-5,593,-2.125,103.875
1.4533234056178579E-5,594,-2.125,104.125
,595,-2.125,104.375
1.2978240490793355E-5,596,-2.125,104.625
1.6310132109264857E-5,597,-2.125,104.875
1.4783996446642845E-5,598,-2.125,105.125
1.1074394455158093E-5,599,-2.125,105.375
1.1927768686174815E-5,600,-2.125,105.625
1.1348884526058564E-5,601,-2.125,105.875
1.6963138477876782E-5,602,-2.125,106.125
1.7062742227412097E-5,603,-2.125,106.375
7.854848930574642E-6,604,-2.125,110.125
7.014912982421887E-6,605,-2.125,110.375
1.128924282808079E-5,606,-2.125,110.625
1.1171590597557608E-5,607,-2.125,110.875
1.1451799148350877E-5,608,-2.125,111.125
2.869051286324975E-6,609,-2.125,111.375
8.220815202862269E-6,610,-2.125,111.625
8.690883017085134E-6,611,-2.125,111.875
7.678754178673195E-6,612,-2.125,112.125
8.089728282890808E-6,613,-2.125,112.375
6.348620458107599E-6,614,-2.125,112.625
5.229344560761859E-6,615,-2.125,112.875
6.719847836765231E-6,616,-2.125,113.125
6.598533213994138E-6,617,-2.125,113.375
,618,-2.125,113.625
,619,-1.875,98.875
-6.60758996673394E-6,620,-1.875,99.125
-2.2564045850686217E-6,621,-1.875,99.375
5.373739440983627E-6,622,-1.875,99.625
7.35055612933415E-6,623,-1.875,100.625
6.401282300765546E-6,624,-1.875,100.875
8.920353912132727E-6,625,-1.875,101.125
9.63930172069782E-6,626,-1.875,101.375
1.832973798955118E-5,627,-1.875,101.625
1.0645222067812114E-5,628,-1.875,101.875
8.522457717504736E-6,629,-1.875,102.125
1.0286555272031972E-5,630,-1.875,102.375
7.62428839695785E-6,631,-1.875,102.625
1.037977551142107E-5,632,-1.875,102.875
8.66472414323544E-6,633,-1.875,103.125
1.0953417851209017E-5,634,-1.875,103.375
1.4230466337339212E-5,635,-1.875,103.625
1.2798863621653495E-5,636,-1.875,103.875
1.2996922732018303E-5,637,-1.875,104.125
1.0890800668301595E-5,638,-1.875,104.375
1.248056692608359E-5,639,-1.875,104.625
1.0241474681949632E-5,640,-1.875,104.875
,641,-1.875,105.125
,642,-1.875,105.375
,643,-1.875,105.625
,644,-1.875,105.875
,645,-1.875,106.125
1.032958327459427E-5,646,-1.875,109.875
1.0471422353202706E-5,647,-1.875,110.125
9.99776023533289E-6,648,-1.875,110.375
1.1553736083587354E-5,649,-1.875,110.625
,650,-1.875,110.875
,651,-1.875,111.125
1.3032647037825945E-5,652,-1.875,111.375
1.0082922744097217E-5,653,-1.875,111.625
8.425018525764037E-6,654,-1.875,111.875
9.495641355906197E-6,655,-1.875,112.125
6.201700772861901E-6,656,-1.875,112.375
,657,-1.875,112.625
4.132063401546039E-6,658,-1.875,112.875
6.215698187668733E-6,659,-1.875,113.125
,660,-1.875,113.375
,661,-1.875,113.625
8.701572369318455E-7,662,-1.625,98.875
-6.182740283596407E-6,663,-1.625,99.125
2.735461956844894E-6,664,-1.625,99.375
4.209866188986666E-6,665,-1.625,100.375
9.800856396327654E-6,666,-1.625,100.625
1.08307881356102E-5,667,-1.625,100.875
,668,-1.625,101.125
,669,-1.625,101.375
1.5006991384325375E-5,670,-1.625,101.625
8.962999764453385E-6,671,-1.625,101.875
1.2147470186282384E-5,672,-1.625,102.125
1.1417056570591274E-5,673,-1.625,102.375
8.296764809863039E-6,674,-1.625,102.625
1.1610278878380183E-5,675,-1.625,102.875
1.1477699924434529E-5,676,-1.625,103.125
1.0573481510348043E-5,677,-1.625,103.375
1.6664860223588215E-5,678,-1.625,103.625
1.1224461730700288E-5,679,-1.625,103.875
1.0367936364171798E-5,680,-1.625,104.125
6.579866888785582E-6,681,-1.625,104.375
1.248914962580653E-5,682,-1.625,104.625
1.9166113151821137E-5,683,-1.625,105.375
,684,-1.625,105.625
,685,-1.625,105.875
,686,-1.625,106.125
1.0692691469413715E-5,687,-1.625,108.625
1.5394128861121923E-5,688,-1.625,108.875
1.1909814684426115E-5,689,-1.625,109.125
1.004274388578959E-5,690,-1.625,109.375
1.0598218132146517E-5,691,-1.625,109.875
1.1799727665060541E-5,692,-1.625,110.125
8.176327410652571E-6,693,-1.625,110.375
1.2999327693001783E-5,694,-1.625,110.625
,695,-1.625,110.875
,696,-1.625,111.125
6.169946929825257E-6,697,-1.625,111.375
8.064319251858855E-6,698,-1.625,111.625
4.644340149910622E-6,699,-1.625,111.875
1.0416628041846187E-5,700,-1.625,112.125
1.4205799994669554E-5,701,-1.625,112.375
8.223773164502628E-6,702,-1.625,112.625
7.912923803944847E-6,703,-1.625,112.875
2.9408151019058538E-6,704,-1.625,113.125
,705,-1.625,113.375
,706,-1.625,113.625
,707,-1.375,98.625
,708,-1.375,98.875
3.743577732146962E-6,709,-1.375,99.125
7.4391620971412825E-6,710,-1.375,100.375
1.0919878477443118E-5,711,-1.375,100.625
-5.679492460330948E-6,712,-1.375,100.875
3.760111956310756E-6,713,-1.375,101.125
1.0720260554481535E-5,714,-1.375,101.375
1.0208106827417507E-5,715,-1.375,101.625
1.12051660602489E-5,716,-1.375,101.875
1.1032269469770483E-5,717,-1.375,102.125
1.2078131872827567E-5,718,-1.375,102.375
7.987209737408793E-6,719,-1.375,102.625
4.669972422403777E-6,720,-1.375,102.875
1.3002059332724711E-5,721,-1.375,103.125
1.5889262121091776E-5,722,-1.375,103.375
1.3012762809806555E-5,723,-1.375,103.625
1.2988115909176424E-5,724,-1.375,103.875
1.1243544921834036E-5,725,-1.375,104.125
2.350992782996355E-5,726,-1.375,104.375
,727,-1.375,105.125
1.0046088392209942E-5,728,-1.375,105.375
7.98363819787633E-6,729,-1.375,108.875
1.00713657748155E-5,730,-1.375,109.125
9.882717692272612E-6,731,-1.375,109.375
1.2387344679222754E-5,732,-1.375,109.625
1.1706503257719956E-5,733,-1.375,109.875
1.0337712922256816E-5,734,-1.375,110.125
7.65877287270607E-6,735,-1.375,110.375
9.246976287428205E-6,736,-1.375,110.625
1.4009982422705279E-5,737,-1.375,110.875
1.6664224013954696E-5,738,-1.375,111.125
1.636604980023147E-5,739,-1.375,111.375
9.159024675065932E-6,740,-1.375,111.625
1.424331816175177E-5,741,-1.375,111.875
5.719734619173669E-6,742,-1.375,112.125
4.7590608828685206E-6,743,-1.375,112.375
,744,-1.375,112.625
1.1695719644197717E-5,745,-1.375,112.875
-4.440024895302486E-6,746,-1.375,113.125
,747,-1.375,113.375
,748,-1.375,113.625
,749,-1.125,98.625
,750,-1.125,98.875
8.02718750492204E-6,751,-1.125,99.125
8.058205573000474E-6,752,-1.125,100.125
9.085927560501677E-6,753,-1.125,100.375
7.334006919018812E-6,754,-1.125,100.625
-5.679492460330948E-6,755,-1.125,100.875
-1.1477434762900236E-6,756,-1.125,101.125
1.3069243573693951E-5,757,-1.125,101.375
1.033666672641484E-5,758,-1.125,101.625
1.3351321132951218E-5,759,-1.125,101.875
9.271077297975464E-6,760,-1.125,102.125
7.1015247219387335E-6,761,-1.125,102.375
9.457757899233057E-6,762,-1.125,102.625
9.75738188727566E-6,763,-1.125,102.875
1.3959939900729105E-5,764,-1.125,103.125
1.1130254153368754E-5,765,-1.125,103.375
1.1002475891841709E-5,766,-1.125,103.625
1.4817634646716985E-5,767,-1.125,103.875
1.2442144712952744E-5,768,-1.125,104.125
1.3627764740011522E-5,769,-1.125,104.375
4.635531176938263E-6,770,-1.125,105.375
1.3793065422533525E-5,771,-1.125,109.125
1.0949990924990202E-5,772,-1.125,109.375
3.1787408108026376E-6,773,-1.125,109.625
9.17107720946425E-6,774,-1.125,109.875
1.1727065688435482E-5,775,-1.125,110.125
4.823968538403278E-6,776,-1.125,110.375
,777,-1.125,110.625
,778,-1.125,110.875
9.979111016213355E-6,779,-1.125,111.125
7.943817199930589E-6,780,-1.125,111.375
9.782739454067269E-6,781,-1.125,111.625
2.9099877091123317E-6,782,-1.125,111.875
5.415004811540054E-6,783,-1.125,112.125
9.469482689565247E-6,784,-1.125,112.375
1.2888041634120482E-5,785,-1.125,112.625
1.0409329543951502E-5,786,-1.125,112.875
5.760966890728137E-6,787,-1.125,113.125
,788,-1.125,113.375
,789,-1.125,113.625
,790,-0.875,98.625
1.1869560663815805E-5,791,-0.875,98.875
9.496094158087955E-6,792,-0.875,100.125
1.262648616926405E-5,793,-0.875,100.375
,794,-0.875,100.625
1.2365276774345555E-5,795,-0.875,100.875
1.4224286267893362E-5,796,-0.875,101.125
7.2021282847586075E-6,797,-0.875,101.375
6.742097080665505E-6,798,-0.875,101.625
7.297768599631315E-6,799,-0.875,101.875
9.305125224483367E-6,800,-0.875,102.125
1.2368507754113117E-5,801,-0.875,102.375
1.1619538642554135E-5,802,-0.875,102.625
1.2315112004670886E-5,803,-0.875,102.875
7.979484368776634E-6,804,-0.875,103.125
1.4887264006438855E-5,805,-0.875,103.375
1.546237416034222E-5,806,-0.875,103.625
1.2045920165194561E-5,807,-0.875,103.875
8.835221781949855E-6,808,-0.875,104.125
,809,-0.875,104.375
2.605360615151706E-5,810,-0.875,104.875
,811,-0.875,105.625
5.941603145016387E-6,812,-0.875,105.875
1.2606701117912208E-5,813,-0.875,109.125
8.08784260031174E-6,814,-0.875,109.375
8.236775555492603E-6,815,-0.875,109.625
6.664122494455007E-6,816,-0.875,109.875
6.388468958437776E-6,817,-0.875,110.125
,818,-0.875,110.375
9.086887506908106E-6,819,-0.875,110.625
9.139598531836198E-6,820,-0.875,110.875
1.1513632093487777E-5,821,-0.875,111.125
-1.5872552633316236E-6,822,-0.875,111.375
,823,-0.875,111.625
1.3146973522084567E-5,824,-0.875,111.875
7.735636060539955E-6,825,-0.875,112.125
3.542314566369253E-6,826,-0.875,112.375
4.925332260621877E-6,827,-0.875,112.625
6.728926703860634E-6,828,-0.875,112.875
,829,-0.875,113.125
,830,-0.875,113.375
,831,-0.875,113.625
8.291963663711082E-6,832,-0.625,98.375
,833,-0.625,98.625
1.044308138434795E-5,834,-0.625,100.125
9.403303628124358E-6,835,-0.625,100.375
1.1620108428674067E-5,836,-0.625,100.625
1.262587670090212E-5,837,-0.625,100.875
9.059076937900779E-6,838,-0.625,101.125
8.909552866375716E-6,839,-0.625,101.375
1.116122425574646E-5,840,-0.625,101.625
8.247855936656805E-6,841,-0.625,101.875
1.2445935169150546E-5,842,-0.625,102.125
1.0942643630764253E-5,843,-0.625,102.375
1.0841999550851375E-5,844,-0.625,102.625
1.55385234206025E-5,845,-0.625,102.875
1.1461477472708858E-5,846,-0.625,103.125
4.21889676618207E-6,847,-0.625,103.375
6.2330549057510055E-6,848,-0.625,103.625
3.499371450743638E-5,849,-0.625,104.125
,850,-0.625,104.375
1.333018131313474E-5,851,-0.625,104.625
9.912748084652741E-6,852,-0.625,109.125
1.2389208548143355E-5,853,-0.625,109.375
1.4958652004175674E-5,854,-0.625,109.625
1.04750991005475E-5,855,-0.625,109.875
1.2294142871446706E-5,856,-0.625,110.125
,857,-0.625,110.375
9.285599030353441E-6,858,-0.625,110.625
1.045150872644688E-5,859,-0.625,110.875
7.320777547971767E-6,860,-0.625,111.125
8.76692626534219E-6,861,-0.625,111.375
,862,-0.625,111.625
4.295714858759464E-6,863,-0.625,111.875
1.0599980712034287E-5,864,-0.625,112.125
1.1442906791977384E-5,865,-0.625,112.375
,866,-0.625,112.625
,867,-0.625,112.875
,868,-0.625,113.125
,869,-0.625,113.375
,870,-0.625,113.625
5.3606338712873565E-6,871,-0.375,98.375
1.9740051357075572E-5,872,-0.375,98.625
1.571162905650969E-5,873,-0.375,99.875
1.2476837207416612E-5,874,-0.375,100.125
,875,-0.375,100.375
,876,-0.375,100.625
-3.0924807106202934E-6,877,-0.375,100.875
1.1257877107055003E-5,878,-0.375,101.125
-8.629503895083633E-6,879,-0.375,101.375
8.982227882370353E-6,880,-0.375,101.625
1.1628681229317622E-5,881,-0.375,101.875
1.1090280758172526E-5,882,-0.375,102.125
1.3923785028879896E-5,883,-0.375,102.375
1.3084061195713987E-5,884,-0.375,102.625
1.3266198192460646E-5,885,-0.375,102.875
1.230822675066214E-5,886,-0.375,103.125
1.3020567658046625E-5,887,-0.375,103.375
,888,-0.375,103.625
,889,-0.375,103.875
1.8562959956148456E-5,890,-0.375,104.125
8.632033928012273E-6,891,-0.375,104.375
7.439308519610275E-6,892,-0.375,104.625
9.28249808830274E-6,893,-0.375,104.875
1.046752877703444E-5,894,-0.375,105.125
9.293324926244723E-6,895,-0.375,109.125
1.2438005542391485E-5,896,-0.375,109.375
8.743579276354246E-6,897,-0.375,109.625
9.178326230361755E-6,898,-0.375,109.875
1.0168541692156893E-5,899,-0.375,110.125
1.1648739647053485E-5,900,-0.375,110.375
8.759106422360726E-6,901,-0.375,110.625
4.341974095824647E-6,902,-0.375,110.875
5.8210312090523075E-6,903,-0.375,111.125
,904,-0.375,111.375
1.4641058882117372E-5,905,-0.375,111.625
1.9994195184357333E-5,906,-0.375,111.875
1.2903888647205707E-5,907,-0.375,112.125
9.013724806306104E-6,908,-0.375,112.375
1.1521361625770897E-5,909,-0.375,112.625
1.1880653372672126E-5,910,-0.375,112.875
,911,-0.375,113.125
,912,-0.375,113.375
,913,-0.375,113.625
8.405570122441282E-6,914,-0.125,97.875
,915,-0.125,98.125
1.1539167851343916E-5,916,-0.125,98.375
,917,-0.125,98.625
1.3368799198524511E-5,918,-0.125,99.625
1.0977843260809162E-5,919,-0.125,99.875
,920,-0.125,100.125
,921,-0.125,100.375
,922,-0.125,100.625
9.521834946410238E-6,923,-0.125,100.875
1.2954350374894838E-5,924,-0.125,101.125
1.4687642922086334E-5,925,-0.125,101.375
6.803801469260034E-6,926,-0.125,101.625
1.2799625225047742E-5,927,-0.125,101.875
1.4321283781740972E-5,928,-0.125,102.125
1.1086578803868527E-5,929,-0.125,102.375
1.1960637028716744E-5,930,-0.125,102.625
1.0757018174809814E-5,931,-0.125,102.875
9.929619310374113E-6,932,-0.125,103.125
1.7758453395799734E-5,933,-0.125,103.375
,934,-0.125,103.625
,935,-0.125,103.875
,936,-0.125,104.375
5.597809767761388E-6,937,-0.125,104.625
6.418813698214711E-6,938,-0.125,104.875
1.1221877427945738E-5,939,-0.125,109.125
1.2935463945143702E-5,940,-0.125,109.375
,941,-0.125,109.625
,942,-0.125,109.875
4.873671969107818E-6,943,-0.125,110.125
7.275707526671688E-6,944,-0.125,110.375
5.670016435033176E-6,945,-0.125,110.625
,946,-0.125,110.875
9.484948921239192E-6,947,-0.125,111.125
1.0751733498182148E-5,948,-0.125,111.375
5.407274009656884E-6,949,-0.125,111.625
1.1284740225419138E-5,950,-0.125,111.875
8.76476018004999E-6,951,-0.125,112.125
8.513981639129418E-6,952,-0.125,112.375
4.791999478790735E-6,953,-0.125,112.625
4.803363059479791E-6,954,-0.125,112.875
,955,-0.125,113.125
,956,-0.125,113.375
,957,-0.125,113.625
,958,0.125,98.125
6.4420719354529865E-6,959,0.125,98.375
1.3915667334981169E-5,960,0.125,98.625
5.881121873082561E-6,961,0.125,98.875
9.204090107769105E-6,962,0.125,99.125
8.268860613915625E-6,963,0.125,99.375
1.57111149128154E-5,964,0.125,99.625
1.1854004955753071E-5,965,0.125,99.875
,966,0.125,100.125
,967,0.125,100.375
2.079883961414453E-5,968,0.125,100.625
7.650147012974998E-6,969,0.125,100.875
1.1365049491720054E-5,970,0.125,101.125
6.678798349860685E-6,971,0.125,101.375
1.1544550459488358E-5,972,0.125,101.625
1.501897271011731E-5,973,0.125,101.875
2.087672927949086E-5,974,0.125,102.125
8.730335683773734E-6,975,0.125,102.375
2.682346249671666E-5,976,0.125,102.625
,977,0.125,102.875
,978,0.125,103.125
,979,0.125,103.375
,980,0.125,103.625
,981,0.125,103.875
,982,0.125,104.125
1.5532223754164173E-5,983,0.125,104.375
1.158028017840776E-5,984,0.125,104.625
7.817448719489108E-6,985,0.125,104.875
6.542794207093974E-6,986,0.125,109.125
1.5264413828149047E-5,987,0.125,109.375
,988,0.125,109.625
,989,0.125,109.875
,990,0.125,110.125
-3.7306206195353298E-6,991,0.125,110.375
,992,0.125,110.625
,993,0.125,110.875
,994,0.125,111.125
6.442098658661758E-6,995,0.125,111.375
8.406162222695946E-6,996,0.125,111.625
3.942224586887453E-6,997,0.125,111.875
8.84908292550782E-6,998,0.125,112.125
7.766892523564353E-6,999,0.125,112.375
8.987419095232717E-6,1000,0.125,112.625
4.931693962636128E-6,1001,0.125,112.875
,1002,0.125,113.125
3.0675318285489084E-7,1003,0.125,113.375
7.76458127858955E-6,1004,0.125,113.625
4.774122590154688E-6,1005,0.375,99.125
3.659018191260699E-6,1006,0.375,99.375
1.820237116589851E-6,1007,0.375,99.625
,1008,0.375,99.875
7.475284607088333E-6,1009,0.375,100.125
9.436442805530926E-6,1010,0.375,100.375
5.723426750900807E-6,1011,0.375,100.625
1.3653689585880749E-5,1012,0.375,100.875
1.5258892550807347E-5,1013,0.375,101.125
1.7715649413043963E-5,1014,0.375,101.375
2.1094218076291768E-5,1015,0.375,101.625
2.1867481322896896E-5,1016,0.375,101.875
1.91317346939669E-5,1017,0.375,102.125
1.930288095415224E-5,1018,0.375,102.375
,1019,0.375,102.625
,1020,0.375,102.875
2.335069163626527E-5,1021,0.375,103.125
,1022,0.375,103.375
,1023,0.375,103.625
1.065406219647663E-5,1024,0.375,104.375
8.035888251451176E-6,1025,0.375,104.625
4.269274040616569E-6,1026,0.375,108.875
-5.006057130827508E-6,1027,0.375,109.125
1.227511970468324E-5,1028,0.375,109.375
1.1373365854043801E-5,1029,0.375,109.625
5.80929008719977E-6,1030,0.375,109.875
,1031,0.375,110.125
,1032,0.375,110.375
,1033,0.375,110.625
,1034,0.375,110.875
4.476115464058239E-6,1035,0.375,111.125
9.558219483123058E-6,1036,0.375,111.375
1.1416781176028358E-5,1037,0.375,111.625
8.630020755811351E-6,1038,0.375,111.875
9.35944230008111E-6,1039,0.375,112.125
5.196665131087345E-6,1040,0.375,112.375
,1041,0.375,112.625
,1042,0.375,112.875
,1043,0.375,113.125
1.0232539288885441E-5,1044,0.375,113.375
1.1872759656563735E-5,1045,0.375,113.625
8.841135240800213E-6,1046,0.625,97.625
1.3851126787409617E-5,1047,0.625,97.875
7.636772348027415E-6,1048,0.625,99.125
4.969012717642922E-6,1049,0.625,99.375
,1050,0.625,99.625
,1051,0.625,99.875
7.109587885470068E-6,1052,0.625,100.125
1.2602221097565819E-5,1053,0.625,100.375
1.4318228488333008E-5,1054,0.625,100.625
1.8348646679798874E-5,1055,0.625,100.875
9.146580313058646E-6,1056,0.625,101.125
2.0140484958432858E-5,1057,0.625,101.375
2.5050236809823665E-5,1058,0.625,101.625
1.891557293409375E-5,1059,0.625,101.875
1.8390985859639823E-5,1060,0.625,102.125
1.2375800913754018E-5,1061,0.625,102.375
,1062,0.625,102.625
,1063,0.625,102.875
1.8402298800011996E-5,1064,0.625,103.125
,1065,0.625,103.375
,1066,0.625,103.625
2.7255884177196305E-5,1067,0.625,103.875
1.384122763824594E-5,1068,0.625,104.125
1.3406494066948408E-5,1069,0.625,104.375
1.2513405828776914E-5,1070,0.625,104.625
7.122726250757649E-6,1071,0.625,104.875
5.394750987765697E-6,1072,0.625,106.875
4.821167111498774E-6,1073,0.625,107.125
1.6649922688771603E-6,1074,0.625,107.375
,1075,0.625,108.625
,1076,0.625,108.875
,1077,0.625,109.125
4.118013463363761E-6,1078,0.625,109.375
1.8290224980968877E-6,1079,0.625,109.625
,1080,0.625,109.875
1.4155190910969395E-5,1081,0.625,110.125
9.38355146218357E-6,1082,0.625,110.375
8.349858094960301E-6,1083,0.625,110.625
1.4676320243644177E-5,1084,0.625,110.875
6.699510944285048E-6,1085,0.625,111.125
5.893386256845209E-6,1086,0.625,111.375
5.723579241708842E-6,1087,0.625,111.625
5.988876096169621E-6,1088,0.625,111.875
,1089,0.625,112.125
1.0096204277942888E-5,1090,0.625,112.375
6.051800301228411E-6,1091,0.625,112.625
,1092,0.625,112.875
,1093,0.625,113.125
5.181997488409969E-6,1094,0.625,113.375
4.89263058493288E-6,1095,0.625,113.625
,1096,0.875,97.375
,1097,0.875,97.625
6.33828410208482E-6,1098,0.875,97.875
1.1878178963021994E-5,1099,0.875,98.875
-9.489856804538793E-7,1100,0.875,99.125
,1101,0.875,99.375
5.627499028965688E-6,1102,0.875,99.625
,1103,0.875,99.875
1.0108100196219072E-5,1104,0.875,100.125
1.1378526754594525E-5,1105,0.875,100.375
8.219620013642951E-6,1106,0.875,100.625
1.3811579863359454E-5,1107,0.875,100.875
1.506204180734039E-5,1108,0.875,101.125
1.5530235350760956E-5,1109,0.875,101.375
1.5447762545781408E-5,1110,0.875,101.625
1.5310534376177925E-5,1111,0.875,101.875
1.6209875617540606E-5,1112,0.875,102.125
2.152720467453707E-5,1113,0.875,102.375
,1114,0.875,102.625
,1115,0.875,102.875
,1116,0.875,103.125
4.7071673532851424E-5,1117,0.875,103.375
4.4407621117040914E-5,1118,0.875,103.625
3.2581602529411556E-5,1119,0.875,103.875
2.355654102401679E-5,1120,0.875,104.125
1.3032714289311743E-5,1121,0.875,104.375
1.2750481203871124E-5,1122,0.875,104.625
9.600811264071794E-6,1123,0.875,104.875
7.112300216136851E-6,1124,0.875,106.625
,1125,0.875,107.375
,1126,0.875,107.625
,1127,0.875,108.625
-7.620524805424735E-6,1128,0.875,108.875
1.135408597898714E-6,1129,0.875,109.125
3.852582629621656E-6,1130,0.875,109.375
8.26913734038999E-6,1131,0.875,109.625
1.974476725290782E-5,1132,0.875,109.875
2.608657496239175E-6,1133,0.875,110.125
6.311821536548228E-6,1134,0.875,110.375
8.33457601956534E-6,1135,0.875,110.625
1.171833617455991E-5,1136,0.875,110.875
4.175718200669712E-6,1137,0.875,111.125
1.0729347812846043E-5,1138,0.875,111.375
6.0874167502333876E-6,1139,0.875,111.625
1.8213753719464876E-5,1140,0.875,111.875
1.314558884257779E-6,1141,0.875,112.125
4.928577100765575E-6,1142,0.875,112.375
6.421533090790199E-6,1143,0.875,112.625
,1144,0.875,112.875
,1145,0.875,113.125
6.055965736938128E-6,1146,0.875,113.375
2.908175878041938E-6,1147,0.875,113.625
,1148,1.125,97.125
,1149,1.125,97.375
,1150,1.125,97.625
,1151,1.125,97.875
9.396080814150178E-6,1152,1.125,98.875
,1153,1.125,99.125
,1154,1.125,99.375
,1155,1.125,99.625
,1156,1.125,99.875
6.436858870104829E-6,1157,1.125,100.125
8.710104737124558E-6,1158,1.125,100.375
1.4712008957227049E-5,1159,1.125,100.625
1.2187157245810513E-5,1160,1.125,100.875
1.3109828228210904E-5,1161,1.125,101.125
1.5413268811281238E-5,1162,1.125,101.375
1.2364134047676287E-5,1163,1.125,101.625
1.0737830277259572E-5,1164,1.125,101.875
,1165,1.125,102.125
,1166,1.125,102.375
,1167,1.125,102.625
1.1644949154288042E-5,1168,1.125,102.875
4.238183365838393E-5,1169,1.125,103.125
5.227703886986698E-5,1170,1.125,103.375
8.314960109060657E-5,1171,1.125,103.625
5.0316737242513813E-5,1172,1.125,103.875
2.374047692966501E-5,1173,1.125,104.125
1.7527676026298837E-5,1174,1.125,104.375
1.3363707827900909E-5,1175,1.125,104.625
7.977495078734276E-6,1176,1.125,104.875
,1177,1.125,106.875
5.139629774882081E-6,1178,1.125,107.375
,1179,1.125,107.625
1.3161141270197314E-5,1180,1.125,108.875
8.948599315772299E-6,1181,1.125,109.125
1.2053542562268894E-5,1182,1.125,109.375
6.9584472965948075E-6,1183,1.125,109.625
8.718369576111251E-6,1184,1.125,109.875
2.608657496239175E-6,1185,1.125,110.125
6.255780811942341E-6,1186,1.125,110.375
8.010741499297325E-6,1187,1.125,110.625
8.3553633737697E-6,1188,1.125,110.875
1.0951246057822843E-5,1189,1.125,111.125
1.2726881388320247E-5,1190,1.125,111.375
,1191,1.125,111.625
1.8213753719464876E-5,1192,1.125,111.875
1.283426233881027E-5,1193,1.125,112.125
-6.619718624644941E-6,1194,1.125,112.375
6.5061561279150195E-6,1195,1.125,112.625
,1196,1.125,112.875
,1197,1.125,113.125
,1198,1.125,113.375
,1199,1.125,113.625
,1200,1.375,97.125
,1201,1.375,97.375
,1202,1.375,97.625
8.969820985857962E-6,1203,1.375,98.875
2.2566658543022865E-5,1204,1.375,99.125
2.5852907282698836E-6,1205,1.375,99.375
1.181558166717955E-5,1206,1.375,99.625
1.5328557042056978E-5,1207,1.375,99.875
1.1289919784933623E-5,1208,1.375,100.125
1.1438036381150596E-5,1209,1.375,100.375
1.1759284517140025E-5,1210,1.375,100.625
1.1008103178884584E-5,1211,1.375,100.875
1.2948915326863457E-5,1212,1.375,101.125
1.2295242834560596E-5,1213,1.375,101.375
1.8364237844598934E-5,1214,1.375,101.625
8.53828441904625E-6,1215,1.375,101.875
,1216,1.375,102.125
2.7890368073713034E-5,1217,1.375,102.375
1.88041218005542E-5,1218,1.375,102.625
2.107789428283705E-5,1219,1.375,103.125
5.7721668599491125E-5,1220,1.375,103.375
1.5311372867424325E-4,1221,1.375,103.625
1.431303130693013E-4,1222,1.375,103.875
5.143856618750609E-5,1223,1.375,104.125
2.3539704601799116E-5,1224,1.375,104.375
,1225,1.375,107.125
1.218888035504509E-5,1226,1.375,108.875
9.08159249168896E-6,1227,1.375,109.125
1.4691135894498366E-5,1228,1.375,109.375
1.5663215723012335E-5,1229,1.375,109.625
1.1508728504357564E-5,1230,1.375,109.875
1.0921579212402068E-5,1231,1.375,110.125
5.762314422897672E-6,1232,1.375,110.375
5.612138628455635E-6,1233,1.375,110.625
5.896189251447143E-6,1234,1.375,110.875
1.103952985542796E-5,1235,1.375,111.125
3.3018387774016277E-6,1236,1.375,111.375
8.028138550609394E-6,1237,1.375,111.625
-1.644303650993509E-7,1238,1.375,111.875
,1239,1.375,112.125
,1240,1.375,112.375
,1241,1.375,112.625
,1242,1.375,112.875
,1243,1.375,113.125
,1244,1.375,113.375
,1245,1.375,113.625
,1246,1.625,97.375
1.0093473699374322E-5,1247,1.625,98.375
1.2878717956365735E-5,1248,1.625,98.625
9.027105564273655E-6,1249,1.625,98.875
,1250,1.625,99.125
1.0288577868777793E-5,1251,1.625,99.375
7.551845303503904E-6,1252,1.625,99.625
8.33452800291473E-6,1253,1.625,99.875
1.1475140896915957E-5,1254,1.625,100.125
1.4757748543759464E-5,1255,1.625,100.375
1.5535330511519743E-5,1256,1.625,100.625
1.1896892323921597E-5,1257,1.625,100.875
1.2615822384772015E-5,1258,1.625,101.125
1.817844592985511E-5,1259,1.625,101.375
2.6442563331695793E-5,1260,1.625,101.625
1.8903871775373504E-5,1261,1.625,101.875
2.36376872894428E-5,1262,1.625,102.125
2.0871169139663786E-5,1263,1.625,102.375
2.6486209499027433E-5,1264,1.625,102.875
1.6910000315252174E-5,1265,1.625,103.125
1.751003729390739E-5,1266,1.625,103.375
1.158346086614148E-5,1267,1.625,103.625
1.2655665329261486E-5,1268,1.625,103.875
1.1472050798849618E-5,1269,1.625,104.125
7.706703724672135E-6,1270,1.625,104.375
8.428456699293386E-6,1271,1.625,109.125
1.1797517860901778E-5,1272,1.625,109.375
4.859988351096925E-6,1273,1.625,109.625
7.338210078917505E-6,1274,1.625,109.875
1.7649798723304476E-5,1275,1.625,110.125
1.3259050023348475E-5,1276,1.625,110.375
1.7197993328448804E-5,1277,1.625,110.625
9.628528721998519E-6,1278,1.625,110.875
3.7506686934636165E-6,1279,1.625,111.125
,1280,1.625,111.375
,1281,1.625,111.625
,1282,1.625,111.875
,1283,1.625,112.125
,1284,1.625,112.375
,1285,1.625,112.625
,1286,1.625,112.875
3.890215175547678E-6,1287,1.625,113.125
6.166030762431762E-6,1288,1.625,113.375
6.15078446502244E-6,1289,1.625,113.625
1.3965009437744947E-5,1290,1.875,98.375
6.972414580679703E-6,1291,1.875,98.625
1.1852550466377178E-5,1292,1.875,98.875
,1293,1.875,99.125
1.896025398992177E-5,1294,1.875,99.375
8.020238791320279E-6,1295,1.875,99.625
6.7882511461876325E-6,1296,1.875,99.875
1.4973500639619507E-5,1297,1.875,100.125
1.3389831241527996E-5,1298,1.875,100.375
1.1505679294285854E-5,1299,1.875,100.625
1.2512199118700374E-5,1300,1.875,100.875
1.0480774130937243E-5,1301,1.875,101.125
1.9244246618011857E-5,1302,1.875,101.375
2.874860749377027E-5,1303,1.875,101.625
2.2178569076825712E-5,1304,1.875,101.875
2.6811544038757994E-5,1305,1.875,102.625
2.601133007960827E-5,1306,1.875,102.875
1.5822667108863093E-5,1307,1.875,103.125
1.6986513537664344E-5,1308,1.875,103.375
8.506185748658641E-6,1309,1.875,103.625
5.1364796861134856E-6,1310,1.875,103.875
1.1956931265149187E-5,1311,1.875,104.125
3.759688740441723E-6,1312,1.875,109.375
,1313,1.875,109.625
7.537352961857135E-6,1314,1.875,109.875
1.0751297204636458E-5,1315,1.875,110.125
9.492535480443957E-6,1316,1.875,110.375
1.0186206284702975E-5,1317,1.875,110.625
1.2288528575109331E-5,1318,1.875,111.125
,1319,1.875,111.375
,1320,1.875,111.625
,1321,1.875,111.875
,1322,1.875,112.125
,1323,1.875,112.375
,1324,1.875,112.625
,1325,1.875,112.875
5.555147052798358E-6,1326,1.875,113.125
9.277611773242748E-6,1327,1.875,113.375
,1328,1.875,113.625
,1329,2.125,96.625
,1330,2.125,97.125
3.821726936801269E-6,1331,2.125,97.375
8.31240814123713E-6,1332,2.125,97.875
,1333,2.125,98.125
7.857327644049613E-6,1334,2.125,98.375
,1335,2.125,98.625
,1336,2.125,98.875
,1337,2.125,99.125
1.1605175082107715E-5,1338,2.125,99.375
1.5370447318876883E-5,1339,2.125,99.625
1.6373542735234983E-5,1340,2.125,99.875
1.4121326224766309E-5,1341,2.125,100.125
1.5582344003506434E-5,1342,2.125,100.375
1.422945900028278E-5,1343,2.125,100.625
2.141738942008226E-5,1344,2.125,100.875
1.955069696627107E-5,1345,2.125,101.125
2.2763292531390474E-5,1346,2.125,101.375
2.2451513236633564E-5,1347,2.125,101.625
2.14966976514339E-5,1348,2.125,101.875
2.6958656173285627E-5,1349,2.125,102.125
6.0935787682010775E-5,1350,2.125,102.375
1.9390655656009858E-5,1351,2.125,102.625
1.4792183506137706E-5,1352,2.125,102.875
7.380087594031872E-6,1353,2.125,103.125
3.82236880317682E-6,1354,2.125,103.375
6.428680186699317E-6,1355,2.125,103.625
1.3347410099552795E-5,1356,2.125,103.875
9.550344031405286E-6,1357,2.125,104.125
9.53295295005494E-6,1358,2.125,109.625
6.709594245950865E-6,1359,2.125,111.125
1.0269458195294141E-5,1360,2.125,111.375
,1361,2.125,111.625
,1362,2.125,111.875
-1.1773464901521675E-5,1363,2.125,112.125
-8.913183927374635E-6,1364,2.125,112.375
,1365,2.125,112.625
5.135753781360108E-6,1366,2.125,112.875
3.2940256949380483E-6,1367,2.125,113.125
,1368,2.125,113.375
,1369,2.125,113.625
-8.608958174292517E-7,1370,2.375,96.125
1.0425687264669705E-5,1371,2.375,96.375
1.137895742431283E-5,1372,2.375,96.625
,1373,2.375,97.125
3.870239863447621E-6,1374,2.375,97.375
1.199314786027177E-5,1375,2.375,97.625
8.589185778631245E-6,1376,2.375,97.875
8.850027370499447E-6,1377,2.375,98.125
,1378,2.375,98.375
,1379,2.375,98.625
,1380,2.375,98.875
,1381,2.375,99.125
7.804708889462671E-6,1382,2.375,99.375
7.301478276954849E-6,1383,2.375,99.625
1.1936509545366801E-5,1384,2.375,99.875
1.2948215705841756E-5,1385,2.375,100.125
8.188016906496485E-6,1386,2.375,100.375
1.4467829741235376E-5,1387,2.375,100.625
2.293056712638309E-5,1388,2.375,100.875
2.2626263601913765E-5,1389,2.375,101.125
2.903942133232218E-5,1390,2.375,101.875
3.4493978534905445E-5,1391,2.375,102.125
2.1877463428749237E-5,1392,2.375,102.375
7.439206798864465E-6,1393,2.375,102.625
9.794332622392713E-6,1394,2.375,102.875
1.0021622996456142E-5,1395,2.375,103.125
1.3427995879875307E-5,1396,2.375,103.375
1.6212103348753085E-5,1397,2.375,103.625
9.781567156599935E-6,1398,2.375,103.875
9.410989256228395E-6,1399,2.375,104.125
1.2056397280180283E-5,1400,2.375,104.375
8.755985746887792E-6,1401,2.375,104.625
1.0356069976452833E-5,1402,2.375,105.875
,1403,2.375,106.125
5.939858339857776E-6,1404,2.375,108.875
5.9996068383141685E-6,1405,2.375,109.125
6.738679202293384E-6,1406,2.375,111.125
5.838460101110122E-6,1407,2.375,111.375
,1408,2.375,111.625
,1409,2.375,111.875
,1410,2.375,112.125
,1411,2.375,112.375
,1412,2.375,112.625
,1413,2.375,112.875
,1414,2.375,113.125
,1415,2.375,113.375
,1416,2.375,113.625
,1417,2.625,95.625
,1418,2.625,95.875
,1419,2.625,96.125
1.1292657117856171E-5,1420,2.625,96.375
6.517188539145406E-6,1421,2.625,97.625
,1422,2.625,97.875
,1423,2.625,98.125
,1424,2.625,98.375
1.8687083866097964E-5,1425,2.625,98.625
,1426,2.625,98.875
1.2958002827668821E-5,1427,2.625,99.125
1.0108275734737013E-5,1428,2.625,99.375
,1429,2.625,99.625
1.369431519393315E-5,1430,2.625,99.875
1.8794690798281384E-5,1431,2.625,100.125
1.3696697927284268E-5,1432,2.625,100.375
1.851969667906866E-5,1433,2.625,100.625
3.989556786121384E-5,1434,2.625,101.375
2.9208252911654837E-5,1435,2.625,101.625
3.481522832710293E-5,1436,2.625,101.875
1.7440258283332163E-5,1437,2.625,102.125
8.64410542889868E-6,1438,2.625,102.375
8.57043118576366E-6,1439,2.625,102.625
8.780867813597627E-6,1440,2.625,102.875
5.582208677592122E-6,1441,2.625,103.125
8.550995679706215E-6,1442,2.625,103.375
6.925427341183377E-6,1443,2.625,103.625
6.54517633657432E-6,1444,2.625,103.875
4.056527382079549E-6,1445,2.625,104.125
5.2029785451937855E-6,1446,2.625,104.375
9.180370710777183E-6,1447,2.625,106.125
-1.0339398366002002E-6,1448,2.625,106.375
7.2463528960144716E-6,1449,2.625,108.625
6.775376956212019E-6,1450,2.625,108.875
5.772295958235061E-6,1451,2.625,109.125
,1452,2.625,111.375
,1453,2.625,111.625
,1454,2.625,111.875
,1455,2.625,112.125
,1456,2.625,112.375
,1457,2.625,112.625
,1458,2.625,112.875
,1459,2.625,113.125
,1460,2.625,113.375
,1461,2.625,113.625
,1462,2.875,95.375
,1463,2.875,95.625
1.4730743995982285E-5,1464,2.875,95.875
1.0207174336555413E-5,1465,2.875,96.125
,1466,2.875,97.375
6.045946520316647E-6,1467,2.875,97.625
,1468,2.875,97.875
,1469,2.875,98.125
,1470,2.875,98.375
,1471,2.875,98.625
,1472,2.875,98.875
1.3844091468100118E-5,1473,2.875,99.125
7.534423878733727E-6,1474,2.875,99.375
,1475,2.875,99.625
9.7888778327615E-6,1476,2.875,99.875
2.2354470668612032E-5,1477,2.875,100.625
3.623354319570216E-5,1478,2.875,101.125
2.8760944493846607E-5,1479,2.875,101.375
2.752190640115699E-5,1480,2.875,101.625
2.7637942637233606E-5,1481,2.875,101.875
1.0565333476582365E-5,1482,2.875,102.125
8.579613096536649E-6,1483,2.875,102.375
5.318782671248454E-7,1484,2.875,102.625
5.393001578537903E-6,1485,2.875,102.875
4.86719447862227E-6,1486,2.875,103.125
6.4796540813491476E-6,1487,2.875,103.375
5.476078171825601E-6,1488,2.875,103.625
3.858938218327388E-6,1489,2.875,103.875
7.436466463514416E-6,1490,2.875,104.125
8.511647096929621E-6,1491,2.875,105.625
4.746600982344161E-6,1492,2.875,105.875
6.75539159504591E-6,1493,2.875,106.125
6.900486066653657E-6,1494,2.875,106.375
1.0103155662614442E-5,1495,2.875,107.875
3.960501162866236E-6,1496,2.875,108.625
1.7937997970680016E-6,1497,2.875,108.875
1.1946784708440275E-5,1498,2.875,111.375
,1499,2.875,111.625
1.8462447720073916E-5,1500,2.875,111.875
1.021107729635386E-5,1501,2.875,112.125
,1502,2.875,112.375
,1503,2.875,112.625
2.574606262561434E-5,1504,2.875,112.875
,1505,2.875,113.125
,1506,2.875,113.375
,1507,2.875,113.625
7.467317246185532E-6,1508,3.125,95.375
,1509,3.125,97.125
-1.2897324268124066E-5,1510,3.125,97.375
,1511,3.125,97.625
,1512,3.125,97.875
,1513,3.125,98.125
,1514,3.125,98.375
,1515,3.125,98.625
2.4216267775045708E-5,1516,3.125,98.875
2.1444729973487066E-5,1517,3.125,99.125
9.487001079833135E-6,1518,3.125,99.375
,1519,3.125,99.625
,1520,3.125,99.875
3.486236946165874E-5,1521,3.125,101.125
8.517096379271992E-5,1522,3.125,101.375
4.4329683776443366E-5,1523,3.125,101.625
9.180026018395594E-6,1524,3.125,101.875
2.838502723534475E-6,1525,3.125,102.125
1.1471886290624588E-5,1526,3.125,102.375
1.0716427511826133E-5,1527,3.125,102.625
1.086465848250858E-5,1528,3.125,102.875
6.6423606014694255E-6,1529,3.125,103.125
6.301995404871196E-6,1530,3.125,103.375
9.630830056856964E-6,1531,3.125,105.625
4.60187594718306E-6,1532,3.125,105.875
1.2545122051301184E-5,1533,3.125,106.125
4.22166194039488E-6,1534,3.125,106.375
5.06829118810431E-6,1535,3.125,106.625
5.638326985557277E-6,1536,3.125,107.625
1.4802118377526753E-6,1537,3.125,107.875
6.738184765708866E-6,1538,3.125,108.875
,1539,3.125,112.375
,1540,3.125,112.625
2.574340185877244E-5,1541,3.125,112.875
2.6240424167972437E-5,1542,3.125,113.125
,1543,3.125,113.375
,1544,3.125,113.625
,1545,3.375,97.125
,1546,3.375,97.375
,1547,3.375,97.625
8.314974365930539E-6,1548,3.375,97.875
,1549,3.375,98.125
,1550,3.375,98.375
,1551,3.375,98.625
,1552,3.375,98.875
2.112695961528789E-5,1553,3.375,99.125
2.0622505879403258E-5,1554,3.375,99.375
,1555,3.375,99.625
2.6287682691047544E-5,1556,3.375,101.125
4.276441737965772E-5,1557,3.375,101.375
3.6161184645126535E-5,1558,3.375,101.625
5.779469574918039E-6,1559,3.375,101.875
1.3994070577433294E-5,1560,3.375,102.125
1.3528544414644745E-5,1561,3.375,102.375
1.411552921599089E-5,1562,3.375,102.625
3.1685389007176117E-6,1563,3.375,102.875
3.384794227492196E-6,1564,3.375,103.125
8.945568544890522E-6,1565,3.375,103.375
5.545704929313645E-6,1566,3.375,106.125
2.4411293995189888E-6,1567,3.375,106.375
2.3849122550591638E-5,1568,3.375,113.125
,1569,3.375,113.375
,1570,3.375,113.625
9.938140465237666E-6,1571,3.625,96.375
7.4063236365161975E-6,1572,3.625,96.625
9.352039698330563E-6,1573,3.625,96.875
6.587251953029424E-6,1574,3.625,97.125
,1575,3.625,97.375
-1.6346580120635585E-6,1576,3.625,97.625
,1577,3.625,97.875
1.188695365613116E-5,1578,3.625,98.125
1.1813896559592104E-5,1579,3.625,98.375
,1580,3.625,98.625
,1581,3.625,98.875
,1582,3.625,99.125
1.825885409299833E-5,1583,3.625,100.875
3.1733397387654544E-5,1584,3.625,101.125
1.5548807040057593E-5,1585,3.625,101.375
1.2556099954523363E-5,1586,3.625,101.625
1.160877372950198E-5,1587,3.625,101.875
1.1513756534710532E-5,1588,3.625,102.125
4.221682478737109E-6,1589,3.625,102.375
8.201049978000567E-6,1590,3.625,102.625
1.5607560856000752E-6,1591,3.625,102.875
1.3159387891079505E-5,1592,3.625,103.125
1.057015900307533E-5,1593,3.625,103.375
3.2351488374281703E-6,1594,3.625,108.125
4.573334919683696E-6,1595,3.625,108.375
1.6755549117415426E-5,1596,3.625,113.375
,1597,3.625,113.625
9.928953817170022E-6,1598,3.875,96.375
5.4508251746392604E-6,1599,3.875,96.625
,1600,3.875,96.875
,1601,3.875,97.125
8.175745279004332E-6,1602,3.875,97.375
1.3616627433975653E-5,1603,3.875,97.625
,1604,3.875,97.875
1.0212346091835752E-5,1605,3.875,98.125
2.0590623411245052E-5,1606,3.875,98.375
1.2844778576333839E-5,1607,3.875,98.625
,1608,3.875,98.875
2.547948073980415E-5,1609,3.875,100.125
1.4703490855072298E-5,1610,3.875,100.625
1.1225838523105582E-5,1611,3.875,100.875
8.828968738328058E-6,1612,3.875,101.125
8.064332969062938E-6,1613,3.875,101.375
,1614,3.875,101.625
1.3243520612042258E-5,1615,3.875,101.875
1.0426557882555234E-5,1616,3.875,102.125
1.1131134920760378E-5,1617,3.875,102.375
3.935443814334219E-6,1618,3.875,102.625
6.190464689254948E-6,1619,3.875,102.875
1.608710785074695E-5,1620,3.875,103.125
1.740297487822338E-5,1621,3.875,103.375
3.4974129903275752E-6,1622,3.875,107.875
,1623,3.875,108.125
7.754364345299774E-6,1624,3.875,108.375
7.768376172830963E-6,1625,3.875,113.375
1.421223974631618E-5,1626,3.875,113.625
9.187324399518382E-6,1627,4.125,95.875
9.70049454494272E-6,1628,4.125,96.125
9.086514182854444E-6,1629,4.125,96.375
,1630,4.125,96.625
3.929813011263101E-6,1631,4.125,96.875
1.0473709886278034E-5,1632,4.125,97.125
-2.1573163335126022E-6,1633,4.125,97.375
7.917756533189278E-6,1634,4.125,97.625
1.5165375139376665E-5,1635,4.125,97.875
1.771724872498425E-5,1636,4.125,98.125
1.7058572310598484E-5,1637,4.125,98.375
1.7512067099574138E-5,1638,4.125,98.625
1.7810257919640632E-5,1639,4.125,100.625
1.3373264973096643E-5,1640,4.125,100.875
1.6102192297087534E-5,1641,4.125,101.125
7.2806938078429084E-6,1642,4.125,101.375
9.549667293658085E-6,1643,4.125,101.625
1.191190956226663E-5,1644,4.125,101.875
8.92957044099896E-6,1645,4.125,102.125
8.061597189964739E-6,1646,4.125,102.375
,1647,4.125,102.625
-2.1620796504482103E-8,1648,4.125,102.875
5.963676273346678E-6,1649,4.125,103.125
7.412924854564239E-6,1650,4.125,103.375
7.764442744686444E-6,1651,4.125,107.875
1.797870936570689E-5,1652,4.125,108.125
8.056812105473606E-6,1653,4.125,108.375
1.1060612722436738E-5,1654,4.125,113.625
9.218457788891077E-6,1655,4.375,95.875
5.328717474897351E-6,1656,4.375,96.125
,1657,4.375,96.375
,1658,4.375,96.625
-4.005612659160929E-6,1659,4.375,96.875
1.2012510318867347E-5,1660,4.375,97.125
5.129729743202915E-6,1661,4.375,97.375
1.548520815096323E-5,1662,4.375,97.625
9.375615160991886E-6,1663,4.375,97.875
1.649312644015905E-5,1664,4.375,98.125
1.3396866155291631E-5,1665,4.375,98.375
3.5131575812200356E-5,1666,4.375,100.625
1.5071837193176145E-5,1667,4.375,100.875
9.240780511050891E-6,1668,4.375,101.125
,1669,4.375,101.375
3.167798516238418E-6,1670,4.375,101.625
8.448327713869304E-6,1671,4.375,101.875
5.04367553747933E-6,1672,4.375,102.125
5.84511283545709E-6,1673,4.375,102.375
8.433724784158831E-6,1674,4.375,102.625
6.484829651011814E-6,1675,4.375,102.875
-5.699270146799542E-6,1676,4.375,103.125
6.8139312489515474E-6,1677,4.375,103.375
1.2291991944778342E-6,1678,4.375,108.125
4.5251554839108745E-6,1679,4.625,95.375
4.9646866255624936E-6,1680,4.625,95.625
6.870690767051028E-6,1681,4.625,95.875
5.119113875154505E-6,1682,4.625,96.125
1.706848183661503E-5,1683,4.625,96.375
-4.910305620632956E-6,1684,4.625,96.625
1.5326207333670867E-5,1685,4.625,96.875
5.531837924603755E-6,1686,4.625,97.125
1.2522679739006442E-5,1687,4.625,97.375
1.5247200451926549E-5,1688,4.625,97.625
8.568064053453798E-6,1689,4.625,97.875
1.2260448547848281E-5,1690,4.625,98.125
3.309660349725757E-5,1691,4.625,100.625
8.464188821427573E-6,1692,4.625,100.875
7.201731813951335E-6,1693,4.625,101.125
-4.848166089898154E-6,1694,4.625,101.375
4.493712594995529E-6,1695,4.625,101.625
7.233127226816729E-6,1696,4.625,101.875
2.9893525955535502E-6,1697,4.625,102.125
-6.364138791384815E-7,1698,4.625,102.375
2.858980509112897E-6,1699,4.625,102.625
5.008700867173069E-6,1700,4.625,102.875
7.899858031100579E-6,1701,4.625,103.125
1.302045290097071E-5,1702,4.625,103.375
6.597063238611956E-6,1703,4.625,107.625
4.578211287267834E-6,1704,4.625,107.875
5.796697477713613E-6,1705,4.625,108.125
5.167756921838889E-6,1706,4.875,95.375
6.500403600324298E-6,1707,4.875,95.625
5.739350630330561E-6,1708,4.875,95.875
5.968479906811679E-6,1709,4.875,96.125
8.819446700167642E-7,1710,4.875,96.375
9.873412377026464E-6,1711,4.875,96.625
1.3949465722686333E-6,1712,4.875,96.875
9.283937056776106E-6,1713,4.875,97.125
8.249188908780422E-6,1714,4.875,97.375
1.2298722741540745E-5,1715,4.875,97.625
1.1348045346730364E-5,1716,4.875,97.875
1.4494945410173391E-5,1717,4.875,100.375
2.2963858062067234E-5,1718,4.875,100.625
1.2626873800678455E-5,1719,4.875,100.875
1.0486911672406686E-5,1720,4.875,101.125
-8.781621545495E-6,1721,4.875,101.375
6.9798737453894935E-6,1722,4.875,101.625
1.010989548597181E-5,1723,4.875,101.875
4.061450837199467E-6,1724,4.875,102.125
8.46072932609646E-6,1725,4.875,102.375
5.102599192012261E-6,1726,4.875,102.625
7.413612331628797E-6,1727,4.875,102.875
9.433876422371511E-6,1728,4.875,103.125
4.587313505430259E-6,1729,4.875,103.375
5.509186472237297E-6,1730,4.875,103.625
6.807857040945157E-6,1731,4.875,107.875
6.063801205933224E-6,1732,4.875,108.125
7.949655899091709E-6,1733,5.125,95.125
1.7877370227874057E-6,1734,5.125,95.375
,1735,5.125,95.625
,1736,5.125,95.875
,1737,5.125,96.125
1.5845993668682725E-5,1738,5.125,96.375
1.402137648390441E-5,1739,5.125,96.625
1.8095128576827227E-5,1740,5.125,96.875
1.9288284873301783E-5,1741,5.125,97.125
1.549645774364656E-5,1742,5.125,97.375
1.4732673297829529E-5,1743,5.125,97.625
1.2848076283964806E-5,1744,5.125,100.125
1.4379732917145345E-5,1745,5.125,100.375
1.3472064295782346E-5,1746,5.125,100.625
4.264562899012346E-6,1747,5.125,100.875
1.1595282481426413E-5,1748,5.125,101.125
,1749,5.125,101.375
3.0627040306984E-7,1750,5.125,101.625
5.4390084156856635E-6,1751,5.125,101.875
8.72841051938076E-6,1752,5.125,102.125
2.287001962031354E-6,1753,5.125,102.375
-4.907669559765628E-6,1754,5.125,102.625
-8.093046850376448E-7,1755,5.125,102.875
3.0569384144638036E-6,1756,5.125,103.125
3.459991833090733E-6,1757,5.125,103.375
1.9440084194182798E-5,1758,5.375,95.125
,1759,5.375,95.375
6.251169377277799E-7,1760,5.375,95.625
1.1579623552889663E-5,1761,5.375,95.875
1.6593006890465193E-5,1762,5.375,96.125
1.3451301680621082E-5,1763,5.375,96.375
2.4985491984719446E-6,1764,5.375,96.625
1.4280187288678709E-5,1765,5.375,96.875
1.2009116343216082E-5,1766,5.375,97.125
,1767,5.375,97.375
1.813669442876103E-5,1768,5.375,100.125
2.8275671665614108E-5,1769,5.375,100.375
,1770,5.375,100.625
1.2201632100473323E-5,1771,5.375,100.875
9.493123971857005E-6,1772,5.375,101.125
1.1979227795634072E-5,1773,5.375,101.375
,1774,5.375,101.625
8.021858300016926E-6,1775,5.375,101.875
4.023516599118428E-6,1776,5.375,102.125
,1777,5.375,102.375
6.280018885829759E-6,1778,5.375,102.625
9.719361541984769E-6,1779,5.375,102.875
2.8563558138927575E-6,1780,5.375,103.125
,1781,5.625,95.125
4.853085100166776E-6,1782,5.625,95.375
1.4432372286812348E-5,1783,5.625,95.625
1.2177456793974224E-5,1784,5.625,95.875
2.2146995378881052E-5,1785,5.625,100.375
2.7718705855211135E-5,1786,5.625,100.625
1.1955351472345602E-5,1787,5.625,100.875
4.680951851350287E-6,1788,5.625,101.125
8.845065262591302E-6,1789,5.625,101.375
8.857365148091451E-6,1790,5.625,101.625
9.500181515585174E-6,1791,5.625,101.875
6.346433988498702E-6,1792,5.625,102.125
1.490618937545465E-5,1793,5.625,102.375
6.50527119436032E-6,1794,5.625,102.625
5.663779965425914E-6,1795,5.625,102.875
1.4965698403430524E-6,1796,5.625,103.125
1.6196858441207295E-5,1797,5.875,95.125
1.768062831231166E-5,1798,5.875,95.375
2.257568358096037E-5,1799,5.875,100.375
1.748118667901138E-5,1800,5.875,100.625
1.5639103366993368E-5,1801,5.875,100.875
8.96161015899078E-6,1802,5.875,101.125
7.485984222302334E-6,1803,5.875,101.375
6.4249219131576E-6,1804,5.875,101.625
7.440287320095338E-6,1805,5.875,101.875
1.2811398053328219E-5,1806,5.875,102.125
4.960305812065326E-6,1807,5.875,102.375
3.920042377296408E-6,1808,5.875,102.625
-1.9972938345819346E-7,1809,5.875,102.875
-1.150404442860542E-6,1810,5.875,103.125
2.054034702853596E-5,1811,6.125,95.125
8.233930629784315E-6,1812,6.125,99.625
1.285835672056503E-5,1813,6.125,99.875
1.3937191641059776E-5,1814,6.125,100.125
2.6210994186450116E-5,1815,6.125,100.375
2.4733708003339087E-5,1816,6.125,100.625
4.348860754717731E-6,1817,6.125,100.875
1.2104178677412143E-5,1818,6.125,101.125
8.094175092969135E-6,1819,6.125,101.375
6.9304124594675725E-6,1820,6.125,101.625
6.19170905711249E-7,1821,6.125,101.875
1.0759554260634515E-5,1822,6.125,102.125
7.3756211830127915E-6,1823,6.125,102.375
3.70462686836602E-6,1824,6.375,99.125
6.090970157478537E-6,1825,6.375,99.375
8.509787777301157E-6,1826,6.375,99.625
1.5931174461425545E-5,1827,6.375,99.875
1.291748311977495E-5,1828,6.375,100.125
1.6343733790015796E-5,1829,6.375,100.375
9.649507879375391E-6,1830,6.375,100.625
2.7949102890217146E-6,1831,6.375,100.875
7.538908247332321E-6,1832,6.375,101.125
4.561244005076208E-6,1833,6.375,101.375
4.76989787276096E-6,1834,6.375,101.625
5.692039069025949E-6,1835,6.375,101.875
5.6161650913963185E-6,1836,6.375,102.125
4.5383980529176405E-6,1837,6.625,99.125
1.4039471693413557E-6,1838,6.625,99.375
8.396260014094884E-6,1839,6.625,99.625
1.1728787212971579E-5,1840,6.625,99.875
1.290126382393991E-5,1841,6.625,100.125
4.915650020998824E-6,1842,6.625,100.375
2.0485130495696163E-6,1843,6.625,100.625
1.020442970652093E-5,1844,6.625,100.875
7.787506226027418E-6,1845,6.625,101.125
6.199140171584042E-6,1846,6.625,101.375
8.699593943865716E-6,1847,6.625,101.625
6.978688492842646E-6,1848,6.625,101.875
6.2909171630035794E-6,1849,6.875,99.375
8.077356138093448E-6,1850,6.875,99.625
7.612090158247374E-6,1851,6.875,99.875
9.171909349315929E-6,1852,6.875,100.125
1.8000591997283206E-5,1853,6.875,100.375
1.58555457049359E-5,1854,6.875,100.625
1.0389353731720778E-5,1855,6.875,100.875
1.2215533745408884E-5,1856,6.875,101.125
8.251739696078367E-6,1857,6.875,101.375
6.765657062457168E-6,1858,6.875,101.625
8.666768175626976E-6,1859,7.125,99.125
7.365311882592402E-6,1860,7.125,99.375
5.304918441276284E-6,1861,7.125,99.625
1.0075358061931146E-5,1862,7.125,99.875
8.095501070739348E-6,1863,7.125,100.125
1.6164380246968196E-5,1864,7.125,100.375
1.140693540849899E-5,1865,7.125,100.625
9.13278824892253E-6,1866,7.125,100.875
6.759648439888625E-6,1867,7.375,98.375
3.966467043884164E-6,1868,7.375,98.875
8.891739914324938E-6,1869,7.375,99.125
9.494966131232588E-6,1870,7.375,99.375
5.271577345467782E-6,1871,7.375,99.625
3.727413860044638E-6,1872,7.375,99.875
5.289208861097684E-6,1873,7.375,100.125
6.2534539911773645E-6,1874,7.375,100.375
7.166674726168231E-6,1875,7.375,100.625
7.03129695556883E-6,1876,7.625,98.375
7.688980685957954E-6,1877,7.625,98.625
6.212842640107268E-6,1878,7.625,98.875
7.02371486636777E-6,1879,7.625,99.125
2.2692406712990476E-6,1880,7.625,99.375
6.0808673958862515E-6,1881,7.625,99.625
6.6004429543217405E-6,1882,7.625,99.875
5.183520881680067E-6,1883,7.625,100.125
6.19506813424263E-6,1884,7.625,100.375
1.0322425594206497E-5,1885,7.875,98.375
9.238545983475936E-6,1886,7.875,98.625
6.391872813568631E-6,1887,7.875,98.875
3.738066077724027E-6,1888,7.875,99.125
5.6501087468857615E-6,1889,7.875,99.375
6.269942452170773E-6,1890,7.875,99.625
6.32353647389444E-6,1891,7.875,99.875
5.446877395490192E-6,1892,7.875,100.125
4.81054697865353E-6,1893,7.875,100.375
8.67038792795804E-6,1894,8.125,98.375
8.553870881905549E-6,1895,8.125,98.625
9.623564745372209E-6,1896,8.125,98.875
6.990785877810423E-6,1897,8.125,99.125
9.565668567085629E-6,1898,8.125,99.375
1.7146131410611076E-5,1899,8.125,99.625
1.0139143724385873E-5,1900,8.125,99.875
7.851422535093287E-6,1901,8.125,100.125
8.117070881367326E-6,1902,8.125,100.375
5.53144849286505E-6,1903,8.375,97.625
7.1548583601708165E-6,1904,8.375,98.125
6.565814604965749E-6,1905,8.375,98.375
1.0683346740466928E-5,1906,8.375,98.625
1.1460059214994094E-5,1907,8.375,98.875
8.969678252114811E-6,1908,8.375,99.125
6.7903786239521975E-6,1909,8.375,99.375
8.095271672923344E-6,1910,8.375,99.625
7.666502734967155E-6,1911,8.375,99.875
7.375097465324875E-6,1912,8.375,100.125
7.172158794523533E-6,1913,8.375,100.375
5.512588714447517E-6,1914,8.375,100.625
7.457866632400699E-6,1915,8.375,104.875
6.512782878365383E-6,1916,-11.125,122.875
-1.931070306076296E-6,1917,-10.875,121.375
4.984119832947449E-6,1918,-10.875,122.625
-2.6180762479863327E-7,1919,-10.875,122.875
7.0306268813206135E-6,1920,-10.875,123.125
9.240131113470485E-7,1921,-10.625,121.625
-2.444682736971958E-6,1922,-10.625,121.875
1.0617332182715964E-5,1923,-10.625,122.875
1.1724884466811138E-5,1924,-10.625,123.125
6.120014748809041E-6,1925,-10.625,123.375
4.5581508249664605E-6,1926,-10.375,120.125
2.2214422162952514E-6,1927,-10.375,120.375
3.317416008103241E-6,1928,-10.375,120.625
5.489946004600913E-6,1929,-10.375,121.875
7.59347726388397E-6,1930,-10.375,122.125
9.186579574759968E-6,1931,-10.375,123.375
8.731964861677832E-6,1932,-10.375,123.625
8.007307230687115E-6,1933,-10.375,123.875
4.294945668284294E-6,1934,-10.375,124.125
3.8089120893592413E-6,1935,-10.125,119.875
1.2679557906875336E-5,1936,-10.125,120.125
5.837725908788784E-6,1937,-10.125,120.375
8.284102672306931E-7,1938,-10.125,120.625
2.5398332837666575E-6,1939,-10.125,120.875
1.1704478482588364E-5,1940,-10.125,123.375
1.0739162305888466E-5,1941,-10.125,123.625
3.6964716190318588E-6,1942,-10.125,123.875
-1.0658647317787819E-6,1943,-10.125,124.125
1.8496590830280122E-6,1944,-10.125,124.375
2.270694043807871E-6,1945,-10.125,124.625
2.191712626899019E-6,1946,-9.875,119.125
1.6598535739944934E-6,1947,-9.875,119.375
2.9617363874846404E-6,1948,-9.875,119.625
3.2167420360996882E-6,1949,-9.875,119.875
4.657868877784067E-6,1950,-9.875,120.125
6.03257625385083E-6,1951,-9.875,120.375
-1.649520516268699E-7,1952,-9.875,120.625
3.60880245050278E-6,1953,-9.875,120.875
9.028549329605732E-6,1954,-9.875,123.625
1.2722593984910954E-5,1955,-9.875,123.875
1.79739479080583E-5,1956,-9.875,124.125
9.082969977524473E-6,1957,-9.875,124.375
1.2909598049745734E-5,1958,-9.875,124.625
4.919098318861874E-6,1959,-9.875,124.875
4.5902467702518014E-6,1960,-9.625,118.875
8.342057449329957E-6,1961,-9.625,119.125
7.4084766434334255E-6,1962,-9.625,119.375
1.2832150267726222E-5,1963,-9.625,119.625
1.608344697961204E-5,1964,-9.625,119.875
5.2643764778171344E-6,1965,-9.625,120.125
5.1456862404620825E-6,1966,-9.625,120.375
3.1976679578457395E-6,1967,-9.625,120.625
5.434235597561428E-6,1968,-9.625,123.625
9.831364652951445E-6,1969,-9.625,123.875
2.327040722160546E-6,1970,-9.625,124.125
1.2191718546804877E-6,1971,-9.625,124.375
5.018092094791113E-6,1972,-9.625,124.625
4.525289651358345E-6,1973,-9.625,124.875
4.3544304138146275E-6,1974,-9.625,125.125
5.710295618601908E-6,1975,-9.375,118.875
4.514641070047819E-6,1976,-9.375,119.125
4.5666165665832895E-6,1977,-9.375,119.375
5.165689891474179E-6,1978,-9.375,119.625
6.2742953070963706E-6,1979,-9.375,119.875
3.829113036751707E-6,1980,-9.375,120.125
8.7690557206286E-6,1981,-9.375,123.875
7.798579053500113E-6,1982,-9.375,124.125
7.6065496302504894E-6,1983,-9.375,124.375
4.783936057720702E-6,1984,-9.375,124.625
1.2877722641564673E-6,1985,-9.375,124.875
8.751807279883751E-7,1986,-9.375,125.125
1.3504895607718606E-5,1987,-9.125,116.625
1.3418327964163498E-5,1988,-9.125,116.875
7.5095603647104775E-6,1989,-9.125,117.125
5.523873776910044E-6,1990,-9.125,117.375
6.1256732907479334E-6,1991,-9.125,117.625
8.400489262989556E-6,1992,-9.125,124.375
9.788628415374974E-6,1993,-9.125,124.625
8.2949225576436E-6,1994,-9.125,124.875
1.0783415102588824E-5,1995,-9.125,125.125
,1996,-9.125,140.875
,1997,-9.125,141.125
1.3168193486451502E-5,1998,-8.875,114.375
1.4127596670127681E-5,1999,-8.875,114.625
5.918034138367366E-6,2000,-8.875,115.125
1.5735971410314612E-5,2001,-8.875,115.375
1.4371448550226833E-5,2002,-8.875,115.625
-2.1858511193626787E-6,2003,-8.875,115.875
5.809307994192254E-6,2004,-8.875,116.125
4.970365473720275E-6,2005,-8.875,116.375
1.1526799426891172E-5,2006,-8.875,116.625
1.5141183744463627E-5,2007,-8.875,116.875
9.5072794621188E-7,2008,-8.875,117.125
,2009,-8.875,117.375
2.0223184822466187E-6,2010,-8.875,117.625
2.5109641951407214E-6,2011,-8.875,117.875
9.871433149458354E-7,2012,-8.875,118.125
2.805280824377732E-6,2013,-8.875,118.375
-1.5627169178457663E-7,2014,-8.875,118.625
7.307708979502768E-6,2015,-8.875,118.875
4.946186889271885E-6,2016,-8.875,119.125
2.7947678642110135E-6,2017,-8.875,119.375
4.151763957177597E-6,2018,-8.875,119.625
1.9587870209444495E-6,2019,-8.875,119.875
2.1162999293586613E-6,2020,-8.875,120.125
3.3167695374175894E-6,2021,-8.875,120.375
5.708856974666355E-6,2022,-8.875,120.625
8.741289091784908E-7,2023,-8.875,120.875
-5.149515059642084E-6,2024,-8.875,121.125
2.384780455306636E-6,2025,-8.875,121.375
3.7226661327561064E-6,2026,-8.875,121.625
1.506233178960882E-6,2027,-8.875,121.875
4.397312363192968E-6,2028,-8.875,122.125
2.8976858250092923E-6,2029,-8.875,122.375
5.2962969517580395E-6,2030,-8.875,124.875
7.65724348072794E-6,2031,-8.875,125.125
,2032,-8.875,140.625
,2033,-8.875,140.875
,2034,-8.875,141.125
,2035,-8.625,114.125
4.003156596074821E-6,2036,-8.625,114.375
8.104445080427789E-6,2037,-8.625,114.625
-8.39942822494777E-6,2038,-8.625,114.875
,2039,-8.625,115.125
6.39049255510462E-6,2040,-8.625,115.375
8.011490780159256E-6,2041,-8.625,115.625
3.560434841893212E-5,2042,-8.625,115.875
,2043,-8.625,116.125
,2044,-8.625,116.375
7.67268134670425E-6,2045,-8.625,116.625
1.1527694635739006E-5,2046,-8.625,116.875
,2047,-8.625,117.125
5.7979619648969426E-6,2048,-8.625,117.375
4.260202684334955E-6,2049,-8.625,117.625
6.334844134543108E-6,2050,-8.625,117.875
7.88986901636394E-6,2051,-8.625,118.125
1.3561511243742424E-6,2052,-8.625,118.375
4.268618595209368E-6,2053,-8.625,118.625
,2054,-8.625,118.875
7.569817640645868E-6,2055,-8.625,119.125
7.68729119493848E-6,2056,-8.625,119.375
3.941677585210728E-6,2057,-8.625,119.625
2.2911919075936373E-6,2058,-8.625,119.875
5.879025290311787E-6,2059,-8.625,120.125
,2060,-8.625,120.375
,2061,-8.625,120.625
,2062,-8.625,120.875
2.897474454623901E-6,2063,-8.625,121.125
4.134543030078806E-6,2064,-8.625,121.375
7.915945555131385E-6,2065,-8.625,121.625
1.0138023651098848E-5,2066,-8.625,121.875
1.4591300989482304E-5,2067,-8.625,122.125
5.473867658348065E-6,2068,-8.625,122.375
8.41221087476344E-6,2069,-8.625,122.625
-5.167185296129943E-6,2070,-8.625,122.875
-1.7380416632714557E-7,2071,-8.625,123.125
-1.4116207173316308E-7,2072,-8.625,123.375
-7.218173938110156E-8,2073,-8.625,123.625
4.758081777778805E-6,2074,-8.625,124.125
,2075,-8.625,140.375
,2076,-8.625,140.625
,2077,-8.625,140.875
,2078,-8.625,141.125
,2079,-8.375,114.125
8.973033144701355E-6,2080,-8.375,114.375
5.027300039243399E-6,2081,-8.375,114.625
,2082,-8.375,114.875
,2083,-8.375,115.125
,2084,-8.375,115.375
1.014951436687453E-5,2085,-8.375,115.625
2.265453164435107E-5,2086,-8.375,116.125
2.1267328518926633E-5,2087,-8.375,116.375
7.999099004785767E-6,2088,-8.375,116.625
7.039097977628293E-6,2089,-8.375,116.875
9.123588958567443E-6,2090,-8.375,117.125
1.2772059753052206E-5,2091,-8.375,117.375
,2092,-8.375,117.625
,2093,-8.375,117.875
-4.473550131163359E-6,2094,-8.375,118.125
7.994977098558058E-6,2095,-8.375,118.375
1.3712333129670764E-5,2096,-8.375,118.625
6.375907631009436E-6,2097,-8.375,118.875
9.504014711995327E-6,2098,-8.375,119.125
6.725457871353937E-6,2099,-8.375,119.375
2.7653009154174395E-6,2100,-8.375,119.625
4.823312999094103E-6,2101,-8.375,119.875
4.270397294852664E-6,2102,-8.375,120.125
6.250469300757689E-6,2103,-8.375,120.375
1.9702442160740486E-6,2104,-8.375,120.625
5.7583644217456975E-6,2105,-8.375,120.875
7.181297611596171E-6,2106,-8.375,121.125
6.507445673582999E-6,2107,-8.375,121.375
7.315531669741053E-6,2108,-8.375,121.625
5.0822672191056456E-6,2109,-8.375,121.875
8.450613542775386E-6,2110,-8.375,122.125
6.596095978548709E-6,2111,-8.375,122.375
4.923078908496788E-6,2112,-8.375,122.625
9.30335846992288E-6,2113,-8.375,122.875
4.420669665826231E-6,2114,-8.375,123.125
1.0368328773516805E-5,2115,-8.375,123.375
6.593713762051417E-6,2116,-8.375,123.625
-6.205302196888864E-6,2117,-8.375,123.875
7.424528669399711E-6,2118,-8.375,124.125
4.9774428121282356E-6,2119,-8.375,124.375
1.5562324251861937E-5,2120,-8.375,124.625
9.582935470559527E-6,2121,-8.375,124.875
4.919970859253926E-6,2122,-8.375,125.125
,2123,-8.375,127.875
-7.000761541710206E-8,2124,-8.375,128.125
2.9021487891131284E-6,2125,-8.375,130.875
,2126,-8.375,137.625
,2127,-8.375,137.875
,2128,-8.375,138.125
,2129,-8.375,138.375
,2130,-8.375,138.625
,2131,-8.375,138.875
-9.89513506903292E-7,2132,-8.375,139.125
8.437337623890578E-6,2133,-8.375,140.125
,2134,-8.375,140.375
,2135,-8.375,140.625
,2136,-8.375,140.875
,2137,-8.375,141.125
,2138,-8.125,114.125
4.5601158996077215E-6,2139,-8.125,114.375
9.125708685326777E-6,2140,-8.125,114.625
2.080916046409877E-5,2141,-8.125,114.875
8.593474264978502E-6,2142,-8.125,115.125
1.747614145229935E-5,2143,-8.125,115.375
2.176038526280153E-6,2144,-8.125,115.625
1.7055872820502707E-5,2145,-8.125,116.375
9.746360635057388E-6,2146,-8.125,117.375
9.408944949721771E-6,2147,-8.125,117.625
1.3610739607527532E-5,2148,-8.125,117.875
9.664928597772428E-6,2149,-8.125,118.125
7.942136433636977E-6,2150,-8.125,118.375
8.135566919137304E-6,2151,-8.125,118.625
4.338859974591232E-6,2152,-8.125,118.875
1.0245656744677646E-5,2153,-8.125,119.125
3.5761714514808996E-6,2154,-8.125,120.375
5.717594205337625E-6,2155,-8.125,122.125
8.75125544768089E-8,2156,-8.125,122.625
8.036769368088322E-6,2157,-8.125,122.875
3.741811872021328E-6,2158,-8.125,123.125
7.208074147099187E-6,2159,-8.125,123.375
3.0546034556330715E-6,2160,-8.125,123.625
3.5040230190732184E-6,2161,-8.125,123.875
6.143704751569288E-6,2162,-8.125,124.125
7.566385536182825E-6,2163,-8.125,124.375
9.193196122028223E-6,2164,-8.125,124.625
9.202621474859064E-6,2165,-8.125,124.875
9.21506011798363E-6,2166,-8.125,125.125
1.605424078841613E-6,2167,-8.125,125.625
7.09387841248883E-6,2168,-8.125,125.875
,2169,-8.125,127.125
1.4080154822501855E-6,2170,-8.125,127.625
2.1255878625338512E-6,2171,-8.125,127.875
1.0662153452072562E-6,2172,-8.125,128.125
5.234516067739937E-6,2173,-8.125,128.625
,2174,-8.125,128.875
,2175,-8.125,129.125
-1.7452042371571907E-6,2176,-8.125,129.625
-7.558471536408257E-7,2177,-8.125,129.875
3.820966705362052E-6,2178,-8.125,130.875
4.049132899042664E-6,2179,-8.125,131.125
2.2305241736786233E-6,2180,-8.125,131.375
,2181,-8.125,137.625
,2182,-8.125,137.875
,2183,-8.125,138.125
,2184,-8.125,138.375
,2185,-8.125,138.625
,2186,-8.125,138.875
-1.0229740610157023E-6,2187,-8.125,139.125
-1.7119096161576303E-6,2188,-8.125,139.375
9.176440273924106E-6,2189,-8.125,139.625
6.26654551658153E-6,2190,-8.125,139.875
2.6513614060646978E-6,2191,-8.125,140.125
,2192,-8.125,140.375
,2193,-8.125,140.625
,2194,-8.125,140.875
,2195,-8.125,141.125
,2196,-7.875,114.125
1.7449279996093803E-6,2197,-7.875,114.375
2.905944856312818E-6,2198,-7.875,117.125
2.5044158757023764E-6,2199,-7.875,125.625
,2200,-7.875,125.875
,2201,-7.875,126.125
,2202,-7.875,126.375
,2203,-7.875,126.625
,2204,-7.875,126.875
6.751886758138426E-6,2205,-7.875,129.625
5.453518736957347E-6,2206,-7.875,129.875
4.23415787815226E-7,2207,-7.875,130.125
6.484582491840903E-7,2208,-7.875,130.875
1.525701533589642E-7,2209,-7.875,131.125
1.4917505937690639E-6,2210,-7.875,131.375
,2211,-7.875,137.875
,2212,-7.875,138.125
,2213,-7.875,138.375
,2214,-7.875,138.625
,2215,-7.875,138.875
,2216,-7.875,139.125
1.0643865629264364E-6,2217,-7.875,139.375
,2218,-7.875,139.625
3.540723582773353E-6,2219,-7.875,139.875
,2220,-7.875,140.125
,2221,-7.875,140.375
,2222,-7.875,140.625
,2223,-7.875,140.875
,2224,-7.875,141.125
,2225,-7.625,114.125
-2.1787218456762605E-6,2226,-7.625,114.375
-5.228185207618305E-6,2227,-7.625,117.125
5.380243183420289E-6,2228,-7.625,117.375
3.440674756782155E-6,2229,-7.625,117.875
-3.022800226237451E-6,2230,-7.625,121.125
,2231,-7.625,125.875
,2232,-7.625,126.125
,2233,-7.625,126.375
,2234,-7.625,126.625
,2235,-7.625,126.875
,2236,-7.625,127.375
,2237,-7.625,127.625
1.2071308578509626E-6,2238,-7.625,129.625
,2239,-7.625,129.875
3.48274985966095E-6,2240,-7.625,130.125
9.299659331489704E-7,2241,-7.625,130.875
-6.016617615879455E-8,2242,-7.625,131.125
2.3713393648147363E-7,2243,-7.625,131.375
-2.8338158530893295E-6,2244,-7.625,131.625
,2245,-7.625,137.875
,2246,-7.625,138.125
,2247,-7.625,138.375
,2248,-7.625,138.625
,2249,-7.625,138.875
,2250,-7.625,139.125
2.03380459689701E-6,2251,-7.625,139.375
,2252,-7.625,139.625
,2253,-7.625,139.875
,2254,-7.625,140.125
,2255,-7.625,140.375
,2256,-7.625,140.625
,2257,-7.625,140.875
,2258,-7.625,141.125
,2259,-7.375,117.125
4.205256573186489E-6,2260,-7.375,117.375
2.7637244456884425E-6,2261,-7.375,117.625
5.166890676173286E-6,2262,-7.375,117.875
8.642950438091939E-6,2263,-7.375,118.125
3.0844426759315173E-6,2264,-7.375,120.875
6.9819122618013376E-6,2265,-7.375,121.125
6.261821449738804E-6,2266,-7.375,121.375
7.476694468454074E-6,2267,-7.375,121.625
5.562474806709362E-6,2268,-7.375,121.875
,2269,-7.375,127.375
,2270,-7.375,128.625
8.03831943242895E-7,2271,-7.375,130.875
1.6211216604902297E-6,2272,-7.375,131.125
5.767418000943818E-6,2273,-7.375,131.375
-1.6458150341013156E-6,2274,-7.375,131.625
,2275,-7.375,138.125
-1.7321946808641027E-6,2276,-7.375,138.375
6.084280357754324E-6,2277,-7.375,138.625
,2278,-7.375,138.875
,2279,-7.375,139.125
-5.294334641803289E-6,2280,-7.375,139.375
,2281,-7.375,139.625
,2282,-7.375,139.875
,2283,-7.375,140.125
,2284,-7.375,140.375
,2285,-7.375,140.625
,2286,-7.375,140.875
,2287,-7.375,141.125
,2288,-7.125,114.125
,2289,-7.125,114.375
,2290,-7.125,114.625
,2291,-7.125,114.875
,2292,-7.125,115.125
,2293,-7.125,115.375
,2294,-7.125,115.625
,2295,-7.125,115.875
1.3085705364273956E-6,2296,-7.125,117.875
-2.7719406115840487E-7,2297,-7.125,118.125
9.24887000713043E-6,2298,-7.125,118.375
,2299,-7.125,118.625
3.0279892109602847E-6,2300,-7.125,120.625
9.247974600033452E-7,2301,-7.125,120.875
4.995726279295985E-6,2302,-7.125,121.125
2.032783274541943E-6,2303,-7.125,121.375
1.9584440028661716E-6,2304,-7.125,121.625
5.986056674714754E-6,2305,-7.125,121.875
,2306,-7.125,128.375
,2307,-7.125,128.625
-2.128842943502476E-6,2308,-7.125,131.375
-3.069481738434409E-6,2309,-7.125,131.625
-1.0364009326750644E-6,2310,-7.125,131.875
2.4053656782935305E-6,2311,-7.125,134.375
7.840517026919055E-6,2312,-7.125,134.625
1.001674300108083E-5,2313,-7.125,138.625
,2314,-7.125,138.875
-5.3534232468234356E-6,2315,-7.125,139.125
-8.720362357082333E-7,2316,-7.125,139.375
,2317,-7.125,139.625
,2318,-7.125,139.875
,2319,-7.125,140.125
,2320,-7.125,140.375
,2321,-7.125,140.625
,2322,-7.125,140.875
,2323,-7.125,141.125
,2324,-6.875,114.125
,2325,-6.875,114.375
,2326,-6.875,114.625
,2327,-6.875,115.125
,2328,-6.875,115.375
,2329,-6.875,115.625
,2330,-6.875,115.875
,2331,-6.875,116.125
,2332,-6.875,116.375
1.0045405037148394E-5,2333,-6.875,118.875
3.534804136506864E-6,2334,-6.875,119.125
,2335,-6.875,120.375
,2336,-6.875,120.625
,2337,-6.875,120.875
2.3281365756430606E-6,2338,-6.875,121.125
8.580053190598846E-6,2339,-6.875,131.375
,2340,-6.875,131.625
,2341,-6.875,131.875
,2342,-6.875,132.125
-2.0974758911254563E-6,2343,-6.875,134.125
-2.8697151899435076E-6,2344,-6.875,134.375
3.8463356777171435E-6,2345,-6.875,134.625
2.118386384861178E-6,2346,-6.875,134.875
6.382550054695457E-6,2347,-6.875,138.625
6.597537372879524E-6,2348,-6.875,138.875
9.535359941782964E-6,2349,-6.875,139.125
3.4637720716565947E-6,2350,-6.875,139.375
,2351,-6.875,139.625
,2352,-6.875,139.875
,2353,-6.875,140.125
,2354,-6.875,140.375
,2355,-6.875,140.625
,2356,-6.875,140.875
,2357,-6.875,141.125
,2358,-6.625,115.625
,2359,-6.625,118.375
1.4974361152056924E-5,2360,-6.625,118.875
,2361,-6.625,120.375
,2362,-6.625,120.875
-1.880609785551236E-6,2363,-6.625,121.125
,2364,-6.625,131.625
,2365,-6.625,134.125
-7.041963385745476E-7,2366,-6.625,134.375
-3.4461687492593197E-6,2367,-6.625,134.625
-2.243663826284863E-6,2368,-6.625,134.875
-7.658586008125796E-7,2369,-6.625,138.625
3.0174644240147964E-6,2370,-6.625,138.875
1.0514897749279202E-5,2371,-6.625,139.125
4.229962922379513E-6,2372,-6.625,139.375
,2373,-6.625,139.625
,2374,-6.625,139.875
,2375,-6.625,140.125
,2376,-6.625,140.375
,2377,-6.625,140.625
,2378,-6.625,140.875
,2379,-6.375,115.625
,2380,-6.375,115.875
,2381,-6.375,120.375
,2382,-6.375,120.625
,2383,-6.375,120.875
,2384,-6.375,121.125
5.166612269441505E-6,2385,-6.375,134.125
2.049127552628171E-6,2386,-6.375,134.375
,2387,-6.375,134.625
1.173320288216928E-5,2388,-6.375,134.875
,2389,-6.375,138.375
4.4459294453631773E-7,2390,-6.375,138.625
2.194982370690627E-6,2391,-6.375,138.875
,2392,-6.375,139.125
3.4776971580862943E-6,2393,-6.375,139.375
,2394,-6.375,139.625
,2395,-6.375,139.875
9.07282762285155E-6,2396,-6.375,140.125
1.3732629491017536E-5,2397,-6.375,140.375
,2398,-6.375,140.625
,2399,-6.375,140.875
5.7046519259529305E-6,2400,-6.375,141.125
,2401,-6.125,120.375
,2402,-6.125,120.625
6.617740717838907E-6,2403,-6.125,122.625
,2404,-6.125,124.125
,2405,-6.125,124.625
,2406,-6.125,132.375
,2407,-6.125,132.875
5.30690494357676E-6,2408,-6.125,134.125
5.706168782382232E-6,2409,-6.125,134.375
4.833250938903649E-6,2410,-6.125,134.625
3.7705434811787902E-6,2411,-6.125,134.875
,2412,-6.125,138.375
2.5536201658175805E-6,2413,-6.125,138.625
3.5467070158639355E-6,2414,-6.125,138.875
3.5133655274272393E-6,2415,-6.125,139.125
3.2729730927033135E-6,2416,-6.125,139.375
,2417,-6.125,139.625
,2418,-6.125,139.875
5.8339060198534036E-6,2419,-6.125,140.125
7.456041566452639E-6,2420,-6.125,140.375
6.861943347757915E-6,2421,-6.125,140.625
4.951667876987386E-6,2422,-6.125,140.875
8.347894889291066E-6,2423,-6.125,141.125
1.1743568098853466E-5,2424,-5.875,120.375
1.29754533999302E-5,2425,-5.875,120.625
,2426,-5.875,123.875
,2427,-5.875,124.125
,2428,-5.875,124.375
7.647469597235041E-6,2429,-5.875,132.125
,2430,-5.875,132.375
,2431,-5.875,132.625
,2432,-5.875,132.875
,2433,-5.875,134.125
-5.251216278979713E-6,2434,-5.875,134.375
4.1824437845728335E-6,2435,-5.875,134.625
2.7151008865042473E-6,2436,-5.875,134.875
,2437,-5.875,138.125
,2438,-5.875,138.375
1.8777124705824327E-6,2439,-5.875,138.625
2.222503846628159E-6,2440,-5.875,138.875
4.871487530113908E-6,2441,-5.875,139.125
1.2454141966407368E-6,2442,-5.875,139.375
,2443,-5.875,139.625
,2444,-5.875,139.875
6.129211257017699E-6,2445,-5.875,140.125
8.461786254228757E-7,2446,-5.875,140.375
,2447,-5.875,140.625
,2448,-5.875,140.875
,2449,-5.875,141.125
,2450,-5.625,114.375
,2451,-5.625,118.375
,2452,-5.625,118.625
,2453,-5.625,119.125
,2454,-5.625,119.375
,2455,-5.625,119.625
,2456,-5.625,119.875
,2457,-5.625,120.125
,2458,-5.625,120.375
7.945814953251107E-6,2459,-5.625,121.875
2.233447713558104E-6,2460,-5.625,122.125
1.4467064718959727E-5,2461,-5.625,122.375
,2462,-5.625,122.625
,2463,-5.625,122.875
,2464,-5.625,123.625
,2465,-5.625,123.875
,2466,-5.625,124.125
,2467,-5.625,124.375
,2468,-5.625,131.875
2.1814027765978463E-6,2469,-5.625,132.125
3.2678823599308267E-6,2470,-5.625,132.375
,2471,-5.625,132.625
,2472,-5.625,132.875
,2473,-5.625,133.125
1.4294652828539256E-5,2474,-5.625,134.125
,2475,-5.625,134.375
5.669994400388259E-6,2476,-5.625,134.625
1.01271819574897E-5,2477,-5.625,134.875
,2478,-5.625,138.125
,2479,-5.625,138.375
3.972595852995138E-6,2480,-5.625,138.625
1.4239533339758741E-6,2481,-5.625,138.875
1.724030304118344E-6,2482,-5.625,139.125
-1.8261708003145223E-6,2483,-5.625,139.375
,2484,-5.625,139.625
,2485,-5.625,139.875
,2486,-5.625,140.125
,2487,-5.625,140.375
,2488,-5.625,140.625
,2489,-5.625,140.875
,2490,-5.625,141.125
,2491,-5.375,114.375
,2492,-5.375,117.875
,2493,-5.375,118.375
,2494,-5.375,118.625
,2495,-5.375,119.125
,2496,-5.375,119.375
,2497,-5.375,119.625
,2498,-5.375,119.875
,2499,-5.375,120.125
,2500,-5.375,120.375
,2501,-5.375,121.875
,2502,-5.375,122.125
,2503,-5.375,122.375
,2504,-5.375,122.625
,2505,-5.375,122.875
,2506,-5.375,123.125
,2507,-5.375,123.375
,2508,-5.375,123.625
,2509,-5.375,123.875
,2510,-5.375,124.375
,2511,-5.375,131.875
-1.7796461883073047E-6,2512,-5.375,132.125
,2513,-5.375,132.625
,2514,-5.375,132.875
,2515,-5.375,133.125
7.95458436186891E-6,2516,-5.375,134.375
6.180594187899555E-6,2517,-5.375,134.625
,2518,-5.375,137.625
,2519,-5.375,137.875
,2520,-5.375,138.125
,2521,-5.375,138.375
6.41519467679975E-6,2522,-5.375,138.625
6.593979596301903E-6,2523,-5.375,138.875
8.236039189116639E-7,2524,-5.375,139.125
,2525,-5.375,139.375
,2526,-5.375,139.625
,2527,-5.375,139.875
,2528,-5.375,140.125
,2529,-5.375,140.375
,2530,-5.375,140.625
,2531,-5.375,140.875
,2532,-5.375,141.125
9.195772425156158E-6,2533,-5.125,114.625
,2534,-5.125,117.125
,2535,-5.125,117.625
,2536,-5.125,117.875
,2537,-5.125,118.125
,2538,-5.125,119.375
,2539,-5.125,119.625
,2540,-5.125,119.875
,2541,-5.125,120.125
,2542,-5.125,120.375
,2543,-5.125,121.875
,2544,-5.125,122.125
,2545,-5.125,122.375
,2546,-5.125,122.625
,2547,-5.125,122.875
,2548,-5.125,123.125
,2549,-5.125,123.625
,2550,-5.125,132.125
,2551,-5.125,137.125
,2552,-5.125,137.375
,2553,-5.125,137.625
,2554,-5.125,137.875
3.941758896117036E-6,2555,-5.125,138.125
5.92010372586781E-6,2556,-5.125,138.375
5.5974585613163745E-6,2557,-5.125,138.625
7.697452966017365E-6,2558,-5.125,138.875
-3.9504675442003645E-6,2559,-5.125,139.125
,2560,-5.125,139.375
,2561,-5.125,139.625
,2562,-5.125,139.875
,2563,-5.125,140.125
,2564,-5.125,140.375
,2565,-5.125,140.625
,2566,-5.125,140.875
,2567,-5.125,141.125
,2568,-4.875,119.125
,2569,-4.875,119.375
,2570,-4.875,119.625
,2571,-4.875,119.875
,2572,-4.875,120.125
,2573,-4.875,120.375
6.424781760126451E-6,2574,-4.875,121.625
6.506014494156203E-6,2575,-4.875,121.875
8.706129282214128E-6,2576,-4.875,122.125
,2577,-4.875,122.375
,2578,-4.875,122.625
,2579,-4.875,122.875
,2580,-4.875,123.125
,2581,-4.875,131.625
,2582,-4.875,131.875
,2583,-4.875,136.375
,2584,-4.875,136.625
,2585,-4.875,136.875
,2586,-4.875,137.125
,2587,-4.875,137.375
,2588,-4.875,137.625
,2589,-4.875,137.875
,2590,-4.875,138.125
1.7350846058611306E-6,2591,-4.875,138.375
5.405180838316198E-6,2592,-4.875,138.625
5.861471036670049E-6,2593,-4.875,138.875
4.845349243867161E-6,2594,-4.875,139.125
6.951879186090082E-6,2595,-4.875,139.375
,2596,-4.875,139.625
,2597,-4.875,139.875
,2598,-4.875,140.125
,2599,-4.875,140.375
,2600,-4.875,140.625
,2601,-4.875,140.875
,2602,-4.875,141.125
,2603,-4.625,115.625
,2604,-4.625,115.875
,2605,-4.625,118.875
9.450595825910568E-6,2606,-4.625,119.125
,2607,-4.625,119.375
,2608,-4.625,119.625
,2609,-4.625,119.875
,2610,-4.625,120.125
,2611,-4.625,120.375
,2612,-4.625,121.375
,2613,-4.625,121.625
1.0357744935447015E-5,2614,-4.625,121.875
2.847726198938823E-6,2615,-4.625,122.125
1.5838580726037963E-5,2616,-4.625,122.375
,2617,-4.625,122.625
,2618,-4.625,122.875
,2619,-4.625,123.125
,2620,-4.625,129.625
,2621,-4.625,129.875
,2622,-4.625,130.125
,2623,-4.625,131.625
,2624,-4.625,131.875
1.3674758347070707E-5,2625,-4.625,135.875
,2626,-4.625,136.125
,2627,-4.625,136.375
,2628,-4.625,136.625
,2629,-4.625,136.875
,2630,-4.625,137.125
,2631,-4.625,137.375
,2632,-4.625,137.625
,2633,-4.625,137.875
,2634,-4.625,138.125
,2635,-4.625,138.375
,2636,-4.625,138.625
,2637,-4.625,138.875
,2638,-4.625,139.125
,2639,-4.625,139.375
,2640,-4.625,139.625
,2641,-4.625,139.875
,2642,-4.625,140.125
,2643,-4.625,140.375
,2644,-4.625,140.625
,2645,-4.625,140.875
,2646,-4.625,141.125
,2647,-4.375,115.875
,2648,-4.375,119.125
,2649,-4.375,119.625
,2650,-4.375,119.875
,2651,-4.375,120.125
,2652,-4.375,120.375
,2653,-4.375,121.375
,2654,-4.375,121.625
,2655,-4.375,121.875
,2656,-4.375,122.125
4.950655981574751E-6,2657,-4.375,122.375
1.798348795170136E-6,2658,-4.375,122.625
,2659,-4.375,122.875
,2660,-4.375,123.125
,2661,-4.375,129.875
,2662,-4.375,131.625
,2663,-4.375,133.375
4.670550879382063E-6,2664,-4.375,134.875
,2665,-4.375,135.125
,2666,-4.375,135.375
,2667,-4.375,135.625
,2668,-4.375,135.875
,2669,-4.375,136.125
,2670,-4.375,136.375
,2671,-4.375,136.625
,2672,-4.375,136.875
,2673,-4.375,137.125
,2674,-4.375,137.375
,2675,-4.375,137.625
,2676,-4.375,137.875
,2677,-4.375,138.125
,2678,-4.375,138.375
,2679,-4.375,138.625
,2680,-4.375,138.875
,2681,-4.375,139.125
,2682,-4.375,139.375
,2683,-4.375,139.625
,2684,-4.375,139.875
,2685,-4.375,140.125
,2686,-4.375,140.375
,2687,-4.375,140.625
,2688,-4.375,140.875
,2689,-4.375,141.125
,2690,-4.125,114.625
1.702070760050659E-5,2691,-4.125,114.875
1.929668879193587E-5,2692,-4.125,115.125
,2693,-4.125,116.125
,2694,-4.125,119.625
,2695,-4.125,119.875
,2696,-4.125,120.125
,2697,-4.125,120.375
,2698,-4.125,121.375
,2699,-4.125,121.625
,2700,-4.125,121.875
6.879929060232826E-6,2701,-4.125,122.125
,2702,-4.125,122.375
,2703,-4.125,122.625
,2704,-4.125,122.875
,2705,-4.125,123.125
,2706,-4.125,123.375
,2707,-4.125,127.125
,2708,-4.125,131.125
,2709,-4.125,131.375
,2710,-4.125,132.875
,2711,-4.125,133.125
,2712,-4.125,133.375
4.293261887706476E-6,2713,-4.125,134.125
6.795199400624745E-6,2714,-4.125,134.375
4.390273236569429E-6,2715,-4.125,134.625
9.86773466138402E-6,2716,-4.125,134.875
,2717,-4.125,135.125
,2718,-4.125,135.375
,2719,-4.125,135.625
,2720,-4.125,135.875
,2721,-4.125,136.125
,2722,-4.125,136.375
,2723,-4.125,136.625
,2724,-4.125,136.875
,2725,-4.125,137.125
,2726,-4.125,137.375
,2727,-4.125,137.625
,2728,-4.125,137.875
,2729,-4.125,138.125
,2730,-4.125,138.375
,2731,-4.125,138.625
,2732,-4.125,138.875
,2733,-4.125,139.125
,2734,-4.125,139.375
,2735,-4.125,139.625
2.640742812413379E-6,2736,-4.125,139.875
7.412176539646978E-6,2737,-4.125,140.125
6.724486128902185E-6,2738,-4.125,140.375
8.066420149772097E-6,2739,-4.125,140.625
7.283186440242359E-6,2740,-4.125,140.875
9.930776609615456E-6,2741,-4.125,141.125
,2742,-3.875,114.625
,2743,-3.875,114.875
,2744,-3.875,115.125
,2745,-3.875,115.375
,2746,-3.875,115.625
,2747,-3.875,116.125
9.274767562226651E-6,2748,-3.875,116.375
,2749,-3.875,119.375
,2750,-3.875,119.625
,2751,-3.875,119.875
,2752,-3.875,120.125
,2753,-3.875,120.375
,2754,-3.875,121.125
,2755,-3.875,121.375
,2756,-3.875,121.625
,2757,-3.875,121.875
,2758,-3.875,122.125
,2759,-3.875,122.375
4.6366846370140344E-5,2760,-3.875,122.625
,2761,-3.875,122.875
,2762,-3.875,123.125
,2763,-3.875,126.375
,2764,-3.875,126.625
,2765,-3.875,126.875
,2766,-3.875,127.125
,2767,-3.875,127.375
,2768,-3.875,127.875
,2769,-3.875,128.125
1.3775142418094064E-7,2770,-3.875,130.625
-5.892156839378604E-7,2771,-3.875,130.875
,2772,-3.875,131.125
,2773,-3.875,131.375
,2774,-3.875,132.875
,2775,-3.875,133.125
,2776,-3.875,133.375
3.4663343271059302E-6,2777,-3.875,133.875
7.617254306606652E-6,2778,-3.875,134.125
3.6887081478198525E-6,2779,-3.875,134.375
6.436905775349882E-6,2780,-3.875,134.625
5.23088742597411E-6,2781,-3.875,134.875
,2782,-3.875,135.125
,2783,-3.875,135.375
,2784,-3.875,135.625
,2785,-3.875,135.875
,2786,-3.875,136.125
,2787,-3.875,136.375
,2788,-3.875,136.625
,2789,-3.875,136.875
,2790,-3.875,137.125
,2791,-3.875,137.375
,2792,-3.875,137.625
,2793,-3.875,137.875
,2794,-3.875,138.125
,2795,-3.875,138.375
,2796,-3.875,138.625
,2797,-3.875,138.875
,2798,-3.875,139.125
,2799,-3.875,139.375
,2800,-3.875,139.625
,2801,-3.875,139.875
-4.724014493745191E-6,2802,-3.875,140.125
2.20037446272614E-6,2803,-3.875,140.375
4.327060856034058E-6,2804,-3.875,140.625
7.375809484652472E-6,2805,-3.875,140.875
,2806,-3.625,114.375
,2807,-3.625,114.625
,2808,-3.625,114.875
,2809,-3.625,115.125
,2810,-3.625,115.375
,2811,-3.625,115.625
,2812,-3.625,115.875
,2813,-3.625,116.125
1.0939869714611311E-5,2814,-3.625,116.375
,2815,-3.625,118.875
4.537858480019311E-6,2816,-3.625,119.125
,2817,-3.625,119.375
,2818,-3.625,119.625
,2819,-3.625,119.875
,2820,-3.625,120.125
,2821,-3.625,120.375
1.5813631701545954E-5,2822,-3.625,120.875
,2823,-3.625,121.125
,2824,-3.625,121.375
,2825,-3.625,121.625
,2826,-3.625,121.875
,2827,-3.625,122.125
,2828,-3.625,122.375
,2829,-3.625,123.125
,2830,-3.625,126.125
,2831,-3.625,126.375
,2832,-3.625,126.625
,2833,-3.625,126.875
,2834,-3.625,127.125
,2835,-3.625,127.375
,2836,-3.625,127.875
,2837,-3.625,128.125
,2838,-3.625,128.375
1.1184002883787825E-5,2839,-3.625,128.625
,2840,-3.625,128.875
,2841,-3.625,130.125
,2842,-3.625,130.375
,2843,-3.625,130.625
,2844,-3.625,130.875
,2845,-3.625,132.625
,2846,-3.625,132.875
,2847,-3.625,133.125
,2848,-3.625,133.375
1.8584761392048676E-6,2849,-3.625,133.625
5.757274833294253E-6,2850,-3.625,133.875
1.7851828191907945E-6,2851,-3.625,134.125
,2852,-3.625,134.375
3.109588457738376E-6,2853,-3.625,134.625
8.824306650205606E-7,2854,-3.625,134.875
,2855,-3.625,135.125
,2856,-3.625,135.375
,2857,-3.625,135.625
,2858,-3.625,135.875
,2859,-3.625,136.125
,2860,-3.625,136.375
,2861,-3.625,136.625
,2862,-3.625,136.875
,2863,-3.625,137.125
,2864,-3.625,137.375
,2865,-3.625,137.625
,2866,-3.625,137.875
,2867,-3.625,138.125
,2868,-3.625,138.375
,2869,-3.625,138.625
,2870,-3.625,138.875
,2871,-3.625,139.125
,2872,-3.625,139.375
8.065641872560533E-6,2873,-3.625,139.625
,2874,-3.625,139.875
,2875,-3.625,140.125
,2876,-3.625,140.375
8.119504969951477E-6,2877,-3.625,140.625
2.001456004302816E-6,2878,-3.625,140.875
,2879,-3.375,114.125
1.4970645102382436E-5,2880,-3.375,114.375
,2881,-3.375,114.625
,2882,-3.375,114.875
,2883,-3.375,115.125
,2884,-3.375,115.375
,2885,-3.375,115.625
1.5086006507811536E-5,2886,-3.375,115.875
,2887,-3.375,116.125
,2888,-3.375,116.375
7.054788766487643E-6,2889,-3.375,118.875
1.0289089319933134E-5,2890,-3.375,119.125
8.85222672866041E-6,2891,-3.375,119.375
,2892,-3.375,119.625
,2893,-3.375,119.875
,2894,-3.375,120.125
3.982886884952566E-6,2895,-3.375,120.375
1.1167345588105562E-5,2896,-3.375,120.875
1.6274780136882327E-5,2897,-3.375,121.125
,2898,-3.375,121.375
,2899,-3.375,121.625
,2900,-3.375,121.875
,2901,-3.375,122.125
,2902,-3.375,122.375
8.253323358076159E-6,2903,-3.375,122.625
2.7782494726125148E-5,2904,-3.375,122.875
1.2778847898369258E-5,2905,-3.375,123.125
2.3572548900019943E-5,2906,-3.375,125.875
1.2812808443303152E-5,2907,-3.375,126.125
,2908,-3.375,126.375
,2909,-3.375,126.625
,2910,-3.375,126.875
,2911,-3.375,127.125
,2912,-3.375,127.375
,2913,-3.375,127.625
,2914,-3.375,127.875
,2915,-3.375,128.125
,2916,-3.375,128.375
,2917,-3.375,128.625
,2918,-3.375,128.875
,2919,-3.375,129.125
,2920,-3.375,129.375
7.00740757713174E-6,2921,-3.375,129.625
6.813390643106205E-6,2922,-3.375,129.875
,2923,-3.375,130.125
,2924,-3.375,130.375
,2925,-3.375,130.625
1.0824173538250012E-5,2926,-3.375,130.875
,2927,-3.375,132.625
,2928,-3.375,132.875
,2929,-3.375,133.125
,2930,-3.375,133.375
,2931,-3.375,133.625
,2932,-3.375,133.875
,2933,-3.375,134.125
,2934,-3.375,134.375
,2935,-3.375,134.625
,2936,-3.375,134.875
,2937,-3.375,135.125
,2938,-3.375,135.375
,2939,-3.375,135.625
,2940,-3.375,135.875
,2941,-3.375,136.125
,2942,-3.375,136.375
,2943,-3.375,136.625
,2944,-3.375,136.875
,2945,-3.375,137.125
1.4389549530949684E-6,2946,-3.375,137.375
6.151623691749319E-6,2947,-3.375,137.625
7.609506400769207E-6,2948,-3.375,137.875
9.299915634571227E-6,2949,-3.375,138.125
1.0150482006574212E-5,2950,-3.375,138.375
3.387127270626574E-6,2951,-3.375,138.625
6.371473773469916E-6,2952,-3.375,138.875
,2953,-3.375,139.125
,2954,-3.375,139.375
,2955,-3.375,139.625
6.1873659711635245E-6,2956,-3.375,139.875
7.735472040208565E-7,2957,-3.375,140.125
7.661669746994448E-6,2958,-3.375,140.375
,2959,-3.375,140.625
,2960,-3.375,140.875
,2961,-3.125,114.125
,2962,-3.125,114.375
,2963,-3.125,114.625
,2964,-3.125,114.875
,2965,-3.125,115.125
,2966,-3.125,115.375
,2967,-3.125,115.625
1.082096787285991E-5,2968,-3.125,115.875
,2969,-3.125,116.125
,2970,-3.125,116.375
6.965267060239158E-6,2971,-3.125,118.875
2.0340411959580637E-6,2972,-3.125,119.125
9.855133926513291E-6,2973,-3.125,119.375
,2974,-3.125,119.625
,2975,-3.125,119.875
1.2891386525275883E-5,2976,-3.125,120.125
,2977,-3.125,120.375
1.2616125538864795E-5,2978,-3.125,121.125
1.1764142982428893E-5,2979,-3.125,121.375
,2980,-3.125,121.625
,2981,-3.125,121.875
9.68010456386208E-6,2982,-3.125,122.125
,2983,-3.125,122.375
2.2185488678511216E-5,2984,-3.125,122.625
1.0817432587840857E-5,2985,-3.125,125.875
9.434243020933555E-6,2986,-3.125,126.125
2.2379149544469287E-5,2987,-3.125,126.375
,2988,-3.125,126.625
,2989,-3.125,126.875
,2990,-3.125,127.125
,2991,-3.125,127.625
,2992,-3.125,127.875
,2993,-3.125,128.125
,2994,-3.125,128.375
,2995,-3.125,128.625
,2996,-3.125,128.875
,2997,-3.125,129.125
,2998,-3.125,129.375
,2999,-3.125,129.625
,3000,-3.125,129.875
,3001,-3.125,130.125
,3002,-3.125,130.375
9.532207921371561E-6,3003,-3.125,130.625
,3004,-3.125,132.375
,3005,-3.125,132.625
,3006,-3.125,132.875
,3007,-3.125,133.125
,3008,-3.125,133.375
4.010072837559411E-6,3009,-3.125,133.625
3.3342305944599173E-6,3010,-3.125,133.875
3.1424492590304E-6,3011,-3.125,134.125
,3012,-3.125,134.375
,3013,-3.125,134.625
,3014,-3.125,134.875
,3015,-3.125,135.125
,3016,-3.125,135.625
,3017,-3.125,135.875
,3018,-3.125,136.125
,3019,-3.125,136.375
,3020,-3.125,136.625
6.502590622403659E-6,3021,-3.125,136.875
,3022,-3.125,137.125
-3.52401504248627E-6,3023,-3.125,137.375
5.048974771094155E-6,3024,-3.125,137.625
3.0359202479513487E-6,3025,-3.125,137.875
6.0708204427038605E-6,3026,-3.125,138.125
4.733952007143961E-6,3027,-3.125,138.375
5.028046915898332E-6,3028,-3.125,138.625
8.71444619272351E-6,3029,-3.125,138.875
,3030,-3.125,139.125
2.5700792321003973E-6,3031,-3.125,139.375
5.1626600046661845E-6,3032,-3.125,139.625
9.438666865312862E-6,3033,-3.125,139.875
5.856343963454572E-6,3034,-3.125,140.125
7.611065156251898E-6,3035,-3.125,140.375
,3036,-3.125,140.625
1.0641112223305012E-5,3037,-3.125,140.875
,3038,-2.875,114.125
,3039,-2.875,114.375
,3040,-2.875,114.625
,3041,-2.875,114.875
,3042,-2.875,115.125
,3043,-2.875,115.375
,3044,-2.875,115.625
,3045,-2.875,115.875
,3046,-2.875,116.125
,3047,-2.875,116.375
5.80979952657263E-6,3048,-2.875,118.875
-1.1944960778551029E-5,3049,-2.875,119.125
,3050,-2.875,119.375
,3051,-2.875,119.625
,3052,-2.875,119.875
4.359524609753862E-6,3053,-2.875,120.125
7.60302840043755E-6,3054,-2.875,120.375
9.169956960664716E-6,3055,-2.875,120.625
1.0888993317883662E-5,3056,-2.875,120.875
1.0407150427145262E-5,3057,-2.875,121.125
1.608619875999769E-5,3058,-2.875,121.375
1.3972500508257541E-5,3059,-2.875,121.625
7.64177161062755E-6,3060,-2.875,121.875
,3061,-2.875,122.125
4.172889020992443E-5,3062,-2.875,122.375
,3063,-2.875,127.875
,3064,-2.875,128.125
,3065,-2.875,128.375
,3066,-2.875,128.625
,3067,-2.875,128.875
,3068,-2.875,129.125
,3069,-2.875,129.375
8.677940058987588E-6,3070,-2.875,129.625
2.8744604096756083E-6,3071,-2.875,129.875
7.99066617413425E-6,3072,-2.875,130.125
9.25865967243241E-6,3073,-2.875,130.375
,3074,-2.875,131.875
,3075,-2.875,132.125
,3076,-2.875,132.375
,3077,-2.875,132.625
,3078,-2.875,132.875
,3079,-2.875,133.125
,3080,-2.875,133.375
,3081,-2.875,133.625
,3082,-2.875,133.875
,3083,-2.875,134.125
,3084,-2.875,134.375
,3085,-2.875,134.625
,3086,-2.875,134.875
,3087,-2.875,135.625
,3088,-2.875,135.875
,3089,-2.875,136.125
,3090,-2.875,136.375
,3091,-2.875,136.625
,3092,-2.875,136.875
,3093,-2.875,137.125
,3094,-2.875,137.375
,3095,-2.875,137.625
,3096,-2.875,137.875
,3097,-2.875,138.125
,3098,-2.875,138.375
4.755757166021997E-6,3099,-2.875,138.625
,3100,-2.875,138.875
,3101,-2.875,139.125
1.943178178494792E-6,3102,-2.875,139.375
4.319292613858233E-6,3103,-2.875,139.625
5.285226672475057E-6,3104,-2.875,139.875
6.085691079321541E-6,3105,-2.875,140.125
9.80395174668004E-6,3106,-2.875,140.375
9.973963018679406E-6,3107,-2.875,140.625
8.271065834867811E-6,3108,-2.875,140.875
,3109,-2.625,114.125
,3110,-2.625,114.375
,3111,-2.625,114.625
,3112,-2.625,114.875
1.6627702279947698E-5,3113,-2.625,115.125
,3114,-2.625,115.375
,3115,-2.625,115.625
,3116,-2.625,115.875
8.259655107265762E-6,3117,-2.625,116.125
1.143691031054982E-5,3118,-2.625,116.375
1.2047481513228839E-5,3119,-2.625,116.625
1.0295291564758362E-5,3120,-2.625,118.875
1.0522876516178757E-5,3121,-2.625,119.125
1.2949696427034804E-5,3122,-2.625,119.375
,3123,-2.625,119.625
,3124,-2.625,119.875
,3125,-2.625,120.125
1.725082256598398E-5,3126,-2.625,120.375
5.468304184892316E-6,3127,-2.625,120.625
4.740537685398669E-6,3128,-2.625,120.875
1.1161299427675932E-5,3129,-2.625,121.125
1.7952570328791667E-5,3130,-2.625,121.375
1.000200414553165E-5,3131,-2.625,121.625
9.477423191128764E-6,3132,-2.625,121.875
,3133,-2.625,122.125
9.335631536657736E-6,3134,-2.625,128.875
,3135,-2.625,129.125
,3136,-2.625,132.125
,3137,-2.625,132.375
,3138,-2.625,132.625
4.958221405668697E-6,3139,-2.625,132.875
7.85241701919441E-6,3140,-2.625,133.125
,3141,-2.625,133.375
,3142,-2.625,133.625
,3143,-2.625,133.875
,3144,-2.625,134.125
,3145,-2.625,134.375
,3146,-2.625,134.625
,3147,-2.625,134.875
,3148,-2.625,135.875
,3149,-2.625,136.125
,3150,-2.625,136.375
,3151,-2.625,136.625
,3152,-2.625,136.875
,3153,-2.625,137.125
,3154,-2.625,137.375
,3155,-2.625,137.625
,3156,-2.625,137.875
,3157,-2.625,138.125
,3158,-2.625,138.375
2.673465132829733E-6,3159,-2.625,138.625
,3160,-2.625,138.875
1.0283529263688251E-5,3161,-2.625,139.125
-4.858540045603955E-7,3162,-2.625,139.375
3.36283300339717E-6,3163,-2.625,139.625
,3164,-2.625,139.875
3.229342805624777E-6,3165,-2.625,140.125
6.354064233575707E-6,3166,-2.625,140.375
8.667849423962993E-6,3167,-2.625,140.625
7.585460666815809E-6,3168,-2.625,140.875
1.2795098882634193E-5,3169,-2.375,114.125
,3170,-2.375,114.375
-2.718472558171925E-7,3171,-2.375,114.625
1.1956713823908452E-5,3172,-2.375,114.875
2.3509077436756343E-5,3173,-2.375,115.125
,3174,-2.375,115.375
9.927030436910386E-6,3175,-2.375,115.625
8.817672971981146E-6,3176,-2.375,115.875
7.030270250869448E-6,3177,-2.375,116.125
7.433320082836883E-6,3178,-2.375,116.375
8.80467972248846E-6,3179,-2.375,116.625
,3180,-2.375,117.375
1.1588942897813669E-5,3181,-2.375,119.125
,3182,-2.375,119.375
,3183,-2.375,119.625
,3184,-2.375,119.875
,3185,-2.375,120.125
1.2980218343727756E-5,3186,-2.375,120.375
,3187,-2.375,120.625
,3188,-2.375,120.875
,3189,-2.375,121.125
,3190,-2.375,121.375
,3191,-2.375,121.625
,3192,-2.375,121.875
,3193,-2.375,125.875
,3194,-2.375,126.125
1.3746229114653502E-5,3195,-2.375,132.375
6.232459679546545E-6,3196,-2.375,132.625
5.452203273156683E-6,3197,-2.375,132.875
7.905276142872774E-6,3198,-2.375,133.125
4.585834857464571E-6,3199,-2.375,133.375
8.083973435414105E-6,3200,-2.375,133.625
7.284048305422158E-6,3201,-2.375,133.875
,3202,-2.375,134.125
,3203,-2.375,134.375
,3204,-2.375,134.625
,3205,-2.375,136.375
,3206,-2.375,136.625
,3207,-2.375,136.875
,3208,-2.375,137.125
5.446358406071203E-6,3209,-2.375,137.375
7.181692456423348E-7,3210,-2.375,137.625
6.107562442827887E-6,3211,-2.375,137.875
,3212,-2.375,138.125
3.0248419227577045E-6,3213,-2.375,138.375
,3214,-2.375,138.625
,3215,-2.375,138.875
9.138254283041632E-6,3216,-2.375,139.125
7.334618615501807E-6,3217,-2.375,139.375
3.760323530897928E-6,3218,-2.375,139.625
3.52716772038386E-6,3219,-2.375,139.875
1.000639019568327E-5,3220,-2.375,140.125
1.2321312583066655E-5,3221,-2.375,140.375
5.084205278391713E-6,3222,-2.375,140.625
,3223,-2.125,114.125
,3224,-2.125,114.375
,3225,-2.125,114.625
,3226,-2.125,114.875
,3227,-2.125,115.125
1.6595322424318665E-5,3228,-2.125,115.375
1.5404941226092688E-5,3229,-2.125,115.625
,3230,-2.125,115.875
1.311818902521345E-5,3231,-2.125,116.125
1.029409530475427E-5,3232,-2.125,116.375
8.344904282801605E-6,3233,-2.125,116.625
1.07081878307025E-5,3234,-2.125,117.125
,3235,-2.125,117.375
,3236,-2.125,117.625
,3237,-2.125,119.125
8.252725519910295E-6,3238,-2.125,119.375
,3239,-2.125,119.625
,3240,-2.125,119.875
,3241,-2.125,120.125
,3242,-2.125,120.375
6.171456597700204E-6,3243,-2.125,120.625
6.976411167072052E-6,3244,-2.125,120.875
1.0003020617178673E-5,3245,-2.125,121.125
1.0145411033527229E-5,3246,-2.125,121.375
8.444655068374606E-6,3247,-2.125,121.625
1.1087132959837536E-5,3248,-2.125,121.875
9.52327663343927E-6,3249,-2.125,123.125
6.09868418877249E-6,3250,-2.125,123.375
,3251,-2.125,123.625
1.2360737855487969E-5,3252,-2.125,123.875
,3253,-2.125,124.375
,3254,-2.125,124.625
,3255,-2.125,125.875
,3256,-2.125,129.875
,3257,-2.125,130.125
,3258,-2.125,130.375
,3259,-2.125,130.625
6.013480283791356E-6,3260,-2.125,132.125
5.7351237215732206E-6,3261,-2.125,132.375
3.9281217141251545E-6,3262,-2.125,132.625
,3263,-2.125,132.875
,3264,-2.125,133.125
7.6277320948439425E-6,3265,-2.125,133.375
2.7748509531680142E-6,3266,-2.125,133.625
6.950341230549384E-6,3267,-2.125,133.875
,3268,-2.125,134.125
,3269,-2.125,134.375
,3270,-2.125,134.625
,3271,-2.125,134.875
5.850108209415339E-6,3272,-2.125,136.125
,3273,-2.125,136.375
,3274,-2.125,136.625
2.2500801657354565E-6,3275,-2.125,136.875
2.2871279004699916E-6,3276,-2.125,137.125
7.878316099960006E-6,3277,-2.125,137.375
2.8829499393404873E-6,3278,-2.125,137.625
5.648937531077536E-6,3279,-2.125,137.875
8.535568554179918E-7,3280,-2.125,138.125
,3281,-2.125,138.375
,3282,-2.125,138.625
,3283,-2.125,138.875
4.484838189989342E-6,3284,-2.125,139.125
5.251174497144692E-6,3285,-2.125,139.375
4.4595250564301E-6,3286,-2.125,139.625
,3287,-1.875,114.125
,3288,-1.875,114.375
,3289,-1.875,114.625
,3290,-1.875,114.875
,3291,-1.875,115.125
1.753146898408886E-5,3292,-1.875,115.375
9.991640037501376E-6,3293,-1.875,115.625
2.038872833471587E-5,3294,-1.875,115.875
1.015261944575146E-5,3295,-1.875,116.125
1.28956635052068E-5,3296,-1.875,116.375
6.721183349254738E-6,3297,-1.875,117.125
,3298,-1.875,117.375
2.7828871225210605E-6,3299,-1.875,119.125
5.821601108924292E-6,3300,-1.875,119.375
,3301,-1.875,119.625
,3302,-1.875,119.875
,3303,-1.875,120.125
,3304,-1.875,120.375
6.505628726609527E-6,3305,-1.875,120.625
5.043550498777591E-6,3306,-1.875,120.875
1.2052655898552743E-5,3307,-1.875,121.125
,3308,-1.875,121.375
,3309,-1.875,121.625
8.72114215928731E-6,3310,-1.875,121.875
9.17721828993098E-6,3311,-1.875,123.125
7.80887261998345E-6,3312,-1.875,123.375
,3313,-1.875,123.625
1.2264706128917169E-5,3314,-1.875,123.875
,3315,-1.875,124.125
,3316,-1.875,124.375
,3317,-1.875,124.625
,3318,-1.875,124.875
,3319,-1.875,125.125
,3320,-1.875,125.375
,3321,-1.875,125.625
,3322,-1.875,125.875
,3323,-1.875,126.125
,3324,-1.875,126.375
,3325,-1.875,127.625
1.3791317067013541E-5,3326,-1.875,129.625
3.280997004970735E-6,3327,-1.875,129.875
,3328,-1.875,130.125
,3329,-1.875,130.375
,3330,-1.875,130.625
,3331,-1.875,131.875
6.301022407085594E-6,3332,-1.875,132.125
1.4437408057478372E-5,3333,-1.875,132.375
2.6241736735676606E-6,3334,-1.875,132.625
8.803580345563938E-6,3335,-1.875,132.875
5.885439350095112E-6,3336,-1.875,133.125
2.7473943191580474E-6,3337,-1.875,133.375
,3338,-1.875,133.625
6.950341230549384E-6,3339,-1.875,133.875
,3340,-1.875,134.125
,3341,-1.875,134.375
,3342,-1.875,134.625
1.8530610687067288E-6,3343,-1.875,135.875
5.8498971820080416E-6,3344,-1.875,136.125
,3345,-1.875,136.375
,3346,-1.875,136.625
3.5305449326240747E-6,3347,-1.875,136.875
5.575077779256124E-6,3348,-1.875,137.125
4.8599792556771265E-6,3349,-1.875,137.375
3.044625032089892E-6,3350,-1.875,137.625
5.528230127058483E-6,3351,-1.875,137.875
2.199757710694413E-6,3352,-1.875,138.125
,3353,-1.875,138.375
,3354,-1.875,138.625
,3355,-1.875,138.875
2.1711533208239692E-6,3356,-1.875,139.125
8.641223720917613E-6,3357,-1.625,114.125
,3358,-1.625,114.375
,3359,-1.625,114.625
,3360,-1.625,114.875
3.906199523349561E-6,3361,-1.625,115.125
1.3139662174220843E-5,3362,-1.625,115.375
7.816204461310922E-6,3363,-1.625,115.625
1.0107621253242448E-5,3364,-1.625,115.875
,3365,-1.625,116.125
6.157828427314719E-6,3366,-1.625,116.375
9.17162252453385E-6,3367,-1.625,116.625
7.416451340581467E-6,3368,-1.625,119.375
9.41537879149936E-6,3369,-1.625,119.625
1.3887417074071845E-5,3370,-1.625,119.875
,3371,-1.625,120.125
6.661744009761605E-6,3372,-1.625,120.375
1.0423931498398469E-5,3373,-1.625,120.625
9.433268861286366E-6,3374,-1.625,120.875
4.904220241181951E-6,3375,-1.625,121.125
1.3657896179029212E-5,3376,-1.625,121.375
,3377,-1.625,121.625
,3378,-1.625,121.875
,3379,-1.625,122.125
1.0957533536503305E-5,3380,-1.625,122.375
4.077699984125292E-6,3381,-1.625,122.875
1.0759293528852174E-5,3382,-1.625,123.125
,3383,-1.625,123.375
,3384,-1.625,123.625
,3385,-1.625,124.125
,3386,-1.625,124.375
,3387,-1.625,124.625
,3388,-1.625,124.875
,3389,-1.625,125.125
,3390,-1.625,125.375
,3391,-1.625,127.375
,3392,-1.625,127.625
,3393,-1.625,127.875
,3394,-1.625,128.125
,3395,-1.625,128.375
,3396,-1.625,128.625
,3397,-1.625,128.875
1.5131115912267792E-5,3398,-1.625,129.625
,3399,-1.625,129.875
,3400,-1.625,130.125
,3401,-1.625,130.375
,3402,-1.625,130.625
,3403,-1.625,131.125
,3404,-1.625,131.375
,3405,-1.625,131.625
,3406,-1.625,131.875
-9.311285111834877E-7,3407,-1.625,132.125
,3408,-1.625,132.375
,3409,-1.625,132.625
8.016570063773543E-6,3410,-1.625,132.875
3.3926569358300185E-6,3411,-1.625,133.125
,3412,-1.625,133.375
,3413,-1.625,133.625
,3414,-1.625,133.875
,3415,-1.625,134.125
,3416,-1.625,135.125
,3417,-1.625,135.375
8.040298792869857E-6,3418,-1.625,135.625
4.786705099120537E-6,3419,-1.625,135.875
5.182726866653408E-6,3420,-1.625,136.125
5.622358909157461E-6,3421,-1.625,136.375
7.1260373035247966E-6,3422,-1.625,136.625
5.025698253192689E-6,3423,-1.625,136.875
4.3982653449895915E-6,3424,-1.625,137.125
6.069962827519396E-6,3425,-1.625,137.375
7.934526291046548E-6,3426,-1.625,137.625
1.2850242829184151E-5,3427,-1.625,137.875
5.2517557378450874E-6,3428,-1.625,138.125
5.723690181928903E-6,3429,-1.625,138.375
,3430,-1.625,138.625
,3431,-1.625,138.875
,3432,-1.375,114.125
,3433,-1.375,114.375
,3434,-1.375,114.625
,3435,-1.375,114.875
6.757996394099758E-6,3436,-1.375,115.125
4.993464628510962E-6,3437,-1.375,115.375
1.0986513057987036E-5,3438,-1.375,115.625
8.559215726857724E-6,3439,-1.375,115.875
,3440,-1.375,116.125
,3441,-1.375,116.375
5.091474088207723E-6,3442,-1.375,116.625
1.176709331343069E-5,3443,-1.375,116.875
7.467620937819567E-6,3444,-1.375,119.375
9.177891425829939E-6,3445,-1.375,119.625
1.0764150636836637E-5,3446,-1.375,119.875
9.830458114007894E-6,3447,-1.375,120.125
7.552794797926204E-6,3448,-1.375,120.375
,3449,-1.375,120.625
1.6824677004478872E-5,3450,-1.375,120.875
8.088864821263338E-6,3451,-1.375,121.125
9.86030638825262E-6,3452,-1.375,121.375
9.598974446837027E-6,3453,-1.375,121.625
9.874392162600998E-6,3454,-1.375,121.875
,3455,-1.375,122.125
,3456,-1.375,122.375
,3457,-1.375,122.625
,3458,-1.375,122.875
,3459,-1.375,123.125
,3460,-1.375,123.375
,3461,-1.375,123.625
2.7734249670174904E-6,3462,-1.375,127.375
,3463,-1.375,127.625
,3464,-1.375,127.875
,3465,-1.375,128.625
6.755128308462002E-6,3466,-1.375,128.875
1.2728093679470476E-5,3467,-1.375,129.625
,3468,-1.375,129.875
,3469,-1.375,130.125
,3470,-1.375,130.375
,3471,-1.375,130.875
,3472,-1.375,131.125
,3473,-1.375,131.375
,3474,-1.375,131.625
,3475,-1.375,131.875
,3476,-1.375,132.125
,3477,-1.375,132.375
,3478,-1.375,132.625
,3479,-1.375,132.875
,3480,-1.375,133.125
,3481,-1.375,133.375
,3482,-1.375,133.625
,3483,-1.375,133.875
,3484,-1.375,134.125
,3485,-1.375,134.375
,3486,-1.375,135.125
,3487,-1.375,135.375
2.627926446405606E-6,3488,-1.375,136.125
5.656932424574309E-6,3489,-1.375,136.375
4.975430238472896E-6,3490,-1.375,136.625
6.385605831331235E-6,3491,-1.375,137.625
7.60936077811088E-6,3492,-1.375,137.875
,3493,-1.125,114.125
,3494,-1.125,114.375
,3495,-1.125,114.625
,3496,-1.125,114.875
,3497,-1.125,115.125
,3498,-1.125,115.375
8.922393995341988E-6,3499,-1.125,115.625
1.2413842252609658E-5,3500,-1.125,115.875
1.0953217497444712E-5,3501,-1.125,116.125
,3502,-1.125,116.375
,3503,-1.125,116.625
,3504,-1.125,116.875
,3505,-1.125,117.125
1.2128052056426806E-5,3506,-1.125,119.375
1.1923524427926464E-5,3507,-1.125,119.625
1.573692461587753E-5,3508,-1.125,119.875
3.5578307470270478E-6,3509,-1.125,120.125
8.49920239819436E-6,3510,-1.125,120.375
1.0032509828233526E-5,3511,-1.125,120.625
6.74905620000241E-6,3512,-1.125,121.125
1.080069438600318E-5,3513,-1.125,121.375
7.903674686814045E-6,3514,-1.125,121.625
1.0718915291363373E-5,3515,-1.125,121.875
1.0718915291363373E-5,3516,-1.125,122.125
,3517,-1.125,122.375
,3518,-1.125,122.625
,3519,-1.125,122.875
,3520,-1.125,123.125
,3521,-1.125,123.375
1.058346553168703E-5,3522,-1.125,127.375
1.20860258025898E-5,3523,-1.125,127.625
4.070794986595155E-6,3524,-1.125,128.125
8.11056881693578E-6,3525,-1.125,128.375
5.710840130632684E-6,3526,-1.125,129.375
2.4078537990135374E-6,3527,-1.125,129.625
,3528,-1.125,129.875
,3529,-1.125,130.625
,3530,-1.125,130.875
,3531,-1.125,131.125
,3532,-1.125,131.375
6.389278834490805E-6,3533,-1.125,131.625
1.3269323062559124E-6,3534,-1.125,131.875
4.189146843708748E-6,3535,-1.125,132.125
5.163202786206966E-6,3536,-1.125,132.375
,3537,-1.125,132.625
,3538,-1.125,132.875
,3539,-1.125,133.125
,3540,-1.125,133.375
,3541,-1.125,133.625
,3542,-1.125,133.875
,3543,-1.125,134.125
,3544,-1.125,134.875
4.1087522142664E-6,3545,-1.125,135.875
1.1867265528477708E-5,3546,-1.125,136.125
5.679810399144384E-6,3547,-1.125,136.375
5.853995943044061E-6,3548,-1.125,136.625
,3549,-0.875,114.125
,3550,-0.875,114.375
,3551,-0.875,114.625
1.7344231309834868E-5,3552,-0.875,114.875
,3553,-0.875,115.125
,3554,-0.875,115.375
5.454606168218739E-6,3555,-0.875,115.625
7.36057681064943E-6,3556,-0.875,115.875
1.021334443739783E-5,3557,-0.875,116.125
7.056857166727679E-6,3558,-0.875,116.375
,3559,-0.875,116.625
,3560,-0.875,116.875
,3561,-0.875,117.125
,3562,-0.875,117.375
,3563,-0.875,117.625
1.2076526089187013E-5,3564,-0.875,119.375
1.1949923748847858E-5,3565,-0.875,119.625
1.244095537727674E-5,3566,-0.875,119.875
,3567,-0.875,120.125
3.345088288744698E-7,3568,-0.875,120.375
7.488498316160647E-6,3569,-0.875,120.625
7.185315208875481E-6,3570,-0.875,121.375
8.167020482424989E-6,3571,-0.875,121.625
1.0718915291363373E-5,3572,-0.875,121.875
9.337942913312702E-6,3573,-0.875,122.125
,3574,-0.875,122.375
,3575,-0.875,122.625
,3576,-0.875,122.875
,3577,-0.875,123.125
,3578,-0.875,123.375
1.8054040331414647E-5,3579,-0.875,127.125
1.3816237697028555E-5,3580,-0.875,127.375
1.1089990501802933E-5,3581,-0.875,127.625
,3582,-0.875,127.875
4.341251825769302E-6,3583,-0.875,128.125
3.710654581701276E-6,3584,-0.875,128.375
,3585,-0.875,129.875
,3586,-0.875,130.125
,3587,-0.875,130.375
,3588,-0.875,130.625
,3589,-0.875,130.875
,3590,-0.875,131.125
,3591,-0.875,131.375
1.8347858147127276E-6,3592,-0.875,131.625
4.227491380548859E-6,3593,-0.875,131.875
9.355221080568352E-6,3594,-0.875,132.125
,3595,-0.875,132.375
,3596,-0.875,132.625
,3597,-0.875,132.875
,3598,-0.875,133.125
,3599,-0.875,133.375
,3600,-0.875,133.625
,3601,-0.875,133.875
,3602,-0.875,134.125
,3603,-0.875,134.875
2.0815455708777796E-6,3604,-0.875,135.375
1.6246968366526173E-6,3605,-0.875,135.625
7.830349659832877E-6,3606,-0.875,135.875
1.5291752913386505E-6,3607,-0.875,136.125
9.019300693662008E-6,3608,-0.625,114.125
9.016804391294752E-6,3609,-0.625,114.375
1.17908050217213E-5,3610,-0.625,114.625
8.81230880622752E-6,3611,-0.625,114.875
,3612,-0.625,115.125
,3613,-0.625,115.375
,3614,-0.625,115.625
5.913637778576231E-6,3615,-0.625,115.875
6.835519859753525E-6,3616,-0.625,116.125
8.090653457685681E-6,3617,-0.625,116.375
8.276502146312219E-6,3618,-0.625,116.625
1.1619348809885406E-5,3619,-0.625,116.875
,3620,-0.625,117.125
,3621,-0.625,117.375
,3622,-0.625,117.625
1.2861350199650328E-5,3623,-0.625,119.625
1.5553060656559658E-5,3624,-0.625,119.875
,3625,-0.625,120.125
,3626,-0.625,121.625
6.745458449586295E-7,3627,-0.625,121.875
,3628,-0.625,122.625
,3629,-0.625,122.875
,3630,-0.625,123.125
,3631,-0.625,123.375
1.0417650486858999E-5,3632,-0.625,127.125
5.7246781451233714E-6,3633,-0.625,127.375
,3634,-0.625,127.625
,3635,-0.625,127.875
,3636,-0.625,128.125
,3637,-0.625,128.375
9.633461797164955E-7,3638,-0.625,128.625
3.7505489181162444E-6,3639,-0.625,130.125
6.1448610458046214E-6,3640,-0.625,130.375
,3641,-0.625,130.625
7.182675749080148E-7,3642,-0.625,131.375
2.612888542237901E-6,3643,-0.625,131.625
4.099961723778473E-6,3644,-0.625,131.875
,3645,-0.625,132.125
,3646,-0.625,132.375
,3647,-0.625,132.625
,3648,-0.625,132.875
,3649,-0.625,133.125
,3650,-0.625,133.375
7.762369564762373E-6,3651,-0.625,133.625
4.872215210308028E-6,3652,-0.625,133.875
4.3821454431308926E-6,3653,-0.625,135.375
2.2929756306769617E-6,3654,-0.625,135.625
9.12452892112067E-6,3655,-0.625,135.875
9.945702000019994E-6,3656,-0.375,114.125
1.5325176705495234E-5,3657,-0.375,114.375
,3658,-0.375,114.625
1.1142945816264309E-5,3659,-0.375,114.875
,3660,-0.375,115.125
,3661,-0.375,115.375
,3662,-0.375,115.625
,3663,-0.375,115.875
9.922256773499526E-6,3664,-0.375,116.125
1.2905155910560406E-5,3665,-0.375,116.375
8.477020601785801E-6,3666,-0.375,116.625
9.415748753306668E-6,3667,-0.375,116.875
,3668,-0.375,117.125
,3669,-0.375,117.375
,3670,-0.375,117.625
9.294606517834125E-6,3671,-0.375,119.875
,3672,-0.375,120.125
,3673,-0.375,121.625
,3674,-0.375,121.875
,3675,-0.375,122.125
,3676,-0.375,122.375
,3677,-0.375,122.625
,3678,-0.375,127.125
,3679,-0.375,127.375
,3680,-0.375,127.625
,3681,-0.375,127.875
5.218185378907947E-6,3682,-0.375,128.125
3.515333762792837E-6,3683,-0.375,129.875
-1.6891830800645985E-7,3684,-0.375,130.125
2.4969341683723623E-7,3685,-0.375,130.375
,3686,-0.375,130.625
,3687,-0.375,130.875
,3688,-0.375,131.125
,3689,-0.375,131.375
,3690,-0.375,132.125
,3691,-0.375,132.375
5.501207397173857E-6,3692,-0.375,132.625
6.978388222366936E-6,3693,-0.375,132.875
8.911186859955072E-6,3694,-0.375,133.125
2.652968103599345E-6,3695,-0.375,135.375
5.551733533158129E-6,3696,-0.125,114.125
1.4891073294226257E-5,3697,-0.125,114.375
9.900016927521657E-6,3698,-0.125,114.625
9.445973937568674E-6,3699,-0.125,114.875
1.5471123697352594E-5,3700,-0.125,115.125
,3701,-0.125,115.375
1.0806235869269875E-5,3702,-0.125,115.625
1.0141490393649266E-5,3703,-0.125,115.875
1.960279985661177E-6,3704,-0.125,116.125
6.846263792277272E-7,3705,-0.125,116.375
8.820746811249404E-6,3706,-0.125,116.625
8.191056209831601E-6,3707,-0.125,116.875
,3708,-0.125,117.125
,3709,-0.125,117.375
,3710,-0.125,117.625
1.4866426681692246E-5,3711,-0.125,119.625
,3712,-0.125,119.875
,3713,-0.125,120.125
,3714,-0.125,121.625
1.0927506991720293E-5,3715,-0.125,122.125
,3716,-0.125,122.375
,3717,-0.125,127.125
,3718,-0.125,127.375
,3719,-0.125,127.625
,3720,-0.125,127.875
,3721,-0.125,129.375
,3722,-0.125,129.625
,3723,-0.125,130.125
-1.4708038527571122E-7,3724,-0.125,130.375
,3725,-0.125,130.625
,3726,-0.125,130.875
,3727,-0.125,131.125
3.6387163372929894E-6,3728,-0.125,131.375
5.167822084291383E-6,3729,0.125,114.125
1.287338409807584E-5,3730,0.125,114.375
1.1341957379677743E-5,3731,0.125,114.625
8.080296869857163E-6,3732,0.125,114.875
5.283932015119482E-6,3733,0.125,115.125
8.066614154868494E-6,3734,0.125,115.375
1.0548931427280625E-5,3735,0.125,115.625
4.608576825481213E-6,3736,0.125,115.875
7.276149399024949E-6,3737,0.125,116.125
3.6780179470952135E-6,3738,0.125,116.375
5.428772344247237E-6,3739,0.125,116.625
9.935119876676515E-6,3740,0.125,116.875
,3741,0.125,117.125
,3742,0.125,117.375
,3743,0.125,117.625
6.209771054086807E-6,3744,0.125,119.625
8.332238218224217E-6,3745,0.125,119.875
1.4990402626191558E-6,3746,0.125,120.125
,3747,0.125,127.125
,3748,0.125,127.375
-3.2100926972447723E-6,3749,0.125,127.625
,3750,0.125,127.875
-2.7405381545545406E-6,3751,0.125,128.875
2.2054386078411707E-6,3752,0.125,129.375
,3753,0.125,129.625
,3754,0.125,130.125
,3755,0.125,130.875
7.393735868334444E-6,3756,0.375,114.125
-8.499035781812153E-7,3757,0.375,114.375
8.68003840053049E-6,3758,0.375,114.625
2.1882792391222873E-5,3759,0.375,114.875
1.5366883488465493E-5,3760,0.375,115.125
9.949698487140391E-6,3761,0.375,115.375
1.3543464463837947E-5,3762,0.375,115.625
7.355266856189042E-6,3763,0.375,115.875
5.267622000974802E-6,3764,0.375,116.125
3.4056554067741416E-6,3765,0.375,116.375
6.822043879139983E-6,3766,0.375,116.625
,3767,0.375,116.875
,3768,0.375,117.125
,3769,0.375,117.375
,3770,0.375,117.625
6.013560576692726E-6,3771,0.375,119.875
1.4967761796911017E-6,3772,0.375,120.125
5.229640062780736E-6,3773,0.375,120.375
4.601120002334618E-6,3774,0.375,120.625
8.28346402042776E-6,3775,0.375,120.875
9.329497826830006E-7,3776,0.375,121.125
5.73320140754126E-6,3777,0.375,121.375
,3778,0.375,121.625
2.973056575857191E-6,3779,0.375,121.875
6.164898464108279E-7,3780,0.375,122.125
,3781,0.375,122.375
,3782,0.375,122.625
,3783,0.375,122.875
,3784,0.375,123.125
,3785,0.375,123.375
,3786,0.375,123.625
,3787,0.375,123.875
,3788,0.375,124.125
,3789,0.375,124.375
,3790,0.375,124.625
,3791,0.375,127.375
,3792,0.375,127.625
,3793,0.375,127.875
-9.326639572256179E-6,3794,0.375,128.125
,3795,0.375,128.375
7.691877272009151E-6,3796,0.375,128.625
4.51860737960069E-6,3797,0.375,128.875
,3798,0.375,131.125
9.546112311143582E-6,3799,0.625,114.125
1.0569174584265535E-5,3800,0.625,114.375
1.0054747694502697E-5,3801,0.625,114.625
,3802,0.625,114.875
8.234264926811516E-6,3803,0.625,115.125
3.743560402282098E-6,3804,0.625,115.375
,3805,0.625,115.625
-9.155845873465296E-6,3806,0.625,115.875
7.945913730980687E-6,3807,0.625,116.125
8.195644915534354E-6,3808,0.625,116.375
1.3235168571646999E-5,3809,0.625,116.625
,3810,0.625,116.875
,3811,0.625,117.125
,3812,0.625,117.375
,3813,0.625,117.625
9.342649441873705E-6,3814,0.625,117.875
8.015594567919604E-6,3815,0.625,118.125
3.752725941443031E-6,3816,0.625,119.875
6.024313003741425E-6,3817,0.625,120.125
,3818,0.625,120.375
9.94760095785104E-6,3819,0.625,120.625
8.19872025208401E-6,3820,0.625,120.875
,3821,0.625,121.125
,3822,0.625,121.375
,3823,0.625,121.625
,3824,0.625,121.875
,3825,0.625,122.125
,3826,0.625,122.375
,3827,0.625,122.625
,3828,0.625,122.875
,3829,0.625,123.125
,3830,0.625,123.375
,3831,0.625,123.625
,3832,0.625,123.875
,3833,0.625,124.125
,3834,0.625,124.375
,3835,0.625,124.625
,3836,0.625,127.375
-1.5577009583519468E-7,3837,0.625,127.625
1.9851499424871722E-6,3838,0.625,127.875
,3839,0.625,128.125
-1.5664398317773517E-7,3840,0.625,128.375
2.627734255009726E-6,3841,0.625,128.625
3.4084148911499496E-6,3842,0.625,128.875
5.7709669857607214E-6,3843,0.625,131.125
1.3998368861735824E-6,3844,0.875,114.125
5.0392898543820136E-6,3845,0.875,114.375
1.0377646146787569E-5,3846,0.875,114.625
,3847,0.875,114.875
1.39184369784276E-5,3848,0.875,115.125
,3849,0.875,115.375
6.622055826086262E-6,3850,0.875,115.625
,3851,0.875,115.875
,3852,0.875,116.125
4.15778034419055E-6,3853,0.875,116.375
9.278955374202689E-6,3854,0.875,116.625
8.813111577579324E-6,3855,0.875,116.875
7.134594397939508E-6,3856,0.875,117.125
,3857,0.875,117.375
,3858,0.875,117.625
7.1103718786817484E-6,3859,0.875,117.875
3.178413448620575E-6,3860,0.875,118.125
3.080133790273913E-6,3861,0.875,118.375
1.0721136388708665E-6,3862,0.875,118.625
3.5388310870881106E-6,3863,0.875,118.875
5.26967001300478E-6,3864,0.875,120.125
,3865,0.875,120.375
6.3229721584132634E-6,3866,0.875,120.625
1.0565229268349353E-5,3867,0.875,120.875
,3868,0.875,121.125
,3869,0.875,121.375
,3870,0.875,121.625
,3871,0.875,121.875
,3872,0.875,122.125
,3873,0.875,122.375
,3874,0.875,122.625
,3875,0.875,122.875
,3876,0.875,123.125
,3877,0.875,123.375
,3878,0.875,123.625
,3879,0.875,123.875
,3880,0.875,124.125
,3881,0.875,124.375
,3882,0.875,124.625
,3883,0.875,124.875
,3884,0.875,126.125
8.028141656712507E-6,3885,0.875,127.375
2.865495698311786E-6,3886,0.875,127.625
5.874872281745673E-6,3887,0.875,127.875
,3888,0.875,128.125
,3889,0.875,128.375
1.601097820633773E-6,3890,0.875,128.625
5.609774631576534E-6,3891,0.875,134.375
3.5148989189272826E-6,3892,1.125,114.125
,3893,1.125,114.375
,3894,1.125,114.625
,3895,1.125,114.875
7.1069279605102004E-6,3896,1.125,115.125
,3897,1.125,115.375
,3898,1.125,115.625
4.0816502178131486E-7,3899,1.125,115.875
,3900,1.125,116.125
,3901,1.125,116.375
6.59234135201583E-6,3902,1.125,116.625
5.595399721991081E-6,3903,1.125,116.875
,3904,1.125,117.125
,3905,1.125,117.375
6.514825145131908E-6,3906,1.125,117.625
7.702399320131408E-6,3907,1.125,117.875
,3908,1.125,118.125
,3909,1.125,118.375
1.109785443986766E-6,3910,1.125,118.625
1.557839435510454E-5,3911,1.125,118.875
,3912,1.125,120.375
1.02772804437592E-5,3913,1.125,120.625
,3914,1.125,120.875
,3915,1.125,121.125
,3916,1.125,121.375
,3917,1.125,121.625
,3918,1.125,121.875
,3919,1.125,122.125
,3920,1.125,122.375
,3921,1.125,122.625
,3922,1.125,124.125
,3923,1.125,124.375
,3924,1.125,124.625
,3925,1.125,124.875
,3926,1.125,125.125
-2.3301322471525054E-6,3927,1.125,127.375
,3928,1.125,127.625
2.6084486073281894E-6,3929,1.125,127.875
-2.4796262268078467E-6,3930,1.125,128.125
,3931,1.125,128.375
3.025761998287635E-6,3932,1.125,128.625
1.3489986687879663E-6,3933,1.375,114.125
,3934,1.375,114.375
,3935,1.375,114.625
,3936,1.375,114.875
,3937,1.375,115.125
6.713637503708014E-6,3938,1.375,115.375
,3939,1.375,115.625
,3940,1.375,115.875
,3941,1.375,116.125
,3942,1.375,116.375
6.244081795282698E-6,3943,1.375,116.625
5.894051810173551E-6,3944,1.375,116.875
,3945,1.375,117.125
,3946,1.375,117.375
,3947,1.375,117.625
1.807989441470548E-5,3948,1.375,117.875
6.87905262034601E-6,3949,1.375,118.125
1.672349210775383E-5,3950,1.375,118.375
1.5744723907821295E-5,3951,1.375,118.625
,3952,1.375,120.875
,3953,1.375,121.125
,3954,1.375,121.375
,3955,1.375,124.625
,3956,1.375,124.875
,3957,1.375,125.125
,3958,1.375,125.375
3.145743637575192E-6,3959,1.375,126.375
,3960,1.375,127.375
,3961,1.375,127.625
,3962,1.375,127.875
,3963,1.375,128.125
,3964,1.375,128.375
,3965,1.375,128.625
3.582778496589845E-6,3966,1.375,128.875
,3967,1.625,114.125
4.746016739402216E-6,3968,1.625,114.375
8.4868756418498E-6,3969,1.625,114.625
,3970,1.625,114.875
,3971,1.625,115.125
,3972,1.625,115.375
,3973,1.625,115.625
,3974,1.625,115.875
,3975,1.625,116.125
,3976,1.625,116.375
,3977,1.625,116.625
6.820189083604445E-6,3978,1.625,116.875
9.60386957289798E-6,3979,1.625,117.125
,3980,1.625,117.375
5.261176054973825E-6,3981,1.625,117.625
7.310997656507717E-6,3982,1.625,117.875
8.223395727768004E-6,3983,1.625,118.125
1.2933299995683437E-5,3984,1.625,118.375
,3985,1.625,118.625
,3986,1.625,118.875
,3987,1.625,124.625
,3988,1.625,124.875
,3989,1.625,125.125
,3990,1.625,125.375
,3991,1.625,127.375
3.0403809249762897E-6,3992,1.625,127.625
,3993,1.625,127.875
,3994,1.625,128.125
,3995,1.625,128.375
3.5169641100664616E-6,3996,1.625,128.625
3.285948366738012E-7,3997,1.875,114.125
5.84095547633087E-6,3998,1.875,114.375
4.1643965245088635E-6,3999,1.875,114.625
1.3155895430827513E-5,4000,1.875,114.875
,4001,1.875,115.125
,4002,1.875,115.375
,4003,1.875,115.625
,4004,1.875,115.875
6.314860085416614E-6,4005,1.875,116.125
7.588552383650382E-6,4006,1.875,116.375
,4007,1.875,116.625
4.9888612296224875E-6,4008,1.875,116.875
6.338883616788242E-6,4009,1.875,117.125
2.3918692022562027E-6,4010,1.875,117.375
5.179245188348712E-6,4011,1.875,117.625
1.084006192357291E-5,4012,1.875,117.875
6.971324376413283E-6,4013,1.875,118.125
,4014,1.875,118.875
,4015,1.875,124.625
,4016,1.875,124.875
,4017,1.875,125.125
2.7193019189812368E-6,4018,1.875,127.625
,4019,1.875,127.875
6.82322747820163E-6,4020,1.875,128.125
,4021,1.875,128.375
1.483723463024944E-5,4022,2.125,114.125
,4023,2.125,114.375
,4024,2.125,114.625
4.203324889945065E-6,4025,2.125,114.875
,4026,2.125,115.125
1.718445374668479E-6,4027,2.125,115.375
4.442839871641133E-6,4028,2.125,115.625
7.518826273828593E-6,4029,2.125,115.875
,4030,2.125,116.125
1.189824381912676E-7,4031,2.125,116.375
1.053901054362657E-5,4032,2.125,116.625
7.4572396938836945E-6,4033,2.125,116.875
8.629687911085842E-6,4034,2.125,117.125
8.536003999406998E-6,4035,2.125,117.375
7.832361006876454E-6,4036,2.125,117.625
9.569950289097457E-6,4037,2.125,117.875
4.753645949882538E-6,4038,2.125,118.125
,4039,2.125,118.375
,4040,2.125,118.625
6.968500109202172E-6,4041,2.125,125.375
1.8900489642356688E-6,4042,2.125,127.625
3.979257559336961E-6,4043,2.125,127.875
1.2669309269494275E-7,4044,2.125,128.125
,4045,2.125,128.375
-1.1731023704146463E-6,4046,2.125,128.625
1.892199976799343E-5,4047,2.375,114.125
7.241235873840647E-6,4048,2.375,114.375
1.3914410374127327E-5,4049,2.375,114.625
,4050,2.375,114.875
4.329702629558543E-6,4051,2.375,115.125
4.632020597624255E-6,4052,2.375,115.375
9.458189043797621E-6,4053,2.375,115.625
4.166992656598771E-6,4054,2.375,115.875
,4055,2.375,116.125
3.5833888275056114E-6,4056,2.375,116.375
1.8069683612602796E-6,4057,2.375,116.625
6.640657246558953E-6,4058,2.375,116.875
,4059,2.375,117.125
3.4586773836053908E-6,4060,2.375,117.375
3.4586773836053908E-6,4061,2.375,117.625
5.785464613787909E-6,4062,2.375,117.875
1.1512958697791491E-5,4063,2.375,118.125
,4064,2.375,118.625
5.626100279936454E-6,4065,2.375,125.375
9.538889647631933E-7,4066,2.375,127.625
3.732626615576356E-6,4067,2.375,127.875
2.8321182479304426E-6,4068,2.375,128.125
2.8177308594256975E-6,4069,2.375,128.375
1.4886289590338074E-6,4070,2.375,128.625
5.377363786964623E-6,4071,2.625,114.125
4.583017764236573E-6,4072,2.625,114.375
6.091395660032053E-6,4073,2.625,114.625
7.4723018046266525E-6,4074,2.625,114.875
,4075,2.625,115.125
9.050888733108769E-8,4076,2.625,115.375
-7.081422986697052E-7,4077,2.625,115.625
3.7879922976633686E-6,4078,2.625,115.875
1.414225062035257E-5,4079,2.625,116.125
-5.72450936397202E-6,4080,2.625,116.375
4.9131360438122224E-6,4081,2.625,116.625
5.672296614776098E-6,4082,2.625,116.875
7.35033988284286E-6,4083,2.625,117.125
,4084,2.625,117.375
,4085,2.625,117.625
6.358985557043831E-6,4086,2.625,117.875
3.234016489383942E-6,4087,2.625,125.125
5.518884466584793E-6,4088,2.625,125.375
2.557984997567581E-6,4089,2.625,128.375
3.3048994673888734E-6,4090,2.625,128.625
,4091,2.875,114.125
,4092,2.875,114.375
,4093,2.875,114.625
,4094,2.875,114.875
,4095,2.875,115.125
,4096,2.875,115.375
2.0251020487194182E-6,4097,2.875,115.625
8.455104171762663E-6,4098,2.875,115.875
-3.601685113957398E-6,4099,2.875,116.125
6.4978691159747485E-6,4100,2.875,116.375
,4101,2.875,116.625
6.348310985664211E-6,4102,2.875,116.875
,4103,2.875,117.125
7.174765869422117E-6,4104,2.875,117.375
9.52660018694281E-6,4105,2.875,117.625
1.2206891623503878E-5,4106,2.875,117.875
5.196546985370086E-6,4107,2.875,125.375
,4108,3.125,114.125
9.352136022817665E-6,4109,3.125,114.375
9.285783150619673E-6,4110,3.125,114.625
5.480950030582496E-6,4111,3.125,114.875
7.433951395796612E-6,4112,3.125,115.125
7.433951395796613E-6,4113,3.125,115.375
1.112524501535933E-6,4114,3.125,115.625
2.53236306463285E-6,4115,3.125,115.875
,4116,3.125,116.125
8.009153668471738E-6,4117,3.125,116.375
,4118,3.125,116.625
,4119,3.125,116.875
,4120,3.125,117.125
8.445744242635556E-6,4121,3.125,117.375
1.2585208935217498E-5,4122,3.125,117.625
6.747397063881017E-6,4123,3.125,125.375
6.493600819545415E-6,4124,3.125,125.625
7.813722415714497E-6,4125,3.375,114.125
1.2197486285003833E-5,4126,3.375,114.375
9.20998187521415E-6,4127,3.375,114.625
1.1684476703521796E-5,4128,3.375,114.875
,4129,3.375,115.125
,4130,3.375,115.375
,4131,3.375,115.625
1.231974075027435E-5,4132,3.375,115.875
5.968096299686879E-6,4133,3.375,116.125
6.947663320177854E-6,4134,3.375,116.375
8.1743202356408E-6,4135,3.375,116.625
8.015733397823395E-6,4136,3.375,116.875
5.246515108391407E-6,4137,3.375,117.125
1.0272535351455348E-5,4138,3.375,117.375
5.795093682576001E-6,4139,3.375,117.625
1.0365979810542668E-5,4140,3.375,117.875
6.4576097718550465E-6,4141,3.375,125.375
4.359646414275822E-6,4142,3.375,125.625
8.463217716617445E-6,4143,3.625,114.125
1.1896992434481103E-5,4144,3.625,114.375
1.6789330852017063E-5,4145,3.625,114.625
1.5369407265097834E-5,4146,3.625,114.875
,4147,3.625,115.125
1.2613729268196039E-5,4148,3.625,115.375
1.621537602255529E-5,4149,3.625,115.625
9.444303942570619E-6,4150,3.625,115.875
3.1385751017470882E-6,4151,3.625,116.125
5.438133939605905E-6,4152,3.625,116.375
9.785085938417514E-6,4153,3.625,116.625
9.994119863800762E-6,4154,3.625,116.875
1.3056200687446857E-5,4155,3.625,117.125
1.0562992024049276E-5,4156,3.625,117.375
4.366763988702142E-6,4157,3.625,117.625
8.104122654835799E-6,4158,3.625,117.875
5.317158037268313E-6,4159,3.625,125.375
4.109194888191172E-6,4160,3.625,125.625
2.5819262999497247E-6,4161,3.625,126.875
6.064743313566056E-6,4162,3.875,114.125
9.107955537380215E-7,4163,3.875,114.375
-1.771269259055682E-6,4164,3.875,114.625
-7.219595139463888E-8,4165,3.875,114.875
,4166,3.875,115.125
,4167,3.875,115.375
6.517684135223474E-6,4168,3.875,115.625
5.521273158949083E-6,4169,3.875,115.875
7.229046519296679E-6,4170,3.875,116.125
4.920021683229752E-6,4171,3.875,116.375
8.588083765597353E-6,4172,3.875,116.625
1.0014030707426318E-5,4173,3.875,116.875
8.795851268920905E-6,4174,3.875,117.125
1.1445973486859105E-5,4175,3.875,117.375
9.806727266572794E-6,4176,3.875,117.625
7.910976995264035E-6,4177,3.875,117.875
3.9212546712234655E-6,4178,3.875,125.375
5.697429063314803E-6,4179,3.875,125.625
3.341159140013128E-6,4180,3.875,126.625
5.351306868813108E-6,4181,3.875,126.875
,4182,4.125,114.125
8.33453739199295E-6,4183,4.125,114.375
1.2770399636400054E-5,4184,4.125,114.625
,4185,4.125,114.875
5.010750287486323E-6,4186,4.125,115.125
1.2220556806158121E-5,4187,4.125,115.375
5.636355130412664E-6,4188,4.125,115.625
4.725382219854029E-6,4189,4.125,115.875
1.8926789760827988E-5,4190,4.125,116.125
1.7355722689475137E-5,4191,4.125,116.375
4.463388677322655E-6,4192,4.125,116.625
4.594544480604455E-6,4193,4.125,116.875
8.450628332326114E-6,4194,4.125,117.125
7.4482666661185985E-6,4195,4.125,117.375
7.273535705292969E-6,4196,4.125,117.625
7.862573200495676E-6,4197,4.125,117.875
6.947084497210451E-6,4198,4.125,118.125
5.053443261445953E-6,4199,4.125,118.625
4.2678649996831744E-6,4200,4.125,125.375
8.175203599496019E-7,4201,4.125,126.625
9.871725923932892E-8,4202,4.125,126.875
2.9993161660968326E-5,4203,4.375,114.125
8.701991025282527E-6,4204,4.375,114.375
5.443987391414179E-6,4205,4.375,114.625
1.3413602723699846E-5,4206,4.375,114.875
4.1496943605003145E-6,4207,4.375,115.125
,4208,4.375,115.375
6.103140438916607E-6,4209,4.375,115.625
7.420599030498783E-6,4210,4.375,115.875
7.805604278894552E-6,4211,4.375,116.125
5.560989945876278E-6,4212,4.375,116.375
1.547072756549328E-5,4213,4.375,116.625
,4214,4.375,116.875
5.8484827534918886E-6,4215,4.375,117.125
5.761645613671058E-6,4216,4.375,117.375
5.775973460853063E-6,4217,4.375,117.625
,4218,4.375,117.875
,4219,4.375,118.125
,4220,4.375,118.375
8.348044746718457E-6,4221,4.375,118.625
8.009865740125382E-6,4222,4.375,118.875
6.829035977276445E-6,4223,4.375,125.625
1.191846839130461E-6,4224,4.375,126.625
3.927909226449303E-6,4225,4.375,126.875
1.4872714741196688E-5,4226,4.625,114.125
1.700744737670584E-5,4227,4.625,114.375
3.548843632703417E-5,4228,4.625,114.625
1.1760357445839779E-5,4229,4.625,114.875
7.44368546308327E-6,4230,4.625,115.125
1.893197016316831E-5,4231,4.625,115.375
4.736780811948491E-6,4232,4.625,115.625
8.634056239091079E-6,4233,4.625,115.875
4.451613660456201E-6,4234,4.625,116.125
4.482422373686396E-6,4235,4.625,116.375
1.7933992309060834E-5,4236,4.625,116.625
-7.41322358324235E-7,4237,4.625,116.875
8.889384101662683E-6,4238,4.625,117.125
,4239,4.625,117.375
2.793538525132085E-6,4240,4.625,117.625
-1.6958206288109068E-6,4241,4.625,117.875
-6.15433257771873E-6,4242,4.625,118.125
1.2313721671180992E-5,4243,4.625,118.375
1.3640064059631992E-5,4244,4.625,118.625
1.1654503259293594E-5,4245,4.625,118.875
9.661277001551816E-6,4246,4.625,119.125
9.496788111175947E-6,4247,4.625,119.375
1.0762672373942604E-5,4248,4.625,119.625
5.9987021624030605E-6,4249,4.625,125.375
5.8242281806710096E-6,4250,4.625,125.625
1.228080592864207E-6,4251,4.625,126.625
-8.742264792241003E-7,4252,4.625,126.875
-3.488068721700019E-7,4253,4.625,127.125
1.5877861816241246E-5,4254,4.875,114.625
7.881652700717994E-6,4255,4.875,114.875
1.0991340397044819E-5,4256,4.875,115.125
1.350185590689577E-5,4257,4.875,115.375
8.105477869047075E-6,4258,4.875,115.625
1.1648192222495399E-5,4259,4.875,115.875
1.483112161011328E-5,4260,4.875,116.125
2.254199495369317E-5,4261,4.875,116.375
6.557893360104694E-6,4262,4.875,116.625
1.4145237718009273E-5,4263,4.875,116.875
6.7654257531253585E-6,4264,4.875,117.125
2.271889479073183E-5,4265,4.875,117.375
,4266,4.875,117.625
,4267,4.875,117.875
3.1467782264371635E-6,4268,4.875,118.125
-6.9916242637191315E-6,4269,4.875,118.375
6.167818898806491E-6,4270,4.875,118.625
1.010817512571356E-5,4271,4.875,118.875
8.836755942034182E-6,4272,4.875,119.125
9.42063122012119E-6,4273,4.875,119.375
9.9264451578157E-6,4274,4.875,119.625
6.182700947214852E-6,4275,4.875,119.875
9.207626933559153E-6,4276,4.875,120.125
6.38682684808907E-7,4277,4.875,127.125
1.0075446517631283E-5,4278,5.125,114.875
1.66951114766348E-5,4279,5.125,115.125
1.2842620166193817E-5,4280,5.125,115.375
1.2140167731599473E-5,4281,5.125,115.625
6.529217256385911E-6,4282,5.125,115.875
5.680854832794485E-6,4283,5.125,116.125
7.37255591945038E-6,4284,5.125,116.375
3.855226241490581E-6,4285,5.125,116.625
5.275333359708892E-6,4286,5.125,116.875
1.1464662006572849E-5,4287,5.125,117.125
3.9592616660966405E-6,4288,5.125,117.375
5.648348677921042E-6,4289,5.125,117.625
4.260517402251475E-6,4290,5.125,117.875
3.8968887916450965E-6,4291,5.125,118.125
8.796409205688147E-6,4292,5.125,118.375
1.1131250483795105E-5,4293,5.125,118.625
3.911957106291809E-6,4294,5.125,118.875
9.969152490031143E-6,4295,5.125,119.125
5.350754390749691E-6,4296,5.125,119.375
1.298288688050454E-5,4297,5.125,119.625
5.923119932585014E-6,4298,5.125,119.875
1.0682273866016511E-5,4299,5.125,120.125
9.003085557688799E-6,4300,5.125,120.375
8.820567111185295E-6,4301,5.125,120.625
1.0485834420552126E-5,4302,5.375,115.125
1.0870087154781172E-5,4303,5.375,115.375
5.8686762402589825E-6,4304,5.375,115.625
1.892516593215987E-5,4305,5.375,115.875
3.6715173573253675E-6,4306,5.375,116.125
2.255186450506316E-6,4307,5.375,116.375
2.924959396301102E-6,4308,5.375,116.625
-1.3469918936270033E-6,4309,5.375,116.875
2.016184895875996E-6,4310,5.375,117.125
6.231156742648389E-6,4311,5.375,117.375
8.183509970524766E-6,4312,5.375,117.625
7.68307415827983E-6,4313,5.375,117.875
7.975142877085648E-6,4314,5.375,118.125
6.229313365987121E-6,4315,5.375,118.375
1.0111778808445526E-5,4316,5.375,118.625
5.730951311342672E-6,4317,5.375,118.875
8.068221859075451E-6,4318,5.375,119.125
6.714544690868058E-6,4319,5.375,119.375
9.432188721919979E-6,4320,5.375,119.875
7.920778613658728E-6,4321,5.375,120.125
6.172409393840987E-6,4322,5.375,120.375
9.095677110921201E-6,4323,5.375,120.625
7.0918509426128325E-6,4324,5.375,120.875
6.6645728006398785E-6,4325,5.375,125.375
5.825195700911568E-6,4326,5.625,115.375
9.030334077531203E-6,4327,5.625,115.625
8.699739641420235E-6,4328,5.625,115.875
1.3194770872360095E-5,4329,5.625,116.125
4.521894599043928E-6,4330,5.625,116.375
5.551434844827765E-7,4331,5.625,116.625
4.257084213187068E-6,4332,5.625,116.875
1.0371573832768259E-5,4333,5.625,117.125
5.8191321867881264E-6,4334,5.625,117.375
2.09519484275982E-6,4335,5.625,117.625
3.3736175469487143E-6,4336,5.625,117.875
1.0467077560899411E-5,4337,5.625,118.125
3.2787213513074676E-6,4338,5.625,118.375
,4339,5.625,118.625
8.393613828933126E-6,4340,5.625,118.875
6.0997294120250415E-6,4341,5.625,120.125
1.1961779801729699E-5,4342,5.625,120.375
1.1398526030528093E-5,4343,5.625,120.625
7.423771764583186E-6,4344,5.625,120.875
1.1947285438914901E-5,4345,5.625,121.125
9.669505815997728E-6,4346,5.625,125.125
7.562735522442943E-6,4347,5.625,125.375
9.498691666802578E-6,4348,5.625,125.625
8.333831992230708E-6,4349,5.625,126.625
5.922233798645424E-6,4350,5.875,115.875
1.4710738275753116E-5,4351,5.875,116.125
-7.795345746596125E-6,4352,5.875,116.375
5.748819803626986E-6,4353,5.875,116.625
1.2656546834633256E-5,4354,5.875,116.875
-5.24134267326014E-6,4355,5.875,117.125
3.821211438745112E-6,4356,5.875,117.375
6.972581552067149E-6,4357,5.875,117.625
1.5248687141973394E-5,4358,5.875,117.875
7.760020563267188E-6,4359,5.875,118.125
,4360,5.875,118.375
8.006926358502449E-6,4361,5.875,119.625
9.743879427066627E-6,4362,5.875,119.875
2.8703664090732435E-6,4363,5.875,120.125
1.1663888743163105E-5,4364,5.875,120.375
9.602866086557919E-6,4365,5.875,120.875
9.748252048616337E-6,4366,5.875,121.125
5.889612213669828E-6,4367,5.875,121.375
1.223579524918498E-5,4368,5.875,121.625
,4369,5.875,121.875
1.0473140338317447E-5,4370,5.875,124.625
1.3430171161982837E-5,4371,5.875,124.875
1.4600412021225002E-5,4372,5.875,125.125
1.3139027715544966E-5,4373,5.875,125.375
2.227876477062105E-5,4374,5.875,125.625
6.616612805802273E-6,4375,6.125,115.625
1.4543444742077458E-5,4376,6.125,116.125
1.2965284886959548E-5,4377,6.125,116.375
8.453808429333209E-6,4378,6.125,116.625
1.0903022295060892E-6,4379,6.125,116.875
7.778001617194457E-6,4380,6.125,117.125
,4381,6.125,117.375
,4382,6.125,117.625
,4383,6.125,117.875
-4.4859716296560205E-6,4384,6.125,118.125
,4385,6.125,118.375
1.1608141971869802E-5,4386,6.125,120.375
8.421542245712085E-6,4387,6.125,120.625
8.704163973108768E-6,4388,6.125,120.875
9.973446689619818E-6,4389,6.125,121.125
6.717818731898726E-6,4390,6.125,121.375
3.918510174116818E-6,4391,6.125,121.625
,4392,6.125,121.875
1.4658071164561891E-5,4393,6.125,124.125
1.2624526247391253E-5,4394,6.125,124.375
9.413855350329186E-6,4395,6.125,124.625
1.1904655659907398E-5,4396,6.125,124.875
1.6277542086316794E-5,4397,6.125,125.125
1.4828129929461187E-5,4398,6.125,125.375
1.892476182723798E-5,4399,6.125,125.625
1.0287117900780063E-5,4400,6.375,116.125
7.838112406413664E-6,4401,6.375,116.375
1.1501647033132865E-5,4402,6.375,116.625
1.0521810064788961E-5,4403,6.375,116.875
4.2651089561937485E-6,4404,6.375,117.125
1.763924460949751E-5,4405,6.375,117.375
,4406,6.375,117.625
,4407,6.375,118.125
,4408,6.375,118.625
6.143515893804283E-6,4409,6.375,120.375
9.551278428159857E-6,4410,6.375,120.625
1.2099895076914948E-5,4411,6.375,120.875
9.443203452974558E-6,4412,6.375,121.625
,4413,6.375,121.875
,4414,6.375,122.125
1.31905715117125E-5,4415,6.375,124.125
2.2152644543746125E-5,4416,6.375,124.375
1.923130376501772E-5,4417,6.375,124.625
1.7352846152656357E-5,4418,6.375,124.875
1.1331878752487215E-5,4419,6.375,125.125
1.8662605008523615E-5,4420,6.375,125.375
1.184332697271942E-5,4421,6.375,125.625
5.141664206978712E-6,4422,6.375,126.125
9.26101096625528E-6,4423,6.625,116.375
8.06601466636432E-6,4424,6.625,116.625
7.308686106470762E-6,4425,6.625,116.875
7.636963737718314E-6,4426,6.625,117.125
4.1954437612020494E-7,4427,6.625,117.375
5.2881325560336435E-6,4428,6.625,117.625
7.463690508302534E-6,4429,6.625,117.875
,4430,6.625,118.375
,4431,6.625,118.625
7.018952285337982E-6,4432,6.625,121.375
7.600659821178158E-6,4433,6.625,121.625
7.593806344181166E-6,4434,6.625,121.875
7.493634026815879E-6,4435,6.625,122.125
1.3894152789383318E-5,4436,6.625,122.375
1.6931673499623406E-5,4437,6.625,124.125
1.784302612468998E-5,4438,6.625,124.375
1.935907964059861E-5,4439,6.625,124.625
1.8111519661788217E-5,4440,6.625,124.875
2.6546484917585584E-5,4441,6.625,125.125
1.202515332875821E-5,4442,6.625,125.375
8.769188939563468E-6,4443,6.625,125.625
6.033823598400573E-6,4444,6.625,126.125
2.3563729634842948E-6,4445,6.625,126.375
8.660582241786133E-6,4446,6.875,116.625
3.6139498677797412E-6,4447,6.875,116.875
5.6657658840383676E-6,4448,6.875,117.125
6.521508034747444E-6,4449,6.875,117.375
,4450,6.875,118.375
,4451,6.875,118.625
,4452,6.875,121.375
7.928045798443723E-6,4453,6.875,121.625
1.0661017621236018E-5,4454,6.875,121.875
7.751051271043252E-6,4455,6.875,122.125
7.694033512400467E-6,4456,6.875,122.375
1.2802855869436807E-5,4457,6.875,123.875
2.870463115817912E-5,4458,6.875,124.125
2.164216743084218E-5,4459,6.875,124.375
2.7825542881095647E-5,4460,6.875,124.625
2.8921059800679494E-5,4461,6.875,124.875
1.2137187019649927E-5,4462,6.875,125.125
5.300126933577496E-6,4463,6.875,125.375
1.4116984003456606E-5,4464,6.875,125.625
7.167746805775601E-6,4465,6.875,125.875
5.133605993952406E-6,4466,6.875,126.125
9.293162928287185E-6,4467,6.875,126.375
6.664733488899573E-6,4468,7.125,116.625
4.961081265139727E-6,4469,7.125,116.875
8.038897090758673E-6,4470,7.125,117.125
2.8424280002493513E-6,4471,7.125,117.375
1.2252340820493315E-5,4472,7.125,118.375
7.624672357516608E-6,4473,7.125,118.625
1.3011132657040485E-5,4474,7.125,121.875
,4475,7.125,122.125
1.2463956200737963E-5,4476,7.125,122.375
1.8167368005126085E-5,4477,7.125,123.875
2.291158263654542E-5,4478,7.125,124.125
2.0700295736125196E-5,4479,7.125,124.375
2.259572483966359E-5,4480,7.125,124.625
2.486062136614976E-5,4481,7.125,124.875
1.6112409008977234E-5,4482,7.125,125.125
2.037807581813164E-5,4483,7.125,125.375
2.357479773220709E-5,4484,7.125,125.625
6.609047589448671E-6,4485,7.125,125.875
5.537556768290036E-6,4486,7.125,126.125
5.395242259017398E-6,4487,7.125,126.375
4.214282029248542E-6,4488,7.125,126.625
9.401578359626633E-6,4489,7.375,116.875
7.42988151098353E-6,4490,7.375,117.125
6.947979518002863E-6,4491,7.375,117.375
7.956749151978407E-6,4492,7.375,121.875
1.1495618057912369E-5,4493,7.375,122.125
1.416040184808083E-5,4494,7.375,122.375
1.8702801980614694E-5,4495,7.375,122.625
1.0131680752933377E-5,4496,7.375,122.875
1.1470451850367012E-5,4497,7.375,123.125
1.4802784890961971E-5,4498,7.375,123.375
1.8805467173877505E-5,4499,7.375,124.125
2.06465018519755E-5,4500,7.375,124.375
2.8804242372399088E-5,4501,7.375,124.625
2.7581675757839143E-5,4502,7.375,124.875
3.09396062609481E-5,4503,7.375,125.125
3.206758600817965E-5,4504,7.375,125.375
1.8921123710523397E-5,4505,7.375,125.625
1.303060323129548E-5,4506,7.375,125.875
1.525980732138286E-5,4507,7.375,126.125
1.2101572499420646E-5,4508,7.375,126.375
,4509,7.375,126.625
5.622354150960583E-6,4510,7.625,117.375
1.5257546759022045E-6,4511,7.625,118.625
1.2670347009526994E-5,4512,7.625,122.125
1.2095931750167878E-5,4513,7.625,122.375
1.8434397107699852E-5,4514,7.625,122.625
9.033536413664041E-6,4515,7.625,122.875
1.203742622998888E-5,4516,7.625,123.125
1.5189739794655606E-5,4517,7.625,123.375
1.2311084249467621E-5,4518,7.625,123.625
1.5354415940092297E-5,4519,7.625,123.875
1.4517869752591846E-5,4520,7.625,124.125
1.0124851286439873E-5,4521,7.625,124.375
2.8438069335164354E-5,4522,7.625,124.625
2.8207790663736153E-5,4523,7.625,124.875
4.071021508441002E-5,4524,7.625,125.125
5.3534454913691324E-5,4525,7.625,125.375
2.1686887839527244E-5,4526,7.625,125.625
8.914022036564034E-6,4527,7.625,125.875
5.583914957601296E-6,4528,7.625,126.125
,4529,7.625,126.375
,4530,7.625,126.625
8.321864295841704E-6,4531,7.875,116.875
3.7979246676217805E-6,4532,7.875,117.125
6.286443682659904E-6,4533,7.875,118.625
1.2384488848006171E-5,4534,7.875,122.125
1.1779838765546224E-5,4535,7.875,122.375
2.1144107660770476E-5,4536,7.875,122.625
9.904367065787536E-6,4537,7.875,122.875
8.737671949767498E-6,4538,7.875,123.125
1.478737550809753E-5,4539,7.875,123.375
1.4199822894169924E-5,4540,7.875,123.625
1.6680642994510344E-5,4541,7.875,123.875
1.0990328037020219E-5,4542,7.875,124.125
1.8009716325519154E-5,4543,7.875,124.375
2.615310981193309E-5,4544,7.875,124.625
2.634260192894547E-5,4545,7.875,124.875
1.9484386950731075E-5,4546,7.875,125.125
2.275617184285777E-5,4547,7.875,125.375
2.1392226437762873E-6,4548,7.875,125.625
,4549,7.875,125.875
4.319713866607344E-7,4550,7.875,126.125
4.328382294859493E-6,4551,7.875,126.375
1.1195813740598967E-5,4552,8.125,116.875
6.101018108570243E-6,4553,8.125,117.125
5.770283404336763E-6,4554,8.125,117.375
1.0082167351132776E-5,4555,8.125,122.375
1.165247572549337E-5,4556,8.125,122.625
2.190012195893005E-5,4557,8.125,122.875
1.434770979984765E-5,4558,8.125,123.125
1.496748247856953E-5,4559,8.125,123.375
1.223373510112577E-5,4560,8.125,123.625
1.1824740503524685E-5,4561,8.125,123.875
1.7103121269580144E-5,4562,8.125,124.125
1.790016611781579E-5,4563,8.125,124.375
3.283712318104979E-5,4564,8.125,124.625
3.246029458132244E-5,4565,8.125,124.875
2.390114174823623E-5,4566,8.125,125.125
2.093606173472443E-5,4567,8.125,125.375
5.668109685534913E-6,4568,8.125,125.625
,4569,8.125,125.875
4.319713866607344E-7,4570,8.125,126.125
2.652459567819103E-6,4571,8.125,126.375
1.0329046871091822E-5,4572,8.375,117.125
7.238713874786319E-6,4573,8.375,117.375
8.221918225590457E-6,4574,8.375,117.625
1.1725527801394384E-5,4575,8.375,122.875
1.388795733688374E-5,4576,8.375,123.125
2.1541814406689797E-5,4577,8.375,123.375
1.530650156520086E-5,4578,8.375,123.625
1.3779771521043583E-5,4579,8.375,123.875
1.3807642606963496E-5,4580,8.375,124.125
2.041728482929852E-5,4581,8.375,124.375
3.42913917105965E-5,4582,8.375,124.625
3.166178381521887E-5,4583,8.375,124.875
4.0775931138209094E-5,4584,8.375,125.125
1.6641421626645773E-5,4585,8.375,125.375
,4586,8.375,125.625
,4587,8.375,125.875
,4588,8.375,126.125
9.67524556472199E-6,4589,8.375,126.375
9.999539188576408E-6,4590,9.125,97.875
6.228014239034083E-6,4591,9.125,98.125
8.67854839896264E-6,4592,9.125,98.375
7.212768784796481E-6,4593,9.125,98.625
9.040881873995112E-6,4594,9.125,98.875
1.2992284056833745E-5,4595,9.125,99.125
1.3192189191906667E-5,4596,9.125,99.375
1.0211091227022983E-5,4597,9.125,99.625
7.728683669208114E-6,4598,9.125,99.875
7.979203293665206E-6,4599,9.125,104.875
9.485217267351183E-6,4600,9.125,105.125
8.486202960852651E-6,4601,9.125,105.375
1.026172189276653E-5,4602,9.125,105.625
7.960359315235077E-6,4603,9.125,105.875
8.551293708940771E-6,4604,9.375,97.875
8.431316036731115E-6,4605,9.375,98.375
6.7583957868154786E-6,4606,9.375,98.625
8.564214996949608E-6,4607,9.375,98.875
1.1548857140794448E-5,4608,9.375,99.125
7.946956904368343E-6,4609,9.375,99.375
1.2794555493577685E-5,4610,9.375,99.625
9.581163518073028E-6,4611,9.375,99.875
6.0440424344874315E-6,4612,9.375,100.125
6.356881885599257E-6,4613,9.375,103.375
4.266085464943861E-6,4614,9.375,103.625
2.0699434603086737E-5,4615,9.375,104.875
1.341493137059786E-5,4616,9.375,105.125
1.9785039818688055E-5,4617,9.375,105.375
1.6300814015969065E-5,4618,9.375,105.625
1.4014458685828926E-5,4619,9.375,105.875
1.1169618923204997E-5,4620,9.375,106.125
1.2635083693043917E-5,4621,9.375,106.375
9.89030988315553E-6,4622,9.625,97.875
7.995219154967838E-6,4623,9.625,98.125
8.265638278425247E-6,4624,9.625,98.375
4.38187022109993E-6,4625,9.625,98.625
5.1118010347803605E-6,4626,9.625,98.875
7.412265883520964E-6,4627,9.625,99.125
9.604255307389431E-6,4628,9.625,99.875
6.857799124410446E-6,4629,9.625,100.125
9.45809796987656E-6,4630,9.625,104.375
1.8975507676562604E-5,4631,9.625,104.875
,4632,9.625,105.125
2.3147085812524892E-5,4633,9.625,105.375
2.494833097443916E-5,4634,9.625,105.625
1.047411003509805E-5,4635,9.625,105.875
1.6729833011028844E-5,4636,9.625,106.125
1.9044253202813624E-5,4637,9.625,106.375
1.1336993956221395E-5,4638,9.625,106.625
9.98402233601252E-6,4639,9.875,97.875
8.168909235320207E-6,4640,9.875,98.125
9.602390133144327E-6,4641,9.875,98.375
8.629270626735558E-6,4642,9.875,98.625
9.736270544194564E-6,4643,9.875,98.875
1.0683413486131533E-5,4644,9.875,99.125
9.6776616586329E-6,4645,9.875,99.875
7.3918394174285235E-6,4646,9.875,100.125
9.025945451553902E-6,4647,9.875,102.875
9.75890203936441E-6,4648,9.875,103.875
8.474670284403987E-6,4649,9.875,104.125
1.0255634366276957E-5,4650,9.875,104.375
1.1675695931735416E-5,4651,9.875,104.625
1.3099696086605344E-5,4652,9.875,104.875
1.771574577801659E-5,4653,9.875,105.125
1.630205611327917E-5,4654,9.875,105.375
,4655,9.875,105.625
,4656,9.875,105.875
2.463225791871082E-5,4657,9.875,106.125
1.6024905710236747E-5,4658,9.875,106.375
1.0125175852239367E-5,4659,9.875,106.625
9.292241570607868E-6,4660,10.125,97.875
9.67025808500073E-6,4661,10.125,98.125
9.463224009309627E-6,4662,10.125,98.375
7.515200906716929E-6,4663,10.125,98.625
1.0052440660838232E-5,4664,10.125,98.875
1.3006777968213254E-5,4665,10.125,99.125
8.381156865628468E-6,4666,10.125,99.375
7.1561914442989316E-6,4667,10.125,99.875
6.566255692763478E-6,4668,10.125,102.875
7.3564649469854384E-6,4669,10.125,103.125
1.1775531668191418E-5,4670,10.125,103.875
1.2592054216848505E-5,4671,10.125,104.125
1.3936117025539487E-5,4672,10.125,104.375
1.0763265310846172E-5,4673,10.125,104.625
1.569791906504217E-5,4674,10.125,104.875
1.9897401142182774E-5,4675,10.125,105.125
1.7524593957065243E-5,4676,10.125,105.375
,4677,10.125,105.625
,4678,10.125,105.875
1.209482873050023E-5,4679,10.125,106.125
1.0756078896206652E-5,4680,10.125,106.375
1.4884390100290351E-5,4681,10.125,106.625
1.3955386203467094E-5,4682,10.125,106.875
7.133627694999542E-6,4683,10.375,97.625
7.565312845513046E-6,4684,10.375,97.875
8.642254878163874E-6,4685,10.375,98.125
1.0717443786663379E-5,4686,10.375,98.375
1.3901134111999493E-5,4687,10.375,98.625
7.689728350736965E-6,4688,10.375,98.875
8.805979640894421E-6,4689,10.375,99.125
9.82024751349544E-6,4690,10.375,99.375
7.520617309646537E-6,4691,10.375,102.875
9.773915069146099E-6,4692,10.375,103.125
8.808942442302617E-6,4693,10.375,103.625
1.0687643212408484E-5,4694,10.375,103.875
1.61113264451549E-5,4695,10.375,104.125
1.622465591318362E-5,4696,10.375,104.375
2.6252089133716818E-5,4697,10.375,104.625
,4698,10.375,104.875
3.772022192061985E-5,4699,10.375,105.125
,4700,10.375,105.375
,4701,10.375,105.625
2.3657449568823602E-5,4702,10.375,105.875
,4703,10.375,106.125
2.1725990412434905E-5,4704,10.375,106.375
2.2127134470804216E-5,4705,10.375,106.625
1.8907446859894723E-5,4706,10.375,106.875
1.8119774945655386E-5,4707,10.375,107.125
1.3160717460519978E-5,4708,10.375,107.375
1.224674038576769E-5,4709,10.375,107.625
6.8716495620941735E-6,4710,10.375,108.875
8.334081301480825E-6,4711,10.625,97.625
1.0802960468219351E-5,4712,10.625,97.875
1.3632086549549868E-5,4713,10.625,98.125
8.783298758671204E-6,4714,10.625,98.375
9.114356668066957E-6,4715,10.625,98.625
9.034319874699401E-6,4716,10.625,98.875
1.0447537114659276E-5,4717,10.625,99.125
9.017235897395795E-6,4718,10.625,99.375
9.670111439056615E-6,4719,10.625,103.125
8.090186621706692E-6,4720,10.625,103.375
1.1362704746570985E-5,4721,10.625,103.625
1.0918895546849707E-5,4722,10.625,103.875
1.2989060684176445E-5,4723,10.625,104.125
1.624115240630232E-5,4724,10.625,104.375
2.2419323080424057E-5,4725,10.625,104.625
,4726,10.625,104.875
4.3622208254529524E-5,4727,10.625,105.125
4.833611479306689E-5,4728,10.625,105.375
2.2080824581838284E-5,4729,10.625,105.625
1.664016037893398E-5,4730,10.625,105.875
1.8953111408129558E-5,4731,10.625,106.125
3.353505386104391E-5,4732,10.625,106.375
2.3841253670492023E-5,4733,10.625,106.625
2.0470335687216592E-5,4734,10.625,106.875
1.6215686197737405E-5,4735,10.625,107.125
1.634166951449487E-5,4736,10.625,107.375
1.172295936375782E-5,4737,10.625,107.625
1.139337792311861E-5,4738,10.625,107.875
1.022551136769165E-5,4739,10.625,108.125
8.205264179084114E-6,4740,10.625,108.875
6.9590436937272775E-6,4741,10.875,97.875
1.0471055208066085E-5,4742,10.875,98.125
1.1166693808874767E-5,4743,10.875,98.375
1.1570169102745583E-5,4744,10.875,98.625
1.0545220895874715E-5,4745,10.875,98.875
7.870055853173384E-6,4746,10.875,99.125
1.0141868338190594E-5,4747,10.875,99.375
9.330870763485113E-6,4748,10.875,99.625
1.0782501034884398E-5,4749,10.875,103.125
1.4350577080418216E-5,4750,10.875,103.375
1.9826198873239765E-5,4751,10.875,103.625
2.6866030463049865E-5,4752,10.875,103.875
1.58101838176386E-5,4753,10.875,104.125
1.4136607178089751E-5,4754,10.875,104.375
,4755,10.875,104.625
,4756,10.875,104.875
2.6510885050894032E-5,4757,10.875,105.125
2.553057053872824E-5,4758,10.875,105.375
3.7941303110625766E-5,4759,10.875,105.625
1.71718041393129E-5,4760,10.875,105.875
,4761,10.875,106.125
,4762,10.875,106.375
4.42379464338512E-5,4763,10.875,106.625
4.270257561370252E-5,4764,10.875,106.875
,4765,10.875,107.125
7.02069591880444E-6,4766,10.875,107.375
1.102311355181741E-5,4767,10.875,107.625
9.214970781582483E-6,4768,10.875,107.875
1.496349807526476E-5,4769,10.875,108.125
1.1751921108331264E-5,4770,10.875,108.375
9.941671177764291E-6,4771,11.125,98.125
8.10697238877841E-6,4772,11.125,98.375
1.163107620917787E-5,4773,11.125,98.625
1.028388916691972E-5,4774,11.125,98.875
6.698604457210609E-6,4775,11.125,99.125
1.0327747857905648E-5,4776,11.125,99.375
1.0241559790638977E-5,4777,11.125,99.625
1.0655147794699306E-5,4778,11.125,102.875
7.947836223010604E-6,4779,11.125,103.125
1.2338115148780169E-5,4780,11.125,103.375
1.2906485497761496E-5,4781,11.125,103.625
1.7179730359372986E-5,4782,11.125,103.875
1.086327938537579E-5,4783,11.125,104.125
1.086327938537579E-5,4784,11.125,104.375
,4785,11.125,104.625
1.888532351213138E-5,4786,11.125,104.875
1.7483817271125692E-5,4787,11.125,105.125
2.2006241592393188E-5,4788,11.125,105.375
4.5767654228257015E-5,4789,11.125,105.625
2.3189796897435834E-5,4790,11.125,105.875
,4791,11.125,106.125
3.682050060505105E-5,4792,11.125,106.375
3.826824336402911E-5,4793,11.125,106.625
2.8173211831017397E-5,4794,11.125,106.875
2.538919261546153E-5,4795,11.125,107.125
2.5656477712920846E-5,4796,11.125,107.375
1.0975665931216435E-5,4797,11.125,107.625
1.4175765251819536E-5,4798,11.125,107.875
9.7522109290471E-6,4799,11.125,108.125
1.0970243192494312E-5,4800,11.125,108.375
1.0306917403092544E-5,4801,11.125,108.625
1.0676990060748087E-5,4802,11.125,108.875
1.1684710850968773E-5,4803,11.375,97.875
1.0180564670204232E-5,4804,11.375,98.125
1.195472766342411E-5,4805,11.375,98.375
1.1207700437478409E-5,4806,11.375,98.625
1.0323644904788267E-5,4807,11.375,98.875
9.099305589600395E-6,4808,11.375,99.125
8.539026879501758E-6,4809,11.375,99.375
9.003912615736586E-6,4810,11.375,99.625
1.0374054883875821E-5,4811,11.375,102.875
1.2597765622605746E-5,4812,11.375,103.125
1.6429469227708814E-5,4813,11.375,103.375
1.1343660330715076E-5,4814,11.375,103.625
1.0521272088226397E-5,4815,11.375,103.875
,4816,11.375,104.125
,4817,11.375,104.375
,4818,11.375,104.625
2.1589852128533408E-5,4819,11.375,104.875
2.291190272073073E-5,4820,11.375,105.125
2.175787729941581E-5,4821,11.375,105.375
,4822,11.375,105.625
2.5054908693751868E-5,4823,11.375,105.875
2.4425160186964246E-5,4824,11.375,106.125
3.0528270355561875E-5,4825,11.375,106.375
,4826,11.375,106.625
,4827,11.375,106.875
1.7105680876696478E-5,4828,11.375,107.125
1.7552748511702E-5,4829,11.375,107.375
1.9406216962543353E-5,4830,11.375,107.625
1.9100250938208774E-5,4831,11.375,107.875
1.7812414662678805E-5,4832,11.375,108.125
2.212214250594389E-5,4833,11.375,108.375
3.632989969849826E-5,4834,11.375,108.625
1.4146589090718116E-5,4835,11.375,108.875
9.4465890575534E-6,4836,11.375,109.125
1.231005963810931E-5,4837,11.625,97.625
1.2022958548497611E-5,4838,11.625,97.875
1.1057071654506445E-5,4839,11.625,98.125
1.2195675385831648E-5,4840,11.625,98.375
1.4245905856559893E-5,4841,11.625,98.625
1.6049282006128124E-5,4842,11.625,98.875
1.2856394357737235E-5,4843,11.625,99.125
1.3317381622308051E-5,4844,11.625,99.375
1.2555957647946288E-5,4845,11.625,99.625
7.09906016942485E-6,4846,11.625,99.875
1.1106381648082525E-5,4847,11.625,102.625
1.118980252225395E-5,4848,11.625,102.875
1.28034454102462E-5,4849,11.625,103.125
1.1344534486477909E-5,4850,11.625,103.375
9.699903699465515E-6,4851,11.625,103.625
1.9870120013365522E-5,4852,11.625,103.875
,4853,11.625,104.125
,4854,11.625,104.375
,4855,11.625,104.625
,4856,11.625,104.875
,4857,11.625,105.125
,4858,11.625,105.375
,4859,11.625,105.625
,4860,11.625,105.875
2.0642424242941422E-5,4861,11.625,106.125
2.829667019997663E-5,4862,11.625,106.375
1.629333794603506E-5,4863,11.625,106.625
1.7615142631383216E-5,4864,11.625,106.875
2.2458920468674813E-5,4865,11.625,107.125
1.748856775602495E-5,4866,11.625,107.375
2.1433442502549884E-5,4867,11.625,107.625
1.7600921328753138E-5,4868,11.625,107.875
,4869,11.625,108.125
1.764713852026034E-5,4870,11.625,108.375
1.1672256545699475E-5,4871,11.625,108.625
1.2066826210570285E-5,4872,11.625,108.875
9.850180560178292E-6,4873,11.625,109.125
1.1482620657751679E-5,4874,11.875,97.375
1.1837396315523055E-5,4875,11.875,97.625
1.0314524501026732E-5,4876,11.875,97.875
1.188439033155159E-5,4877,11.875,98.125
1.1573722831052569E-5,4878,11.875,98.375
1.050545670124691E-5,4879,11.875,98.625
1.1752977813866728E-5,4880,11.875,98.875
2.6107959277051903E-5,4881,11.875,99.125
2.5361834937047902E-5,4882,11.875,99.375
1.610661172138987E-5,4883,11.875,99.625
1.2706638354079235E-5,4884,11.875,99.875
1.0301946256149136E-5,4885,11.875,102.375
1.1062880694635963E-5,4886,11.875,102.625
1.1266775829031602E-5,4887,11.875,102.875
1.1578475869545422E-5,4888,11.875,103.125
,4889,11.875,103.375
2.0969725704353004E-5,4890,11.875,103.625
1.471537235219277E-5,4891,11.875,103.875
,4892,11.875,104.125
1.9414259440964088E-5,4893,11.875,104.375
,4894,11.875,104.625
1.7445370758650824E-5,4895,11.875,104.875
1.7445370758650824E-5,4896,11.875,105.125
,4897,11.875,105.375
,4898,11.875,105.625
,4899,11.875,105.875
1.8282938757722787E-5,4900,11.875,106.125
1.8723127954989977E-5,4901,11.875,106.375
1.8032995615736938E-5,4902,11.875,106.625
1.768017994668376E-5,4903,11.875,106.875
1.6612059282258396E-5,4904,11.875,107.125
2.4594859496573918E-5,4905,11.875,107.375
1.77291014938547E-5,4906,11.875,107.625
1.820486116749599E-5,4907,11.875,107.875
,4908,11.875,108.125
1.764713852026034E-5,4909,11.875,108.375
1.1376172115236574E-5,4910,11.875,108.625
1.2051169738769395E-5,4911,11.875,108.875
1.3169135712691977E-5,4912,11.875,109.125
9.058819250365772E-6,4913,11.875,109.375
9.355174164690983E-6,4914,12.125,97.625
1.0671052044563058E-5,4915,12.125,97.875
1.0830285325708601E-5,4916,12.125,98.125
1.4595417909349824E-5,4917,12.125,98.375
1.220393316840951E-5,4918,12.125,98.625
1.5094961097791851E-5,4919,12.125,98.875
2.1645284500901513E-5,4920,12.125,99.125
1.8293118460902924E-5,4921,12.125,99.375
1.3028182636199293E-5,4922,12.125,99.625
1.241088608012954E-5,4923,12.125,99.875
1.3008705825371823E-5,4924,12.125,100.125
1.4181879657748434E-5,4925,12.125,102.125
1.1310137645847862E-5,4926,12.125,102.375
1.1066578459072589E-5,4927,12.125,102.625
1.2374557396061765E-5,4928,12.125,102.875
1.558359520034665E-5,4929,12.125,103.125
,4930,12.125,103.375
1.6228626180048136E-5,4931,12.125,103.625
2.156933192954974E-5,4932,12.125,103.875
,4933,12.125,104.125
,4934,12.125,104.375
,4935,12.125,104.625
,4936,12.125,104.875
,4937,12.125,105.125
,4938,12.125,105.375
,4939,12.125,105.625
,4940,12.125,105.875
,4941,12.125,106.125
1.7196962470100458E-5,4942,12.125,106.375
2.1845833569261886E-5,4943,12.125,106.625
1.919009631374857E-5,4944,12.125,106.875
2.0580216368362483E-5,4945,12.125,107.125
2.248091384161295E-5,4946,12.125,107.375
1.9577445887106818E-5,4947,12.125,107.625
2.172054720230261E-5,4948,12.125,107.875
2.1913526325620082E-5,4949,12.125,108.125
2.0682970338734774E-5,4950,12.125,108.375
1.2109302391157379E-5,4951,12.125,108.625
8.626089063722E-6,4952,12.125,108.875
1.0942741412211811E-5,4953,12.125,109.125
8.704558401867162E-6,4954,12.125,109.375
1.2881609834453871E-5,4955,12.375,97.875
1.290062807390758E-5,4956,12.375,98.125
1.4397140188707883E-5,4957,12.375,98.375
1.3837915188271597E-5,4958,12.375,98.625
1.711016415172084E-5,4959,12.375,98.875
1.3706906952587795E-5,4960,12.375,99.125
1.3081727386106106E-5,4961,12.375,99.375
9.577763904786529E-6,4962,12.375,99.625
1.3094164850572634E-5,4963,12.375,99.875
1.6717563761092767E-5,4964,12.375,100.125
1.528254607172835E-5,4965,12.375,102.125
1.2951224816329024E-5,4966,12.375,102.375
8.732584116377105E-6,4967,12.375,102.625
9.92773402685998E-6,4968,12.375,102.875
1.581800360477559E-5,4969,12.375,103.125
2.5602107414937906E-5,4970,12.375,103.375
2.2352290585383056E-5,4971,12.375,103.625
1.9468559294321238E-5,4972,12.375,103.875
,4973,12.375,104.125
,4974,12.375,104.375
,4975,12.375,104.625
,4976,12.375,104.875
,4977,12.375,105.125
,4978,12.375,105.375
1.7945401850738563E-5,4979,12.375,105.625
1.587921089612887E-5,4980,12.375,105.875
1.6470872639126808E-5,4981,12.375,106.125
2.0134966689511202E-5,4982,12.375,106.375
2.1193988116986632E-5,4983,12.375,106.625
2.2550389246982586E-5,4984,12.375,106.875
1.4459845260716975E-5,4985,12.375,107.125
2.3231803425005637E-5,4986,12.375,107.375
1.6012122768659596E-5,4987,12.375,107.625
2.0216903457440154E-5,4988,12.375,107.875
1.8738436906097248E-5,4989,12.375,108.125
2.2638567224984487E-5,4990,12.375,108.375
9.868701205064293E-6,4991,12.375,108.625
1.2411081813364631E-5,4992,12.375,108.875
1.5581022870397334E-5,4993,12.375,109.125
1.042385551310104E-5,4994,12.375,109.375
1.6064057882870305E-5,4995,12.625,97.625
1.3771631437378627E-5,4996,12.625,97.875
1.4048826575870497E-5,4997,12.625,98.125
1.3569696662957621E-5,4998,12.625,98.375
1.2514089454020626E-5,4999,12.625,98.625
1.7184342124636804E-5,5000,12.625,98.875
1.3749179973210354E-5,5001,12.625,99.125
8.76354679617061E-6,5002,12.625,99.375
1.9359468853114155E-5,5003,12.625,99.625
1.9046117883385674E-5,5004,12.625,99.875
1.8437963836083597E-5,5005,12.625,100.875
1.645261699979807E-5,5006,12.625,101.125
1.8188659831174287E-5,5007,12.625,101.375
1.7541222752110482E-5,5008,12.625,101.625
1.4196493855521277E-5,5009,12.625,101.875
1.4909874436550528E-5,5010,12.625,102.125
9.962293031227127E-6,5011,12.625,102.375
1.4830283795758075E-5,5012,12.625,102.625
1.727144548538503E-5,5013,12.625,102.875
2.4791614266851533E-5,5014,12.625,103.125
2.0335756110949328E-5,5015,12.625,103.375
2.8073489296133033E-5,5016,12.625,103.625
2.6916611008738784E-5,5017,12.625,103.875
3.2698385955646875E-5,5018,12.625,104.125
2.1816058479227445E-5,5019,12.625,104.375
,5020,12.625,104.625
,5021,12.625,104.875
,5022,12.625,105.125
,5023,12.625,105.375
,5024,12.625,105.625
1.8736378478934057E-5,5025,12.625,105.875
2.218617408667191E-5,5026,12.625,106.125
,5027,12.625,106.375
1.6068032704531695E-5,5028,12.625,106.625
1.5429841589876135E-5,5029,12.625,106.875
1.8454960323372198E-5,5030,12.625,107.125
1.9836611586286352E-5,5031,12.625,107.375
2.859857384775931E-5,5032,12.625,107.625
2.5482867325732282E-5,5033,12.625,107.875
1.4844329708186543E-5,5034,12.625,108.125
1.982805857617587E-5,5035,12.625,108.375
2.1602885184241577E-5,5036,12.625,108.625
8.891564034500939E-6,5037,12.625,108.875
9.160786626132656E-6,5038,12.625,109.125
1.009099670550287E-5,5039,12.625,109.375
1.1651027323974635E-5,5040,12.875,97.875
1.3757528712100162E-5,5041,12.875,98.125
1.5724989596884354E-5,5042,12.875,98.375
1.95513004793035E-5,5043,12.875,98.625
5.111590063259962E-5,5044,12.875,98.875
1.688613984161109E-5,5045,12.875,99.125
1.6009891712738214E-5,5046,12.875,99.375
2.3414595048208796E-5,5047,12.875,99.625
2.226451100913297E-5,5048,12.875,99.875
1.2967981574805757E-5,5049,12.875,100.125
1.2439940295097346E-5,5050,12.875,100.625
1.6044569295970446E-5,5051,12.875,100.875
2.7605354398366093E-5,5052,12.875,101.125
2.4033974049317744E-5,5053,12.875,101.375
2.2991230333899232E-5,5054,12.875,101.625
1.984525203831425E-5,5055,12.875,101.875
1.6709844639732497E-5,5056,12.875,102.125
1.7121921828989655E-5,5057,12.875,102.375
1.0401171597772942E-5,5058,12.875,102.625
1.6458130867495504E-5,5059,12.875,102.875
2.3974797040028895E-5,5060,12.875,103.125
2.4904338958342325E-5,5061,12.875,103.375
4.037174585391767E-5,5062,12.875,103.625
3.592590138991586E-5,5063,12.875,103.875
2.4873231225196522E-5,5064,12.875,104.125
1.9391212011229483E-5,5065,12.875,104.375
2.848837357305456E-5,5066,12.875,104.625
,5067,12.875,104.875
,5068,12.875,105.125
,5069,12.875,105.375
,5070,12.875,105.625
,5071,12.875,105.875
1.8282523054544293E-5,5072,12.875,106.125
,5073,12.875,106.375
1.5096465790247084E-5,5074,12.875,106.625
1.703178352127781E-5,5075,12.875,106.875
1.872223765531089E-5,5076,12.875,107.125
1.6762695099491275E-5,5077,12.875,107.375
2.248849082935094E-5,5078,12.875,107.625
2.51008037100294E-5,5079,12.875,107.875
1.4161721948269042E-5,5080,12.875,108.125
1.6997315460131128E-5,5081,12.875,108.375
1.627746705661667E-5,5082,12.875,108.625
1.309088206752975E-5,5083,12.875,108.875
1.0848587700303094E-5,5084,12.875,109.125
9.54697947134121E-6,5085,12.875,109.375
1.5232615771024403E-5,5086,13.125,98.125
1.3448009279575678E-5,5087,13.125,98.375
1.6026008806588656E-5,5088,13.125,98.625
1.9360376825254276E-5,5089,13.125,98.875
3.551885080883275E-5,5090,13.125,99.125
1.6878530297245457E-5,5091,13.125,99.375
2.542609279646921E-5,5092,13.125,99.625
2.376068981810759E-5,5093,13.125,99.875
2.0640585284056442E-5,5094,13.125,100.125
3.242508794610325E-5,5095,13.125,100.875
4.4713688841628944E-5,5096,13.125,101.125
2.9405052084220218E-5,5097,13.125,101.375
1.9067972771229686E-5,5098,13.125,101.625
1.464475145783104E-5,5099,13.125,101.875
1.4753638881444695E-5,5100,13.125,102.125
1.1802214953867228E-5,5101,13.125,102.375
2.2192926928614553E-5,5102,13.125,102.625
2.164699954814323E-5,5103,13.125,102.875
2.5373202812922868E-5,5104,13.125,103.125
2.9643110116537122E-5,5105,13.125,103.375
4.955164784845488E-5,5106,13.125,103.625
2.9856307529555647E-5,5107,13.125,103.875
2.451993383084695E-5,5108,13.125,104.125
,5109,13.125,104.375
,5110,13.125,104.625
,5111,13.125,104.875
,5112,13.125,105.125
,5113,13.125,105.375
,5114,13.125,105.625
,5115,13.125,105.875
2.4376364308409393E-5,5116,13.125,106.125
,5117,13.125,106.375
2.0993173078786143E-5,5118,13.125,106.625
1.9191978020689442E-5,5119,13.125,106.875
1.9519461561020114E-5,5120,13.125,107.125
2.239187617763012E-5,5121,13.125,107.375
1.768966813044338E-5,5122,13.125,107.625
1.990943006616726E-5,5123,13.125,107.875
1.890728546185176E-5,5124,13.125,108.125
1.6752833714275092E-5,5125,13.125,108.375
1.8429019315462044E-5,5126,13.125,108.625
1.7188972716726298E-5,5127,13.125,108.875
8.672639339232003E-6,5128,13.125,109.125
1.25280120122463E-5,5129,13.125,109.375
1.1891828244567724E-5,5130,13.375,98.375
2.2216577665614554E-5,5131,13.375,98.625
2.3146478528277267E-5,5132,13.375,98.875
3.986561205238104E-5,5133,13.375,99.125
,5134,13.375,99.375
3.216311480101405E-5,5135,13.375,99.625
2.9456144582733942E-5,5136,13.375,99.875
2.235629298627158E-5,5137,13.375,100.125
1.4685263288434724E-5,5138,13.375,100.375
1.631859885103665E-5,5139,13.375,100.625
2.698960864456775E-5,5140,13.375,100.875
4.996486372726448E-5,5141,13.375,101.125
3.111553201777776E-5,5142,13.375,101.375
2.2077685955251994E-5,5143,13.375,101.625
1.4599365759029375E-5,5144,13.375,101.875
1.3711588210660296E-5,5145,13.375,102.125
2.0048855423611457E-5,5146,13.375,102.375
,5147,13.375,102.625
1.5868625205666238E-5,5148,13.375,102.875
2.247044448094758E-5,5149,13.375,103.125
2.9013936805679435E-5,5150,13.375,103.375
2.4806372774504206E-5,5151,13.375,103.625
2.2210091006923615E-5,5152,13.375,103.875
3.003449912691708E-5,5153,13.375,104.125
,5154,13.375,104.375
,5155,13.375,104.625
,5156,13.375,104.875
,5157,13.375,105.125
,5158,13.375,105.375
,5159,13.375,105.625
,5160,13.375,105.875
2.4376364308409393E-5,5161,13.375,106.125
,5162,13.375,106.375
1.5990881765212147E-5,5163,13.375,106.625
1.8485398836443052E-5,5164,13.375,106.875
1.911047763795151E-5,5165,13.375,107.125
1.785152850494892E-5,5166,13.375,107.375
2.098615707011591E-5,5167,13.375,107.625
2.119401695389809E-5,5168,13.375,107.875
1.9453538698655987E-5,5169,13.375,108.125
1.6175926859636472E-5,5170,13.375,108.375
2.6361038640199148E-5,5171,13.375,108.625
1.608749913711787E-5,5172,13.375,108.875
1.3109284434143826E-5,5173,13.375,109.125
9.351903693742262E-6,5174,13.375,109.375
1.3964779386449327E-5,5175,13.625,98.125
1.612746686373344E-5,5176,13.625,98.375
1.865921982550315E-5,5177,13.625,98.625
2.388729239945031E-5,5178,13.625,98.875
,5179,13.625,99.125
3.542300742239699E-5,5180,13.625,99.375
4.051891597707976E-5,5181,13.625,99.625
3.8789014041195755E-5,5182,13.625,99.875
2.6570095103519167E-5,5183,13.625,100.125
2.7186879185263685E-5,5184,13.625,100.375
3.171295218853443E-5,5185,13.625,100.625
3.149697752887134E-5,5186,13.625,100.875
4.573223405823564E-5,5187,13.625,101.125
4.1965093103625994E-5,5188,13.625,101.375
2.82703718599858E-5,5189,13.625,101.625
2.0057198053287777E-5,5190,13.625,101.875
2.379103355827937E-5,5191,13.625,102.125
2.216595044941346E-5,5192,13.625,102.375
2.558838602949715E-5,5193,13.625,102.625
2.9401585656269864E-5,5194,13.625,102.875
3.0405887120550685E-5,5195,13.625,103.125
2.8531147014745123E-5,5196,13.625,103.375
2.7048823264903697E-5,5197,13.625,103.625
2.6630968860782503E-5,5198,13.625,103.875
2.6693121981224976E-5,5199,13.625,104.125
,5200,13.625,104.375
,5201,13.625,104.625
,5202,13.625,104.875
,5203,13.625,105.125
,5204,13.625,105.375
,5205,13.625,105.625
,5206,13.625,105.875
1.7649279470788315E-5,5207,13.625,106.125
2.096503612050856E-5,5208,13.625,106.375
1.617988720546377E-5,5209,13.625,106.625
1.786032207847983E-5,5210,13.625,106.875
2.342864906506531E-5,5211,13.625,107.125
2.0278839852758483E-5,5212,13.625,107.375
2.17026810362764E-5,5213,13.625,107.625
2.2219087428668263E-5,5214,13.625,107.875
1.9417680174434222E-5,5215,13.625,108.125
1.9166097593233448E-5,5216,13.625,108.375
3.47839878734403E-5,5217,13.625,108.625
1.2738703181234233E-5,5218,13.625,108.875
1.2185871561951607E-5,5219,13.625,109.125
1.394722091935878E-5,5220,13.625,109.375
1.5766075477627733E-5,5221,13.875,97.875
1.633752538097027E-5,5222,13.875,98.125
1.5705604794702088E-5,5223,13.875,98.375
2.6707771992061254E-5,5224,13.875,98.625
3.0455901382416006E-5,5225,13.875,98.875
5.8428717026723745E-5,5226,13.875,99.125
5.3747971663104684E-5,5227,13.875,99.375
4.615110306670473E-5,5228,13.875,99.625
4.173805107293923E-5,5229,13.875,99.875
3.697390773012565E-5,5230,13.875,100.125
5.2066477568715245E-5,5231,13.875,100.375
8.88662775244656E-5,5232,13.875,100.625
4.465332256497182E-5,5233,13.875,100.875
4.0190118861994215E-5,5234,13.875,101.125
4.475398027412186E-5,5235,13.875,101.375
4.757404966837915E-5,5236,13.875,101.625
2.9672525351413562E-5,5237,13.875,101.875
3.0160499907593134E-5,5238,13.875,102.125
2.7500791836223114E-5,5239,13.875,102.375
2.8710627280486883E-5,5240,13.875,102.625
2.7405696671876156E-5,5241,13.875,102.875
2.8590065540243418E-5,5242,13.875,103.125
2.8450866659382904E-5,5243,13.875,103.375
2.968141781496316E-5,5244,13.875,103.625
2.7553069315458177E-5,5245,13.875,103.875
,5246,13.875,104.125
3.049469341931399E-5,5247,13.875,104.375
,5248,13.875,104.625
,5249,13.875,104.875
2.1310217562131584E-5,5250,13.875,105.125
,5251,13.875,105.375
,5252,13.875,105.625
2.1353341217450793E-5,5253,13.875,105.875
2.035144503065212E-5,5254,13.875,106.125
,5255,13.875,106.375
,5256,13.875,106.625
3.589801928703284E-5,5257,13.875,106.875
5.0092806297998916E-5,5258,13.875,107.125
3.137399244628327E-5,5259,13.875,107.375
2.6569730787643533E-5,5260,13.875,107.625
2.130799169143368E-5,5261,13.875,107.875
2.067768902460286E-5,5262,13.875,108.125
1.5958841924298682E-5,5263,13.875,108.375
1.8502558027040415E-5,5264,13.875,108.625
1.4297882893446458E-5,5265,13.875,108.875
1.7325425974451456E-5,5266,13.875,109.125
1.3677396788136974E-5,5267,13.875,109.375
1.662244837978212E-5,5268,14.125,97.875
2.0784917793631834E-5,5269,14.125,98.125
1.7206494053273404E-5,5270,14.125,98.375
3.747110291443384E-5,5271,14.125,98.625
3.594992040469099E-5,5272,14.125,98.875
4.3744698752860233E-5,5273,14.125,99.125
4.389970040868581E-5,5274,14.125,99.375
5.3000343534743574E-5,5275,14.125,99.625
4.584377753699556E-5,5276,14.125,99.875
3.9828413389278855E-5,5277,14.125,100.125
5.188141094180104E-5,5278,14.125,100.375
7.552394837694218E-5,5279,14.125,100.625
4.556606284326463E-5,5280,14.125,100.875
4.2536597733689755E-5,5281,14.125,101.125
4.714707101612995E-5,5282,14.125,101.375
4.044106177675737E-5,5283,14.125,101.625
3.9556851897370394E-5,5284,14.125,101.875
3.240074932437584E-5,5285,14.125,102.125
1.9567695025923042E-5,5286,14.125,102.375
2.7257446146424617E-5,5287,14.125,102.625
2.753570104836152E-5,5288,14.125,102.875
2.8837253312341777E-5,5289,14.125,103.125
2.82792296526594E-5,5290,14.125,103.375
2.5803319967602188E-5,5291,14.125,103.625
2.9586545194328435E-5,5292,14.125,103.875
,5293,14.125,104.125
,5294,14.125,104.375
,5295,14.125,104.625
,5296,14.125,104.875
,5297,14.125,105.125
,5298,14.125,105.375
,5299,14.125,105.625
1.8110026404810106E-5,5300,14.125,105.875
1.728699468672495E-5,5301,14.125,106.125
,5302,14.125,106.375
2.3266329897350733E-5,5303,14.125,106.625
2.855293647464436E-5,5304,14.125,106.875
3.5552466462947344E-5,5305,14.125,107.125
3.349187287887847E-5,5306,14.125,107.375
2.3245513518102324E-5,5307,14.125,107.625
2.2431356170840328E-5,5308,14.125,107.875
2.0449947206818538E-5,5309,14.125,108.125
1.4603576837079464E-5,5310,14.125,108.375
1.1858105198067578E-5,5311,14.125,108.625
1.2332747659945382E-5,5312,14.125,108.875
1.3487950797560765E-5,5313,14.125,109.125
1.2348780644254593E-5,5314,14.125,109.375
1.5604468373060746E-5,5315,14.375,97.875
1.58439419686186E-5,5316,14.375,98.125
1.9952531541668473E-5,5317,14.375,98.375
4.9986683485293494E-5,5318,14.375,98.625
3.898934186440068E-5,5319,14.375,98.875
4.6948862592592595E-5,5320,14.375,99.125
3.8064685052473285E-5,5321,14.375,99.375
5.2759328379810615E-5,5322,14.375,99.625
4.3059382626489394E-5,5323,14.375,99.875
4.5514220792609786E-5,5324,14.375,100.125
4.820945779047376E-5,5325,14.375,100.375
6.251173204684683E-5,5326,14.375,100.625
5.01044763885688E-5,5327,14.375,100.875
3.881771769901598E-5,5328,14.375,101.125
2.6660467096896347E-5,5329,14.375,101.375
1.841488745057548E-5,5330,14.375,101.625
2.6200156932795118E-5,5331,14.375,101.875
2.5082435094164105E-5,5332,14.375,102.125
2.2571670560985958E-5,5333,14.375,102.375
2.3361377043503284E-5,5334,14.375,102.625
2.0532116678911415E-5,5335,14.375,102.875
2.345593901139081E-5,5336,14.375,103.125
2.856522782811306E-5,5337,14.375,103.375
2.8871616937531072E-5,5338,14.375,103.625
2.580704828159963E-5,5339,14.375,103.875
2.4726887770092757E-5,5340,14.375,104.125
2.8066183315527473E-5,5341,14.375,104.375
2.1326602350450892E-5,5342,14.375,104.625
2.52074009213849E-5,5343,14.375,104.875
,5344,14.375,105.125
1.7675740309641697E-5,5345,14.375,105.375
,5346,14.375,105.625
2.0467694082488077E-5,5347,14.375,105.875
,5348,14.375,106.125
1.2528510524134617E-5,5349,14.375,106.375
,5350,14.375,106.625
1.4537577044393402E-5,5351,14.375,106.875
1.2430695479232389E-5,5352,14.375,107.125
1.7893813623231678E-5,5353,14.375,107.375
2.5972059743264028E-5,5354,14.375,107.625
1.6877612508972566E-5,5355,14.375,107.875
1.727632197795469E-5,5356,14.375,108.125
1.7509171709234472E-5,5357,14.375,108.375
1.0757639292654529E-5,5358,14.375,108.625
1.4397335622857503E-5,5359,14.375,108.875
1.589863538030299E-5,5360,14.375,109.125
1.558675659520889E-5,5361,14.625,97.875
2.4671249737359503E-5,5362,14.625,98.125
2.3654964785954134E-5,5363,14.625,98.375
7.712701913691344E-5,5364,14.625,98.625
4.2350573297463E-5,5365,14.625,98.875
3.7524650561894335E-5,5366,14.625,99.125
4.5250403657780435E-5,5367,14.625,99.375
4.931673444607777E-5,5368,14.625,99.625
4.766769269579435E-5,5369,14.625,99.875
4.699896089048712E-5,5370,14.625,100.125
5.284183232584953E-5,5371,14.625,100.375
6.754769351154453E-5,5372,14.625,100.625
6.209847063714017E-5,5373,14.625,100.875
4.6577089226944584E-5,5374,14.625,101.125
2.0198686199234657E-5,5375,14.625,101.375
2.4372946755221607E-5,5376,14.625,101.625
2.3852689564038172E-5,5377,14.625,101.875
3.1666038136228724E-5,5378,14.625,102.125
2.598313621863795E-5,5379,14.625,102.375
2.6846863222879516E-5,5380,14.625,102.625
2.890999646884919E-5,5381,14.625,102.875
3.056986387055836E-5,5382,14.625,103.125
2.5458781035424997E-5,5383,14.625,103.375
2.470773697809758E-5,5384,14.625,103.625
2.5161878509163062E-5,5385,14.625,103.875
3.158080341051737E-5,5386,14.625,104.125
2.237075903329163E-5,5387,14.625,104.375
2.3036662756245566E-5,5388,14.625,104.625
,5389,14.625,104.875
,5390,14.625,105.125
2.09120426006848E-5,5391,14.625,105.375
,5392,14.625,105.625
1.8880574669882832E-5,5393,14.625,105.875
1.812519351071232E-5,5394,14.625,106.125
,5395,14.625,106.375
2.2752742279149494E-5,5396,14.625,106.625
3.1518626116172084E-5,5397,14.625,106.875
2.0660966422708433E-5,5398,14.625,107.125
1.8642286548429372E-5,5399,14.625,107.375
2.1359634308744696E-5,5400,14.625,107.625
2.0813428217863636E-5,5401,14.625,107.875
2.2339112634726315E-5,5402,14.625,108.125
2.1131760005438525E-5,5403,14.625,108.375
1.3466798837680161E-5,5404,14.625,108.625
1.536355881993827E-5,5405,14.625,108.875
2.0256713334541908E-5,5406,14.625,109.125
1.7240763467750196E-5,5407,14.875,97.875
2.716761852224086E-5,5408,14.875,98.125
5.605137485670746E-5,5409,14.875,98.375
3.499755152499916E-5,5410,14.875,98.625
4.112833824826397E-5,5411,14.875,98.875
3.575040200691872E-5,5412,14.875,99.125
5.227899319091444E-5,5413,14.875,99.375
4.735750744598808E-5,5414,14.875,99.625
5.547810974066006E-5,5415,14.875,99.875
5.5566161673439715E-5,5416,14.875,100.125
5.092963547930624E-5,5417,14.875,100.375
5.8108303454604394E-5,5418,14.875,100.625
7.102103393505355E-5,5419,14.875,100.875
5.856423528914615E-5,5420,14.875,101.125
5.9892122630255256E-5,5421,14.875,101.375
3.534457583089778E-5,5422,14.875,101.625
2.861318111206529E-5,5423,14.875,101.875
3.024795825101161E-5,5424,14.875,102.125
3.3494943184138384E-5,5425,14.875,102.375
2.9157404272259616E-5,5426,14.875,102.625
3.3010169512565826E-5,5427,14.875,102.875
3.867578134837384E-5,5428,14.875,103.125
3.664819925820227E-5,5429,14.875,103.375
2.9887388246361676E-5,5430,14.875,103.625
2.9083466371961824E-5,5431,14.875,103.875
2.8945277542967783E-5,5432,14.875,104.125
2.436378776557896E-5,5433,14.875,104.375
2.8365750650568343E-5,5434,14.875,104.625
2.4437074694021903E-5,5435,14.875,104.875
2.6637178464249705E-5,5436,14.875,105.125
2.3259030737736472E-5,5437,14.875,105.375
2.149999187162937E-5,5438,14.875,105.625
2.4584147467976436E-5,5439,14.875,105.875
2.4584147467976436E-5,5440,14.875,106.125
,5441,14.875,106.375
1.7981692962076917E-5,5442,14.875,106.625
2.33354984349901E-5,5443,14.875,106.875
,5444,14.875,107.125
2.0617619899425837E-5,5445,14.875,107.375
1.924539064828126E-5,5446,14.875,107.625
,5447,14.875,107.875
1.5390939105252604E-5,5448,14.875,108.125
1.4948794703764417E-5,5449,14.875,108.375
2.040020945648277E-5,5450,14.875,108.625
1.68221427387496E-5,5451,14.875,108.875
1.41620384855602E-5,5452,14.875,109.125
2.1589371229019072E-5,5453,15.125,97.625
2.0450090757135347E-5,5454,15.125,97.875
4.640734136832935E-5,5455,15.125,98.125
6.432764041634263E-5,5456,15.125,98.375
4.161987406367972E-5,5457,15.125,98.625
3.813116802323173E-5,5458,15.125,98.875
4.459370004592179E-5,5459,15.125,99.125
4.095638636146543E-5,5460,15.125,99.375
4.898609728486251E-5,5461,15.125,99.625
5.257153640788484E-5,5462,15.125,99.875
5.752346639942313E-5,5463,15.125,100.125
5.1158492595960625E-5,5464,15.125,100.375
5.4143131946507404E-5,5465,15.125,100.625
5.005206575067397E-5,5466,15.125,100.875
5.180756638057687E-5,5467,15.125,101.125
4.603557407569476E-5,5468,15.125,101.375
4.4869233661808815E-5,5469,15.125,101.625
2.6564449958688874E-5,5470,15.125,101.875
3.529985581440148E-5,5471,15.125,102.125
3.792479976156963E-5,5472,15.125,102.375
3.338339840389105E-5,5473,15.125,102.625
2.9973028690510013E-5,5474,15.125,102.875
3.73450745739473E-5,5475,15.125,103.125
3.495029185155075E-5,5476,15.125,103.375
3.256702781638272E-5,5477,15.125,103.625
3.153566527231057E-5,5478,15.125,103.875
2.9746586788258797E-5,5479,15.125,104.125
3.0051788978908608E-5,5480,15.125,104.375
3.3517802074653125E-5,5481,15.125,104.625
3.32225754391402E-5,5482,15.125,104.875
2.9297994887540628E-5,5483,15.125,105.125
2.4551943285839724E-5,5484,15.125,105.375
,5485,15.125,105.625
2.23841104842926E-5,5486,15.125,105.875
2.1316449259583057E-5,5487,15.125,106.125
,5488,15.125,106.375
,5489,15.125,106.625
2.054496976706961E-5,5490,15.125,106.875
2.8376189220580272E-5,5491,15.125,107.125
2.8376189220580272E-5,5492,15.125,107.375
,5493,15.125,107.625
,5494,15.125,107.875
1.9254445582066604E-5,5495,15.125,108.125
1.5085625076066715E-5,5496,15.125,108.375
1.506349432249203E-5,5497,15.125,108.625
1.834213741840086E-5,5498,15.125,108.875
1.7432495993302645E-5,5499,15.375,97.625
1.8676531003866666E-5,5500,15.375,97.875
3.552456270507854E-5,5501,15.375,98.125
4.167395337669879E-5,5502,15.375,98.375
,5503,15.375,98.625
,5504,15.375,98.875
7.864505460020155E-5,5505,15.375,99.125
,5506,15.375,99.375
5.4489853609326384E-5,5507,15.375,99.625
5.4372004696974947E-5,5508,15.375,99.875
5.1741572088089674E-5,5509,15.375,100.125
5.533124793335188E-5,5510,15.375,100.375
5.330275360261783E-5,5511,15.375,100.625
5.008889594646561E-5,5512,15.375,100.875
5.4701612753443224E-5,5513,15.375,101.125
4.532836627463676E-5,5514,15.375,101.375
4.444230495295462E-5,5515,15.375,101.625
3.069817304266943E-5,5516,15.375,101.875
3.4490410313068295E-5,5517,15.375,102.125
3.2921939368345376E-5,5518,15.375,102.375
4.1569251236326225E-5,5519,15.375,102.625
3.760351633076654E-5,5520,15.375,102.875
3.535203876115979E-5,5521,15.375,103.125
3.572412967059609E-5,5522,15.375,103.375
4.51332854699222E-5,5523,15.375,103.625
4.563008405966684E-5,5524,15.375,103.875
4.105632729591804E-5,5525,15.375,104.125
3.735278483876337E-5,5526,15.375,104.375
3.684765592398035E-5,5527,15.375,104.625
3.399702488721841E-5,5528,15.375,104.875
2.902256802125134E-5,5529,15.375,105.125
2.440899694573011E-5,5530,15.375,105.375
2.4580370987619536E-5,5531,15.375,105.625
2.195212161755728E-5,5532,15.375,105.875
2.5342479475935175E-5,5533,15.375,106.125
,5534,15.375,106.375
,5535,15.375,106.625
,5536,15.375,106.875
,5537,15.375,107.125
,5538,15.375,107.375
1.7530137483845465E-5,5539,15.375,107.625
,5540,15.375,107.875
,5541,15.375,108.125
,5542,15.375,108.375
2.605544320361402E-5,5543,15.375,108.625
1.866527839314243E-5,5544,15.375,108.875
1.760218987751397E-5,5545,15.375,109.125
1.2314398047439803E-5,5546,15.625,94.875
1.7193807512656253E-5,5547,15.625,95.375
1.848163409438784E-5,5548,15.625,97.625
1.682806276967289E-5,5549,15.625,97.875
3.5803949023055605E-5,5550,15.625,98.125
3.714025109708597E-5,5551,15.625,98.375
4.026209774159014E-5,5552,15.625,98.625
,5553,15.625,98.875
,5554,15.625,99.125
,5555,15.625,99.375
5.407198696888714E-5,5556,15.625,99.625
5.852929959310924E-5,5557,15.625,99.875
5.342580540958112E-5,5558,15.625,100.125
5.0647629456622315E-5,5559,15.625,100.375
5.120699136448763E-5,5560,15.625,100.625
4.871729643948992E-5,5561,15.625,100.875
5.009347006552428E-5,5562,15.625,101.125
3.4865030437715085E-5,5563,15.625,101.375
3.7682739959593344E-5,5564,15.625,101.625
4.781254549169423E-5,5565,15.625,101.875
3.0723761350868395E-5,5566,15.625,102.125
3.242521354682821E-5,5567,15.625,102.375
4.18473978903003E-5,5568,15.625,102.625
3.8249099249490414E-5,5569,15.625,102.875
4.552484092405556E-5,5570,15.625,103.125
3.980018694348459E-5,5571,15.625,103.375
,5572,15.625,103.625
,5573,15.625,103.875
3.925327134175302E-5,5574,15.625,104.125
3.5832102722786906E-5,5575,15.625,104.375
3.8254565754114465E-5,5576,15.625,104.625
,5577,15.625,104.875
2.8102443888202477E-5,5578,15.625,105.125
2.647509877052673E-5,5579,15.625,105.375
2.489929465809837E-5,5580,15.625,105.625
,5581,15.625,105.875
,5582,15.625,106.125
3.182655564160086E-5,5583,15.625,106.375
,5584,15.625,106.625
,5585,15.625,106.875
,5586,15.625,107.125
,5587,15.625,107.375
,5588,15.625,107.625
,5589,15.625,107.875
1.9345225155120715E-5,5590,15.625,108.125
,5591,15.625,108.375
2.5555625535997114E-5,5592,15.625,108.625
1.3222604681410525E-5,5593,15.875,94.125
1.507048144363353E-5,5594,15.875,94.375
1.5351535804513648E-5,5595,15.875,94.625
1.8940416241613942E-5,5596,15.875,94.875
2.007271582173214E-5,5597,15.875,95.125
2.1549143289725093E-5,5598,15.875,95.375
1.799209414252664E-5,5599,15.875,95.625
2.0237752913494784E-5,5600,15.875,97.625
1.939830075783207E-5,5601,15.875,97.875
2.0695899017420845E-5,5602,15.875,98.125
3.474915273155962E-5,5603,15.875,98.375
3.623726389366344E-5,5604,15.875,98.625
5.44593352595858E-5,5605,15.875,98.875
5.717686431862991E-5,5606,15.875,99.125
5.28045881461973E-5,5607,15.875,99.375
6.259216692613073E-5,5608,15.875,99.625
5.2552541058793717E-5,5609,15.875,99.875
5.086920930724017E-5,5610,15.875,100.125
5.400557861303586E-5,5611,15.875,100.375
5.208968135589995E-5,5612,15.875,100.625
4.395849505319831E-5,5613,15.875,100.875
4.378529026086752E-5,5614,15.875,101.125
3.454200417266356E-5,5615,15.875,101.375
3.500787424197855E-5,5616,15.875,101.625
3.608996870089185E-5,5617,15.875,101.875
4.135394781566254E-5,5618,15.875,102.125
2.9582691074182772E-5,5619,15.875,102.375
3.270817428604468E-5,5620,15.875,102.625
3.299364659288284E-5,5621,15.875,102.875
3.4115801392937106E-5,5622,15.875,103.125
3.493337766761003E-5,5623,15.875,103.375
3.707412483119109E-5,5624,15.875,103.625
3.633877247936906E-5,5625,15.875,103.875
4.0512217250351526E-5,5626,15.875,104.125
3.9531254880774464E-5,5627,15.875,104.375
3.172813332357302E-5,5628,15.875,104.625
,5629,15.875,104.875
,5630,15.875,105.125
,5631,15.875,105.375
,5632,15.875,105.625
,5633,15.875,105.875
,5634,15.875,106.125
,5635,15.875,106.375
,5636,15.875,106.625
,5637,15.875,106.875
,5638,15.875,107.125
,5639,15.875,107.375
,5640,15.875,107.625
,5641,15.875,107.875
,5642,15.875,108.125
1.98312935832864E-5,5643,15.875,108.375
1.929112242329879E-5,5644,15.875,108.625
1.5234573405004204E-5,5645,16.125,94.125
2.3824720950520838E-5,5646,16.125,94.375
2.0864783465316E-5,5647,16.125,94.625
2.56094491721257E-5,5648,16.125,94.875
2.5331650641199005E-5,5649,16.125,95.125
2.285500327552557E-5,5650,16.125,95.375
2.0805947688796583E-5,5651,16.125,95.625
2.2489692849000633E-5,5652,16.125,95.875
2.1332738078909556E-5,5653,16.125,96.125
1.5792519784567215E-5,5654,16.125,97.375
1.764445681185575E-5,5655,16.125,97.625
1.6449635544877706E-5,5656,16.125,97.875
2.3963665053071656E-5,5657,16.125,98.125
3.472731461360113E-5,5658,16.125,98.375
7.42241263669878E-5,5659,16.125,98.625
4.6531638539856724E-5,5660,16.125,98.875
6.318800670861436E-5,5661,16.125,99.125
6.064796612916931E-5,5662,16.125,99.375
6.753356768512913E-5,5663,16.125,99.625
6.407447867880805E-5,5664,16.125,99.875
6.40814012432869E-5,5665,16.125,100.125
5.740480433092856E-5,5666,16.125,100.375
4.979628019754717E-5,5667,16.125,100.625
3.7804267529516755E-5,5668,16.125,100.875
4.208479221152797E-5,5669,16.125,101.125
2.8687613887184476E-5,5670,16.125,101.375
2.8058220417655222E-5,5671,16.125,101.625
2.9538590949837727E-5,5672,16.125,101.875
2.587663547657735E-5,5673,16.125,102.125
2.9878417567041275E-5,5674,16.125,102.375
3.352822409935085E-5,5675,16.125,102.625
3.3887527039395026E-5,5676,16.125,102.875
3.51837505997977E-5,5677,16.125,103.125
3.445152675289073E-5,5678,16.125,103.375
4.093629141476575E-5,5679,16.125,103.625
4.147123578670561E-5,5680,16.125,103.875
3.059393702136128E-5,5681,16.125,104.125
3.407609643556387E-5,5682,16.125,104.375
,5683,16.125,104.625
,5684,16.125,104.875
,5685,16.125,105.125
,5686,16.125,105.375
,5687,16.125,105.625
,5688,16.125,105.875
,5689,16.125,106.125
,5690,16.125,106.375
,5691,16.125,106.625
,5692,16.125,106.875
,5693,16.125,107.125
,5694,16.125,107.375
,5695,16.125,107.625
,5696,16.125,107.875
,5697,16.125,108.125
1.9933757357648574E-5,5698,16.125,108.375
1.5719258971273198E-5,5699,16.375,94.125
2.188848910332348E-5,5700,16.375,94.375
2.3509594286525557E-5,5701,16.375,94.625
2.4225004547642474E-5,5702,16.375,94.875
2.1057642283179697E-5,5703,16.375,95.125
2.2294389874719145E-5,5704,16.375,95.375
2.188831233018249E-5,5705,16.375,95.625
2.3698724549987603E-5,5706,16.375,95.875
1.9421464893456734E-5,5707,16.375,96.125
2.0575291035255508E-5,5708,16.375,96.375
1.9676346288516396E-5,5709,16.375,96.625
1.3961609179733027E-5,5710,16.375,97.375
1.5774990266100764E-5,5711,16.375,97.625
2.0637648155845922E-5,5712,16.375,97.875
2.492549001378406E-5,5713,16.375,98.125
3.5135095322292114E-5,5714,16.375,98.375
4.536152846412733E-5,5715,16.375,98.625
4.5180113490299845E-5,5716,16.375,98.875
6.602682415615152E-5,5717,16.375,99.125
5.0702539208609786E-5,5718,16.375,99.375
7.29947402347205E-5,5719,16.375,99.625
6.25311145892943E-5,5720,16.375,99.875
6.148714064976759E-5,5721,16.375,100.125
5.4324999460872E-5,5722,16.375,100.375
5.019964789457649E-5,5723,16.375,100.625
4.086679690876418E-5,5724,16.375,100.875
3.881995041971356E-5,5725,16.375,101.125
2.4584930205715014E-5,5726,16.375,101.375
3.8884836031659926E-5,5727,16.375,101.625
2.8409567827209032E-5,5728,16.375,101.875
2.9999414423109377E-5,5729,16.375,102.125
2.956711660427142E-5,5730,16.375,102.375
3.6554923713432576E-5,5731,16.375,102.625
3.0991546805500735E-5,5732,16.375,102.875
3.4030411654193797E-5,5733,16.375,103.125
3.572671628784392E-5,5734,16.375,103.375
3.308293850646818E-5,5735,16.375,103.625
3.559107567082364E-5,5736,16.375,103.875
3.821647713441257E-5,5737,16.375,104.125
3.2125866709975526E-5,5738,16.375,104.375
,5739,16.375,104.625
2.883675787141553E-5,5740,16.375,104.875
,5741,16.375,105.125
,5742,16.375,105.375
,5743,16.375,105.625
,5744,16.375,105.875
,5745,16.375,106.125
2.0799360684647512E-5,5746,16.375,106.375
,5747,16.375,106.625
,5748,16.375,106.875
,5749,16.375,107.125
,5750,16.375,107.375
,5751,16.375,107.625
,5752,16.375,107.875
,5753,16.375,108.125
1.6587304343567226E-5,5754,16.625,94.125
1.5417623310068752E-5,5755,16.625,94.375
3.389773969170312E-5,5756,16.625,94.625
2.581789203454405E-5,5757,16.625,94.875
2.013527372834321E-5,5758,16.625,95.125
2.9274863428765366E-5,5759,16.625,95.375
3.0526790166901845E-5,5760,16.625,95.625
2.169710132009638E-5,5761,16.625,95.875
2.5665597910886325E-5,5762,16.625,96.125
2.064760023825689E-5,5763,16.625,96.375
1.6716055536570304E-5,5764,16.625,96.625
1.822268703638628E-5,5765,16.625,96.875
1.902122616085191E-5,5766,16.625,97.125
1.366770761272856E-5,5767,16.625,97.375
1.6852873525686688E-5,5768,16.625,97.625
2.7262731557843916E-5,5769,16.625,97.875
2.7795775301321865E-5,5770,16.625,98.125
2.578236104592929E-5,5771,16.625,98.375
4.5932672184844326E-5,5772,16.625,98.625
4.927081989752303E-5,5773,16.625,98.875
,5774,16.625,99.125
5.336592432789182E-5,5775,16.625,99.375
6.327707286922691E-5,5776,16.625,99.625
6.456802445690667E-5,5777,16.625,99.875
5.301359141086106E-5,5778,16.625,100.125
4.1461625547995634E-5,5779,16.625,100.375
4.28374145161174E-5,5780,16.625,100.625
3.5200983669108714E-5,5781,16.625,100.875
3.461600480500175E-5,5782,16.625,101.125
3.366845915183562E-5,5783,16.625,101.375
2.9599204333046765E-5,5784,16.625,101.625
2.7460022717415037E-5,5785,16.625,101.875
2.7834315921134547E-5,5786,16.625,102.125
2.7087359740107786E-5,5787,16.625,102.375
3.32824195422042E-5,5788,16.625,102.625
3.924482692158543E-5,5789,16.625,102.875
3.3681148801877644E-5,5790,16.625,103.125
2.9049598999471436E-5,5791,16.625,103.375
2.948642398473102E-5,5792,16.625,103.625
3.033807488876003E-5,5793,16.625,103.875
3.003353922153935E-5,5794,16.625,104.125
2.9316367542694337E-5,5795,16.625,104.375
,5796,16.625,104.625
,5797,16.625,104.875
,5798,16.625,105.125
,5799,16.625,105.375
,5800,16.625,105.625
,5801,16.625,105.875
,5802,16.625,106.125
,5803,16.625,106.375
3.9310422710299565E-5,5804,16.625,106.625
3.674330946523696E-5,5805,16.625,106.875
,5806,16.625,107.125
,5807,16.625,107.375
,5808,16.625,107.625
1.7865813601859738E-5,5809,16.875,94.125
2.1744830472110033E-5,5810,16.875,94.375
2.3303363326269827E-5,5811,16.875,94.625
2.7389349044861348E-5,5812,16.875,94.875
2.5607113732008112E-5,5813,16.875,95.125
3.380209353380331E-5,5814,16.875,95.375
2.866530155849021E-5,5815,16.875,95.625
2.5679145839253393E-5,5816,16.875,95.875
4.396379969499633E-5,5817,16.875,96.125
2.3244114144628106E-5,5818,16.875,96.375
2.0748811185469584E-5,5819,16.875,96.625
1.7529179833711132E-5,5820,16.875,96.875
1.8925634921592413E-5,5821,16.875,97.125
1.6106873244747408E-5,5822,16.875,97.375
2.080764073499396E-5,5823,16.875,97.625
2.0267542517811017E-5,5824,16.875,97.875
2.7576859302457117E-5,5825,16.875,98.125
3.113613845803624E-5,5826,16.875,98.375
3.5691082869764945E-5,5827,16.875,98.625
4.128920980000926E-5,5828,16.875,98.875
6.114806680980651E-5,5829,16.875,99.125
5.4510001515425126E-5,5830,16.875,99.375
5.550721960601205E-5,5831,16.875,99.625
5.604736578212602E-5,5832,16.875,99.875
5.320074091745964E-5,5833,16.875,100.125
4.650554908952394E-5,5834,16.875,100.375
4.3216883463168576E-5,5835,16.875,100.625
3.860854325222009E-5,5836,16.875,100.875
3.312560690890346E-5,5837,16.875,101.125
3.2196100231818953E-5,5838,16.875,101.375
3.064517038248095E-5,5839,16.875,101.625
1.7458639929854337E-5,5840,16.875,101.875
2.637875054517878E-5,5841,16.875,102.125
2.854225636155768E-5,5842,16.875,102.375
3.183538615489326E-5,5843,16.875,102.625
4.210272280855181E-5,5844,16.875,102.875
3.192204179357614E-5,5845,16.875,103.125
2.5649211238487624E-5,5846,16.875,103.375
2.8643984502188394E-5,5847,16.875,103.625
2.8958828208056646E-5,5848,16.875,103.875
2.9097770973701774E-5,5849,16.875,104.125
2.841945996982185E-5,5850,16.875,104.375
,5851,16.875,104.625
,5852,16.875,104.875
,5853,16.875,105.125
,5854,16.875,105.375
,5855,16.875,105.625
,5856,16.875,105.875
,5857,16.875,106.125
,5858,16.875,106.375
,5859,16.875,106.625
,5860,16.875,106.875
,5861,16.875,107.125
,5862,16.875,107.375
2.7685350332939372E-5,5863,17.125,94.375
3.362951612559121E-5,5864,17.125,94.625
4.149446900562359E-5,5865,17.125,94.875
3.562938345196211E-5,5866,17.125,95.125
3.286384907690862E-5,5867,17.125,95.375
2.978510969724395E-5,5868,17.125,95.625
4.178884642188824E-5,5869,17.125,95.875
6.178608163965444E-5,5870,17.125,96.125
2.4016197528372963E-5,5871,17.125,96.375
2.128377927650607E-5,5872,17.125,96.625
1.3264275497934696E-5,5873,17.125,96.875
1.7732675582601515E-5,5874,17.125,97.125
2.0689141790590328E-5,5875,17.125,97.375
2.394290116384731E-5,5876,17.125,97.625
2.296797000958545E-5,5877,17.125,97.875
4.062764272205356E-5,5878,17.125,98.125
4.3532245890056766E-5,5879,17.125,98.375
2.7889687157662335E-5,5880,17.125,98.625
2.9820550861452484E-5,5881,17.125,98.875
5.16975641968554E-5,5882,17.125,99.125
5.044503342042061E-5,5883,17.125,99.375
5.072860294373817E-5,5884,17.125,99.625
5.083994137176114E-5,5885,17.125,99.875
5.472777748481447E-5,5886,17.125,100.125
4.557450383661692E-5,5887,17.125,100.375
4.466701499303603E-5,5888,17.125,100.625
3.6041655391997064E-5,5889,17.125,100.875
4.0047345875145945E-5,5890,17.125,101.125
4.8827736254707536E-5,5891,17.125,101.375
4.5640040758238754E-5,5892,17.125,101.625
2.5627850639412157E-5,5893,17.125,101.875
3.1742139593849306E-5,5894,17.125,102.125
2.9751526349413606E-5,5895,17.125,102.375
1.9517058053871392E-5,5896,17.125,102.625
3.426430218333441E-5,5897,17.125,102.875
3.9534955619417546E-5,5898,17.125,103.125
3.189905475635166E-5,5899,17.125,103.375
2.4546089880846233E-5,5900,17.125,103.625
1.9328388096828056E-5,5901,17.125,103.875
,5902,17.125,104.125
4.1587820305721834E-5,5903,17.125,104.375
2.8371214747831764E-5,5904,17.125,104.625
2.4950680032710962E-5,5905,17.125,104.875
2.1254434614093043E-5,5906,17.125,105.125
,5907,17.125,105.375
,5908,17.125,105.625
,5909,17.125,105.875
,5910,17.125,106.125
,5911,17.125,106.375
,5912,17.125,106.625
,5913,17.125,106.875
,5914,17.125,107.125
,5915,17.125,107.375
2.8383451238576682E-5,5916,17.375,94.375
3.593852833633132E-5,5917,17.375,94.625
3.919210550291959E-5,5918,17.375,94.875
3.328589485557991E-5,5919,17.375,95.125
3.325380537756275E-5,5920,17.375,95.375
3.525659898853103E-5,5921,17.375,95.625
4.638838632026826E-5,5922,17.375,95.875
3.1533948139935336E-5,5923,17.375,96.125
2.5040534181853886E-5,5924,17.375,96.375
1.9578239921336424E-5,5925,17.375,96.625
1.5127578510991633E-5,5926,17.375,96.875
1.941298670762355E-5,5927,17.375,97.125
2.3069478347940108E-5,5928,17.375,97.375
2.5206584607751618E-5,5929,17.375,97.625
2.602762872839724E-5,5930,17.375,97.875
5.071400268653381E-5,5931,17.375,98.125
3.2065745466222855E-5,5932,17.375,98.375
2.7002115816967663E-5,5933,17.375,98.625
2.4965734187633875E-5,5934,17.375,98.875
4.816120185218905E-5,5935,17.375,99.125
4.645444413473298E-5,5936,17.375,99.375
4.940809959044108E-5,5937,17.375,99.625
4.718879826976504E-5,5938,17.375,99.875
4.715140345619036E-5,5939,17.375,100.125
4.1644682318402784E-5,5940,17.375,100.375
3.832749465668658E-5,5941,17.375,100.625
3.554129265254559E-5,5942,17.375,100.875
3.512661173389297E-5,5943,17.375,101.125
3.868419209833478E-5,5944,17.375,101.375
4.697727488620285E-5,5945,17.375,101.625
3.343548296330415E-5,5946,17.375,101.875
3.115814394286538E-5,5947,17.375,102.125
4.096840498988253E-5,5948,17.375,102.375
4.152218141788629E-5,5949,17.375,102.625
3.757156464256981E-5,5950,17.375,102.875
3.4046298772880465E-5,5951,17.375,103.125
3.328488666676149E-5,5952,17.375,103.375
2.1257259043692357E-5,5953,17.375,103.625
2.5754534081733555E-5,5954,17.375,103.875
,5955,17.375,104.125
2.316707367580772E-5,5956,17.375,104.375
2.495564453164119E-5,5957,17.375,104.625
1.8679711982504832E-5,5958,17.375,104.875
1.8974465141431253E-5,5959,17.375,105.125
2.3486073273448054E-5,5960,17.375,105.375
,5961,17.375,105.625
,5962,17.375,105.875
,5963,17.375,106.125
,5964,17.375,106.375
,5965,17.375,106.625
,5966,17.375,106.875
4.395927549301511E-5,5967,17.625,94.625
3.2662024123396016E-5,5968,17.625,94.875
3.5557666392985897E-5,5969,17.625,95.125
3.322598760416071E-5,5970,17.625,95.375
3.4011845689573895E-5,5971,17.625,95.625
3.6541954511162074E-5,5972,17.625,95.875
3.174112090133934E-5,5973,17.625,96.125
4.499119112972812E-5,5974,17.625,96.375
2.094412379780337E-5,5975,17.625,96.625
2.1658387628763507E-5,5976,17.625,96.875
2.4660165425835307E-5,5977,17.625,97.125
3.1813054411837E-5,5978,17.625,97.375
4.484442443848207E-5,5979,17.625,97.625
3.289940487251277E-5,5980,17.625,97.875
2.1413278295363072E-5,5981,17.625,98.125
2.4278235458350544E-5,5982,17.625,98.375
3.638284195281136E-5,5983,17.625,98.625
4.158408377486503E-5,5984,17.625,98.875
3.418680120735232E-5,5985,17.625,99.125
4.216578327272759E-5,5986,17.625,99.375
4.531522271009908E-5,5987,17.625,99.625
4.040108291346987E-5,5988,17.625,99.875
4.144731392161666E-5,5989,17.625,100.125
4.391282139196061E-5,5990,17.625,100.375
4.4133047563877905E-5,5991,17.625,100.625
5.513641785229908E-5,5992,17.625,100.875
2.711791992801037E-5,5993,17.625,101.125
3.943013201474911E-5,5994,17.625,101.375
5.0202926034338456E-5,5995,17.625,101.625
3.102102860148249E-5,5996,17.625,101.875
2.3391217837342992E-5,5997,17.625,102.125
3.982855616091037E-5,5998,17.625,102.375
4.280059017564746E-5,5999,17.625,102.625
4.081957539564136E-5,6000,17.625,102.875
3.9018180436537386E-5,6001,17.625,103.125
3.6093682441391587E-5,6002,17.625,103.375
3.244364493315865E-5,6003,17.625,103.625
3.643234506492816E-5,6004,17.625,103.875
2.735125847473021E-5,6005,17.625,104.125
2.891625886935975E-5,6006,17.625,104.375
2.4478815784044123E-5,6007,17.625,104.625
1.9322727500086915E-5,6008,17.625,104.875
1.9435629061647315E-5,6009,17.625,105.125
1.9274031772241056E-5,6010,17.625,105.375
2.4791188013898633E-5,6011,17.625,105.625
2.4873415895854123E-5,6012,17.625,105.875
,6013,17.625,106.125
,6014,17.625,106.375
,6015,17.625,106.625
3.752122789607404E-5,6016,17.875,94.375
4.186798625434001E-5,6017,17.875,94.625
2.913734712369429E-5,6018,17.875,94.875
3.2785672177927616E-5,6019,17.875,95.125
3.4164540609745995E-5,6020,17.875,95.375
4.128805230060438E-5,6021,17.875,95.625
3.0504901934014296E-5,6022,17.875,95.875
3.052392726975818E-5,6023,17.875,96.125
3.140817386535658E-5,6024,17.875,96.375
2.765910154532274E-5,6025,17.875,96.625
3.356491382834987E-5,6026,17.875,96.875
3.0497823148583556E-5,6027,17.875,97.125
4.3308278207016756E-5,6028,17.875,97.375
2.8587754868071757E-5,6029,17.875,97.625
3.863699624844488E-5,6030,17.875,97.875
2.5096539610465667E-5,6031,17.875,98.125
2.8909653319733982E-5,6032,17.875,98.375
4.083274224614781E-5,6033,17.875,98.625
3.900026432587685E-5,6034,17.875,98.875
3.9400644795633494E-5,6035,17.875,99.125
3.883228834587113E-5,6036,17.875,99.375
5.0249854180895726E-5,6037,17.875,99.625
3.966277252251691E-5,6038,17.875,99.875
3.944297646811767E-5,6039,17.875,100.125
4.509863915050302E-5,6040,17.875,100.375
4.695009950531827E-5,6041,17.875,100.625
6.433016463480105E-5,6042,17.875,100.875
,6043,17.875,101.125
3.5570843534119846E-5,6044,17.875,101.375
3.5886067219924744E-5,6045,17.875,101.625
3.0975840189756914E-5,6046,17.875,101.875
3.6834208326854926E-5,6047,17.875,102.125
4.305002521514477E-5,6048,17.875,102.375
4.0970073167654494E-5,6049,17.875,102.625
4.022304335026568E-5,6050,17.875,102.875
3.713144254196123E-5,6051,17.875,103.125
3.348515213142944E-5,6052,17.875,103.375
2.9652311110882746E-5,6053,17.875,103.625
2.6557757059480572E-5,6054,17.875,103.875
2.669749511807428E-5,6055,17.875,104.125
2.5599664896181173E-5,6056,17.875,104.375
2.7693547529951063E-5,6057,17.875,104.625
2.4693827859600034E-5,6058,17.875,104.875
2.658382639473054E-5,6059,17.875,105.125
2.01091625595216E-5,6060,17.875,105.375
1.3809834854328074E-5,6061,17.875,105.625
,6062,17.875,105.875
,6063,17.875,106.125
,6064,17.875,106.375
,6065,17.875,106.625
3.9527525043741356E-5,6066,18.125,94.125
4.386733429097163E-5,6067,18.125,94.375
3.91677887248943E-5,6068,18.125,94.625
3.458560641541764E-5,6069,18.125,94.875
3.70746649309933E-5,6070,18.125,95.125
3.7844223971411064E-5,6071,18.125,95.375
3.045859649771947E-5,6072,18.125,95.625
2.8017677068347453E-5,6073,18.125,95.875
2.320886470779873E-5,6074,18.125,96.125
2.7178579134029347E-5,6075,18.125,96.375
2.2855731294341178E-5,6076,18.125,96.625
3.1046489553637436E-5,6077,18.125,96.875
2.9192742979777197E-5,6078,18.125,97.125
4.32002414749715E-5,6079,18.125,97.375
1.0877524883272537E-4,6080,18.125,97.625
3.580612085248466E-5,6081,18.125,97.875
3.1178556488222885E-5,6082,18.125,98.125
3.1272960891612E-5,6083,18.125,98.375
4.553402119505919E-5,6084,18.125,98.625
4.00033346775291E-5,6085,18.125,98.875
4.352232518110719E-5,6086,18.125,99.125
4.959381304594018E-5,6087,18.125,99.375
6.555921473391091E-5,6088,18.125,99.625
4.559995544896165E-5,6089,18.125,99.875
4.959517459146154E-5,6090,18.125,100.125
5.4598815433899747E-5,6091,18.125,100.375
4.5078315193693666E-5,6092,18.125,100.625
4.879265892336224E-5,6093,18.125,100.875
5.6406534060056075E-5,6094,18.125,101.125
7.000705954851583E-5,6095,18.125,101.375
5.717865090233876E-5,6096,18.125,101.625
5.8650279230649124E-5,6097,18.125,101.875
4.482503611609467E-5,6098,18.125,102.125
3.7525619245130146E-5,6099,18.125,102.375
4.20862991326697E-5,6100,18.125,102.625
3.821612077551064E-5,6101,18.125,102.875
3.4167612664715123E-5,6102,18.125,103.125
3.0669561059957995E-5,6103,18.125,103.375
2.9136323688406093E-5,6104,18.125,103.625
3.0333555361991382E-5,6105,18.125,103.875
2.752324459700739E-5,6106,18.125,104.125
2.770283210681028E-5,6107,18.125,104.375
2.3416591533933213E-5,6108,18.125,104.625
2.1264555753706776E-5,6109,18.125,104.875
2.3407730758185478E-5,6110,18.125,105.125
,6111,18.125,105.375
,6112,18.125,105.625
,6113,18.125,105.875
,6114,18.125,106.125
,6115,18.125,106.375
3.0181482660914662E-5,6116,18.375,93.875
5.313946131512272E-5,6117,18.375,94.375
4.712351939673969E-5,6118,18.375,94.625
4.6485122142124126E-5,6119,18.375,94.875
5.214588200936944E-5,6120,18.375,95.125
4.3849652406623604E-5,6121,18.375,95.375
3.213135025538395E-5,6122,18.375,95.625
3.007303094211402E-5,6123,18.375,95.875
2.5107069141822193E-5,6124,18.375,96.125
3.325680137247867E-5,6125,18.375,96.375
2.5301169898529897E-5,6126,18.375,96.625
2.4173609894329176E-5,6127,18.375,96.875
1.91774134823669E-5,6128,18.375,97.125
7.864497175730426E-5,6129,18.375,97.375
3.5302137805501794E-5,6130,18.375,97.625
3.6504008840033206E-5,6131,18.375,97.875
2.500023626120591E-5,6132,18.375,98.125
2.9453356109447056E-5,6133,18.375,98.375
4.129605999963452E-5,6134,18.375,98.625
3.9645839382134034E-5,6135,18.375,98.875
5.083179510196244E-5,6136,18.375,99.125
5.1413854817377016E-5,6137,18.375,99.375
5.524662376077305E-5,6138,18.375,99.625
1.5161901264399688E-4,6139,18.375,99.875
4.993528050842473E-5,6140,18.375,100.125
5.094396523324933E-5,6141,18.375,100.375
5.2686384040135234E-5,6142,18.375,100.625
4.606761754078014E-5,6143,18.375,100.875
4.315388816636493E-5,6144,18.375,101.125
6.074086597563514E-5,6145,18.375,101.375
8.768094579979132E-5,6146,18.375,101.625
1.1483490904519608E-4,6147,18.375,101.875
1.7798016596731728E-4,6148,18.375,102.125
2.0371138317636252E-4,6149,18.375,102.375
4.743811087835327E-5,6150,18.375,102.625
4.108779762841728E-5,6151,18.375,102.875
4.390735429139596E-5,6152,18.375,103.125
3.273827725359268E-5,6153,18.375,103.375
3.002628392377135E-5,6154,18.375,103.625
3.0328098104061595E-5,6155,18.375,103.875
5.916980788835084E-5,6156,18.375,104.125
3.805874768671575E-5,6157,18.375,104.375
7.336237266073958E-5,6158,18.375,104.625
7.800959321979099E-5,6159,18.375,104.875
5.059325121692382E-5,6160,18.375,105.125
,6161,18.375,105.375
,6162,18.375,105.625
,6163,18.375,105.875
,6164,18.375,106.125
3.2108716131916156E-5,6165,18.625,93.625
3.675476237260658E-5,6166,18.625,93.875
4.838556302164629E-5,6167,18.625,94.125
5.6373630800955494E-5,6168,18.625,94.375
5.256792703962717E-5,6169,18.625,94.625
5.023606901591365E-5,6170,18.625,94.875
4.546293211888151E-5,6171,18.625,95.125
4.1934774813841906E-5,6172,18.625,95.375
3.155221913794257E-5,6173,18.625,95.625
2.9409098270139644E-5,6174,18.625,95.875
3.14689305348688E-5,6175,18.625,96.125
4.663574371672758E-5,6176,18.625,96.375
2.6383978850346737E-5,6177,18.625,96.625
2.216627220115654E-5,6178,18.625,96.875
1.950764393987024E-5,6179,18.625,97.125
3.123585170674676E-5,6180,18.625,97.375
2.782292294731838E-5,6181,18.625,97.625
2.9973956334848148E-5,6182,18.625,97.875
2.801622736116562E-5,6183,18.625,98.125
3.0526414706948515E-5,6184,18.625,98.375
4.285483836269981E-5,6185,18.625,98.625
3.5531377390371296E-5,6186,18.625,98.875
5.3484852004140435E-5,6187,18.625,99.125
5.569971290087912E-5,6188,18.625,99.375
5.673351920313172E-5,6189,18.625,99.625
7.421786522005761E-5,6190,18.625,99.875
5.444163333702325E-5,6191,18.625,100.125
4.7179950279409466E-5,6192,18.625,100.375
5.332296243192017E-5,6193,18.625,100.625
4.250128378367202E-5,6194,18.625,100.875
4.878474078222783E-5,6195,18.625,101.125
8.398586942348629E-5,6196,18.625,101.375
9.888535800270585E-5,6197,18.625,101.625
2.1330124914519365E-4,6198,18.625,101.875
1.9633111177796175E-4,6199,18.625,102.125
1.5610842785699635E-4,6200,18.625,102.375
4.616747127717311E-5,6201,18.625,102.625
6.087759668006799E-5,6202,18.625,102.875
4.179715127668281E-5,6203,18.625,103.125
3.1058244161616435E-5,6204,18.625,103.375
4.3875519639653534E-5,6205,18.625,103.625
5.6852818003007395E-5,6206,18.625,103.875
5.258176467868865E-5,6207,18.625,104.125
3.9438203833796404E-5,6208,18.625,104.375
,6209,18.625,104.625
3.9778310567393435E-5,6210,18.625,104.875
4.256802340454894E-5,6211,18.625,105.125
,6212,18.625,105.375
,6213,18.625,105.625
,6214,18.625,105.875
3.299765783525436E-5,6215,18.875,93.375
4.1000363245673334E-5,6216,18.875,93.625
5.338986899045141E-5,6217,18.875,93.875
5.760263251937213E-5,6218,18.875,94.125
6.033069412619981E-5,6219,18.875,94.375
4.9754221898604036E-5,6220,18.875,94.625
5.4828259563772715E-5,6221,18.875,94.875
5.446158341718408E-5,6222,18.875,95.125
5.324179664446446E-5,6223,18.875,95.375
3.428771313631239E-5,6224,18.875,95.625
9.365573491665495E-5,6225,18.875,95.875
6.034188788944355E-5,6226,18.875,96.125
3.097925655085412E-5,6227,18.875,96.375
2.9277347356690873E-5,6228,18.875,96.625
1.927744207330356E-5,6229,18.875,96.875
2.2098737723286736E-5,6230,18.875,97.125
2.8839495742658566E-5,6231,18.875,97.375
3.0496660984136366E-5,6232,18.875,97.625
3.846082850944221E-5,6233,18.875,97.875
3.7547924043830586E-5,6234,18.875,98.125
4.051132438302512E-5,6235,18.875,98.375
6.788959517485813E-5,6236,18.875,98.625
5.366778592935908E-5,6237,18.875,98.875
3.8391159568849256E-5,6238,18.875,99.125
3.468076599523163E-5,6239,18.875,99.375
5.743878213886559E-5,6240,18.875,99.625
5.262012532466686E-5,6241,18.875,99.875
5.7184202887583524E-5,6242,18.875,100.125
6.27440622106621E-5,6243,18.875,100.375
6.192517243272295E-5,6244,18.875,100.625
4.958177577947168E-5,6245,18.875,100.875
4.658983285549339E-5,6246,18.875,101.125
,6247,18.875,101.375
1.0166266268696942E-4,6248,18.875,101.625
2.783917267894412E-4,6249,18.875,101.875
4.470445427668606E-4,6250,18.875,102.125
1.7060470736061966E-4,6251,18.875,102.375
6.46125768659231E-5,6252,18.875,102.625
4.181536515735221E-5,6253,18.875,102.875
3.435349208302796E-5,6254,18.875,103.125
6.431946636825748E-5,6255,18.875,103.375
9.931991067141968E-5,6256,18.875,103.625
1.3250288317068058E-4,6257,18.875,103.875
3.9127841032152626E-5,6258,18.875,104.125
6.785486245104559E-5,6259,18.875,104.375
1.8253273512610065E-5,6260,18.875,104.625
,6261,18.875,104.875
,6262,18.875,105.125
,6263,18.875,105.375
,6264,18.875,105.625
,6265,18.875,105.875
4.509640844837888E-5,6266,19.125,93.625
5.7696416241907774E-5,6267,19.125,93.875
6.314124207978029E-5,6268,19.125,94.125
6.010439276070511E-5,6269,19.125,94.375
5.021062935621584E-5,6270,19.125,94.625
5.5241439826738135E-5,6271,19.125,94.875
5.1932279008785094E-5,6272,19.125,95.125
5.029953395313755E-5,6273,19.125,95.375
3.5855798266226925E-5,6274,19.125,95.625
3.15350021677614E-5,6275,19.125,95.875
5.9262102008699796E-5,6276,19.125,96.125
3.196097937563657E-5,6277,19.125,96.375
2.6350010029413945E-5,6278,19.125,96.625
2.372699191947623E-5,6279,19.125,96.875
2.669890737403299E-5,6280,19.125,97.125
2.6689443013478944E-5,6281,19.125,97.375
2.8118021210461912E-5,6282,19.125,97.625
3.7325131686674355E-5,6283,19.125,97.875
3.197434348174148E-5,6284,19.125,98.125
4.076142083462634E-5,6285,19.125,98.375
7.917735445805598E-5,6286,19.125,98.625
6.556733041301728E-5,6287,19.125,98.875
3.6530120752705555E-5,6288,19.125,99.125
3.483845350335179E-5,6289,19.125,99.375
6.064992277633395E-5,6290,19.125,99.625
4.926409311021634E-5,6291,19.125,99.875
6.28378516622991E-5,6292,19.125,100.125
4.787448542184534E-5,6293,19.125,100.375
8.61176668663654E-5,6294,19.125,100.625
6.118037949474335E-5,6295,19.125,100.875
5.3545381200366815E-5,6296,19.125,101.125
7.193816025931682E-5,6297,19.125,101.375
,6298,19.125,101.625
1.5476098722044498E-4,6299,19.125,101.875
2.0740809267672116E-4,6300,19.125,102.125
6.998733897435665E-5,6301,19.125,102.375
7.429150498070727E-5,6302,19.125,102.625
5.557954414927338E-5,6303,19.125,102.875
4.308804687191648E-5,6304,19.125,103.125
7.090550207067281E-5,6305,19.125,103.375
4.2474431304924915E-5,6306,19.125,103.625
5.028759001877568E-5,6307,19.125,103.875
3.849791208174163E-5,6308,19.125,104.125
5.583121401405729E-5,6309,19.125,104.375
3.174477024003863E-5,6310,19.125,104.625
,6311,19.125,104.875
,6312,19.125,105.125
,6313,19.125,105.375
,6314,19.125,105.625
,6315,19.125,105.875
3.988835097053717E-5,6316,19.375,93.375
4.8185902578093496E-5,6317,19.375,93.625
6.459219966969688E-5,6318,19.375,93.875
6.966481702370286E-5,6319,19.375,94.125
6.0645843590775664E-5,6320,19.375,94.375
8.695071745432663E-5,6321,19.375,94.625
6.465643819155856E-5,6322,19.375,94.875
5.565226365649784E-5,6323,19.375,95.125
4.9989168382145926E-5,6324,19.375,95.375
3.721104442633584E-5,6325,19.375,95.625
3.4506386104922554E-5,6326,19.375,95.875
4.106163797675064E-5,6327,19.375,96.125
2.7275545605450904E-5,6328,19.375,96.375
2.8991287810172414E-5,6329,19.375,96.625
5.6160601631913624E-5,6330,19.375,96.875
4.394786287264637E-5,6331,19.375,97.125
3.68474968838471E-5,6332,19.375,97.375
2.923908918910034E-5,6333,19.375,97.625
3.5662193770908144E-5,6334,19.375,97.875
3.875057624544565E-5,6335,19.375,98.125
4.1069209231925855E-5,6336,19.375,98.375
5.866098889851974E-5,6337,19.375,98.625
6.534010001134687E-5,6338,19.375,98.875
5.1043617923212583E-5,6339,19.375,99.125
4.282613674726667E-5,6340,19.375,99.375
5.67505069076113E-5,6341,19.375,99.625
5.6492523572988554E-5,6342,19.375,99.875
6.38380602605553E-5,6343,19.375,100.125
5.527313914460848E-5,6344,19.375,100.375
7.286058802605831E-5,6345,19.375,100.625
6.207895528214444E-5,6346,19.375,100.875
6.133878616173165E-5,6347,19.375,101.125
9.570488087794085E-5,6348,19.375,101.375
,6349,19.375,101.625
1.373455707490565E-4,6350,19.375,101.875
7.749758122836754E-5,6351,19.375,102.125
9.354519480935581E-5,6352,19.375,102.375
6.925905141402001E-5,6353,19.375,102.625
8.230362549113801E-5,6354,19.375,102.875
1.0658898284166464E-4,6355,19.375,103.125
3.897414051113016E-5,6356,19.375,103.375
4.507009256106616E-5,6357,19.375,103.625
5.6723072202993305E-5,6358,19.375,103.875
4.897675436647989E-5,6359,19.375,104.125
4.0396541538004216E-5,6360,19.375,104.375
,6361,19.375,104.625
,6362,19.375,104.875
,6363,19.375,105.125
,6364,19.375,105.375
,6365,19.375,105.625
,6366,19.375,105.875
2.8829544062218398E-5,6367,19.625,93.125
3.7828396110951525E-5,6368,19.625,93.375
5.000380148630798E-5,6369,19.625,93.625
6.312160808658263E-5,6370,19.625,93.875
6.253768666030736E-5,6371,19.625,94.125
5.3898486061909585E-5,6372,19.625,94.375
9.612941428816753E-5,6373,19.625,94.625
6.657064377182961E-5,6374,19.625,94.875
5.329079676944266E-5,6375,19.625,95.125
4.521604544038532E-5,6376,19.625,95.375
4.2310039028749694E-5,6377,19.625,95.625
3.603447971398207E-5,6378,19.625,95.875
3.750234738086164E-5,6379,19.625,96.125
4.047819709706505E-5,6380,19.625,96.375
3.736466249264217E-5,6381,19.625,96.625
5.607399417974198E-5,6382,19.625,96.875
4.3879013954941794E-5,6383,19.625,97.125
4.011096340121615E-5,6384,19.625,97.375
3.2928908825185946E-5,6385,19.625,97.625
3.646489635342854E-5,6386,19.625,97.875
2.980704677441845E-5,6387,19.625,98.125
4.214281776126492E-5,6388,19.625,98.375
6.311140739308133E-5,6389,19.625,98.625
5.814230350182404E-5,6390,19.625,98.875
4.558709813913745E-5,6391,19.625,99.125
3.976994948868853E-5,6392,19.625,99.375
6.216411771837258E-5,6393,19.625,99.625
6.108713282236975E-5,6394,19.625,99.875
5.9808177510879585E-5,6395,19.625,100.125
5.577589744491103E-5,6396,19.625,100.375
6.418189699220465E-5,6397,19.625,100.625
6.413775721807335E-5,6398,19.625,100.875
1.0291470729497893E-4,6399,19.625,101.125
,6400,19.625,101.375
,6401,19.625,101.625
5.4154084578627485E-5,6402,19.625,101.875
1.235208608605453E-4,6403,19.625,102.125
5.7918324083869906E-5,6404,19.625,102.375
7.47564152110418E-5,6405,19.625,102.625
8.078419737514348E-5,6406,19.625,102.875
6.806066923415739E-5,6407,19.625,103.125
5.7165405473728194E-5,6408,19.625,103.375
4.564665193596278E-5,6409,19.625,103.625
6.121586648832021E-5,6410,19.625,103.875
4.8218617356699966E-5,6411,19.625,104.125
3.838756707316796E-5,6412,19.625,104.375
3.7018937955221084E-5,6413,19.625,104.625
4.0705253923079E-5,6414,19.625,104.875
,6415,19.625,105.125
,6416,19.625,105.375
,6417,19.625,105.625
,6418,19.625,105.875
3.211031752456911E-5,6419,19.875,92.875
3.316159197583916E-5,6420,19.875,93.125
4.979901766151825E-5,6421,19.875,93.375
5.607497829588435E-5,6422,19.875,93.625
5.757098334893452E-5,6423,19.875,93.875
5.1433309816726744E-5,6424,19.875,94.125
3.789510948829809E-5,6425,19.875,94.375
6.458213926824943E-5,6426,19.875,94.625
7.222408264080883E-5,6427,19.875,94.875
5.8669659490650096E-5,6428,19.875,95.125
4.653733023547195E-5,6429,19.875,95.375
4.316377047837696E-5,6430,19.875,95.625
4.143147406024227E-5,6431,19.875,95.875
4.050554034163914E-5,6432,19.875,96.125
2.9069229556720328E-5,6433,19.875,96.375
3.677757623131431E-5,6434,19.875,96.625
5.0623285644489114E-5,6435,19.875,96.875
4.094099992280485E-5,6436,19.875,97.125
3.583940174729389E-5,6437,19.875,97.375
3.1858428347734065E-5,6438,19.875,97.625
3.4572826746144086E-5,6439,19.875,97.875
2.789223906094093E-5,6440,19.875,98.125
3.512720880137473E-5,6441,19.875,98.375
4.577780675778059E-5,6442,19.875,98.625
5.8739593054273816E-5,6443,19.875,98.875
6.121266990090208E-5,6444,19.875,99.125
5.061857396394803E-5,6445,19.875,99.375
5.570920750669275E-5,6446,19.875,99.625
6.443311022811937E-5,6447,19.875,99.875
6.363760201541153E-5,6448,19.875,100.125
5.821547912775059E-5,6449,19.875,100.375
6.290523359989806E-5,6450,19.875,100.625
,6451,19.875,100.875
6.964135059947584E-5,6452,19.875,101.125
7.709300552960485E-5,6453,19.875,101.375
,6454,19.875,101.625
,6455,19.875,101.875
6.842348865340023E-5,6456,19.875,102.125
,6457,19.875,102.375
9.162199892979963E-5,6458,19.875,102.625
7.1742959982138E-5,6459,19.875,102.875
6.534669228130952E-5,6460,19.875,103.125
7.8038203074197E-5,6461,19.875,103.375
9.206242248183116E-5,6462,19.875,103.625
8.542814718173254E-5,6463,19.875,103.875
6.554695738086882E-5,6464,19.875,104.125
4.846414257827311E-5,6465,19.875,104.375
7.354799467932676E-5,6466,19.875,104.625
6.142994376250152E-5,6467,19.875,104.875
,6468,19.875,105.125
,6469,19.875,105.375
,6470,19.875,105.625
,6471,19.875,105.875
,6472,19.875,106.125
3.3008037558727016E-5,6473,20.125,92.625
4.0466005288159E-5,6474,20.125,92.875
4.3264666197734976E-5,6475,20.125,93.125
7.885907374058387E-5,6476,20.125,93.375
7.61771167538155E-5,6477,20.125,93.625
5.7158662278411E-5,6478,20.125,93.875
4.120426193401267E-5,6479,20.125,94.125
9.286961679632355E-5,6480,20.125,94.375
8.211133371390837E-5,6481,20.125,94.625
7.901698717657677E-5,6482,20.125,94.875
6.206986568690525E-5,6483,20.125,95.125
5.2639533554663364E-5,6484,20.125,95.375
4.283536174711933E-5,6485,20.125,95.625
3.7720991967919696E-5,6486,20.125,95.875
3.579582201007449E-5,6487,20.125,96.125
3.37693173764591E-5,6488,20.125,96.375
4.403394165802032E-5,6489,20.125,96.625
3.730810763823689E-5,6490,20.125,96.875
3.750946506820271E-5,6491,20.125,97.125
3.225022914778194E-5,6492,20.125,97.375
3.9175832626614184E-5,6493,20.125,97.625
3.509434882665782E-5,6494,20.125,97.875
3.61470824868176E-5,6495,20.125,98.125
3.842754866433148E-5,6496,20.125,98.375
4.598642535670358E-5,6497,20.125,98.625
5.173684272716424E-5,6498,20.125,98.875
5.402839553374687E-5,6499,20.125,99.125
5.682518939606178E-5,6500,20.125,99.375
6.48334934521599E-5,6501,20.125,99.625
6.854084476251999E-5,6502,20.125,99.875
5.745445985257365E-5,6503,20.125,100.125
6.340156523569688E-5,6504,20.125,100.375
6.527865242308266E-5,6505,20.125,100.625
,6506,20.125,100.875
,6507,20.125,101.125
1.6594029708824395E-4,6508,20.125,101.375
,6509,20.125,101.625
,6510,20.125,101.875
,6511,20.125,102.125
,6512,20.125,102.375
,6513,20.125,102.625
,6514,20.125,102.875
,6515,20.125,103.125
,6516,20.125,103.375
,6517,20.125,103.625
,6518,20.125,103.875
1.9426184007897973E-4,6519,20.125,104.125
2.671284210227663E-4,6520,20.125,104.375
5.036234757456903E-5,6521,20.125,104.625
5.457716174995249E-5,6522,20.125,104.875
5.581486524400179E-5,6523,20.125,105.125
,6524,20.125,105.375
,6525,20.125,105.625
,6526,20.125,105.875
,6527,20.125,106.125
,6528,20.125,106.375
,6529,20.125,106.625
,6530,20.125,107.625
3.716417823773033E-5,6531,20.375,92.625
4.4593166132329205E-5,6532,20.375,92.875
5.4989614333977106E-5,6533,20.375,93.125
7.768072486472243E-5,6534,20.375,93.375
9.155977637388884E-5,6535,20.375,93.625
6.753940378337087E-5,6536,20.375,93.875
5.2264757360061174E-5,6537,20.375,94.125
7.772734087232174E-5,6538,20.375,94.375
8.058054979337823E-5,6539,20.375,94.625
7.489700112457806E-5,6540,20.375,94.875
6.727131332990376E-5,6541,20.375,95.125
5.220084402762944E-5,6542,20.375,95.375
4.3394787253994455E-5,6543,20.375,95.625
3.7725991652722315E-5,6544,20.375,95.875
3.560520684886696E-5,6545,20.375,96.125
2.986148176340502E-5,6546,20.375,96.375
4.61045383262598E-5,6547,20.375,96.625
3.408285660295987E-5,6548,20.375,96.875
4.3256849837194026E-5,6549,20.375,97.125
3.1685602094297866E-5,6550,20.375,97.375
3.775204378438909E-5,6551,20.375,97.625
3.577706697514737E-5,6552,20.375,97.875
4.091997731296007E-5,6553,20.375,98.125
4.090347347819692E-5,6554,20.375,98.375
5.574167972278364E-5,6555,20.375,98.625
5.171941545791584E-5,6556,20.375,98.875
5.595656097256111E-5,6557,20.375,99.125
6.834018842540427E-5,6558,20.375,99.375
5.3237789858652745E-5,6559,20.375,99.625
6.104035915221316E-5,6560,20.375,99.875
6.0362728720980046E-5,6561,20.375,100.125
6.669686962180988E-5,6562,20.375,100.375
6.279174625774091E-5,6563,20.375,100.625
,6564,20.375,100.875
,6565,20.375,101.125
0.001281320452028074,6566,20.375,101.375
9.336159564554691E-4,6567,20.375,101.625
,6568,20.375,101.875
,6569,20.375,102.125
,6570,20.375,102.375
,6571,20.375,102.625
,6572,20.375,102.875
,6573,20.375,103.125
,6574,20.375,103.375
,6575,20.375,103.625
,6576,20.375,103.875
1.1042651749448851E-4,6577,20.375,104.125
7.056306594364508E-5,6578,20.375,104.375
4.9973937715405166E-5,6579,20.375,104.625
,6580,20.375,104.875
,6581,20.375,105.125
,6582,20.375,105.375
,6583,20.375,105.625
,6584,20.375,105.875
,6585,20.375,106.125
,6586,20.375,106.375
,6587,20.375,106.625
3.562221978588898E-5,6588,20.625,92.375
4.608756583720613E-5,6589,20.625,92.625
6.25281521346947E-5,6590,20.625,92.875
8.194633827882858E-5,6591,20.625,93.125
9.331095962201461E-5,6592,20.625,93.375
5.883523518853484E-5,6593,20.625,93.625
6.230294809541072E-5,6594,20.625,93.875
8.791088839996487E-5,6595,20.625,94.125
8.305179314389057E-5,6596,20.625,94.375
7.117856431217322E-5,6597,20.625,94.625
6.86326591362878E-5,6598,20.625,94.875
6.278105246558717E-5,6599,20.625,95.125
5.7756248556885164E-5,6600,20.625,95.375
4.4894864070539777E-5,6601,20.625,95.625
4.041383853555761E-5,6602,20.625,95.875
3.9272186771222924E-5,6603,20.625,96.125
3.819137213380331E-5,6604,20.625,96.375
5.498361419757372E-5,6605,20.625,96.625
3.899717370658458E-5,6606,20.625,96.875
3.665075961381073E-5,6607,20.625,97.125
3.585984375462583E-5,6608,20.625,97.375
5.171425286763221E-5,6609,20.625,97.625
4.481071429617946E-5,6610,20.625,97.875
4.013396484562564E-5,6611,20.625,98.125
4.077298583662266E-5,6612,20.625,98.375
5.2336651918560186E-5,6613,20.625,98.625
5.368607214600831E-5,6614,20.625,98.875
7.332277306664636E-5,6615,20.625,99.125
6.085545009949911E-5,6616,20.625,99.375
6.625653009103462E-5,6617,20.625,99.625
7.759526689210398E-5,6618,20.625,99.875
6.530785846834768E-5,6619,20.625,100.125
8.92432378532195E-5,6620,20.625,100.375
7.073736314237512E-5,6621,20.625,100.625
7.523130328672536E-5,6622,20.625,100.875
8.341387694308032E-5,6623,20.625,101.125
,6624,20.625,101.375
,6625,20.625,101.625
,6626,20.625,101.875
,6627,20.625,102.125
,6628,20.625,102.375
,6629,20.625,102.625
,6630,20.625,102.875
,6631,20.625,103.125
6.927708454895765E-5,6632,20.625,103.375
,6633,20.625,103.625
,6634,20.625,103.875
6.208798958175412E-5,6635,20.625,104.125
4.87638067713735E-5,6636,20.625,104.375
4.025315984812393E-5,6637,20.625,104.625
,6638,20.625,104.875
,6639,20.625,105.125
,6640,20.625,105.375
,6641,20.625,105.625
,6642,20.625,105.875
,6643,20.625,106.125
,6644,20.625,106.375
,6645,20.625,106.625
,6646,20.625,106.875
,6647,20.625,107.125
,6648,20.625,107.375
4.796417872024595E-5,6649,20.875,92.375
5.100829139271642E-5,6650,20.875,92.625
7.254718213999618E-5,6651,20.875,92.875
9.280663016411421E-5,6652,20.875,93.125
8.070904839533788E-5,6653,20.875,93.375
5.943408645222758E-5,6654,20.875,93.625
6.916188101451041E-5,6655,20.875,93.875
1.0284575583927211E-4,6656,20.875,94.125
7.790531389911698E-5,6657,20.875,94.375
7.231878606550077E-5,6658,20.875,94.625
7.285397305511088E-5,6659,20.875,94.875
6.479254684732168E-5,6660,20.875,95.125
6.0755629162528896E-5,6661,20.875,95.375
4.49977604519636E-5,6662,20.875,95.625
4.235798144565084E-5,6663,20.875,95.875
4.5613044757890264E-5,6664,20.875,96.125
3.797475589177623E-5,6665,20.875,96.375
3.708558689258908E-5,6666,20.875,96.625
4.049810285263593E-5,6667,20.875,96.875
2.944645659486762E-5,6668,20.875,97.125
3.536100132201187E-5,6669,20.875,97.375
4.501550021271321E-5,6670,20.875,97.625
5.3081021928894954E-5,6671,20.875,97.875
4.717165429896182E-5,6672,20.875,98.125
3.9940291020558055E-5,6673,20.875,98.375
5.16516323646234E-5,6674,20.875,98.625
5.0310041686918014E-5,6675,20.875,98.875
5.744208514404637E-5,6676,20.875,99.125
5.5298785668323624E-5,6677,20.875,99.375
7.169974877728534E-5,6678,20.875,99.625
7.862839055564939E-5,6679,20.875,99.875
6.918896414242977E-5,6680,20.875,100.125
7.551845584103133E-5,6681,20.875,100.375
5.979126897215711E-5,6682,20.875,100.625
8.134218083434822E-5,6683,20.875,100.875
7.473170693287995E-5,6684,20.875,101.125
1.9809508678579737E-4,6685,20.875,101.375
2.182072384312338E-4,6686,20.875,101.625
,6687,20.875,101.875
,6688,20.875,102.125
,6689,20.875,102.375
,6690,20.875,102.625
,6691,20.875,102.875
2.7411029855885634E-4,6692,20.875,103.125
,6693,20.875,103.375
,6694,20.875,103.625
,6695,20.875,103.875
6.017963240642642E-5,6696,20.875,104.125
6.186213248421316E-5,6697,20.875,104.375
3.8997345535644266E-5,6698,20.875,104.625
4.243713741142645E-5,6699,20.875,104.875
4.7852410638250165E-5,6700,20.875,105.125
,6701,20.875,105.375
,6702,20.875,105.625
,6703,20.875,105.875
,6704,20.875,106.125
,6705,20.875,106.375
,6706,20.875,106.625
,6707,20.875,106.875
,6708,20.875,107.125
,6709,20.875,107.375
,6710,20.875,107.625
,6711,20.875,107.875
4.261487747357973E-5,6712,21.125,92.125
8.370384374188457E-5,6713,21.125,92.375
4.924468089560102E-5,6714,21.125,92.625
9.96585270430428E-5,6715,21.125,92.875
1.1774785785736481E-4,6716,21.125,93.125
8.85875370470322E-5,6717,21.125,93.375
6.28600789741513E-5,6718,21.125,93.625
7.8017541126454E-5,6719,21.125,93.875
8.992959128372246E-5,6720,21.125,94.125
7.454054699387119E-5,6721,21.125,94.375
6.931012500579247E-5,6722,21.125,94.625
7.218671802225319E-5,6723,21.125,94.875
6.298834349261623E-5,6724,21.125,95.125
5.7825555638928974E-5,6725,21.125,95.375
4.502896194817999E-5,6726,21.125,95.625
4.4604458453556695E-5,6727,21.125,95.875
4.0759478967450954E-5,6728,21.125,96.125
3.77924645890442E-5,6729,21.125,96.375
3.053475445682592E-5,6730,21.125,96.625
3.87768518961703E-5,6731,21.125,96.875
3.447971477915559E-5,6732,21.125,97.125
4.3155054724596046E-5,6733,21.125,97.375
3.989165448890221E-5,6734,21.125,97.625
4.647037889539168E-5,6735,21.125,97.875
6.225107980894446E-5,6736,21.125,98.125
6.247605779208243E-5,6737,21.125,98.375
6.303463759266477E-5,6738,21.125,98.625
6.49756195618576E-5,6739,21.125,98.875
6.008342863522E-5,6740,21.125,99.125
6.077067811763882E-5,6741,21.125,99.375
5.559634670654149E-5,6742,21.125,99.625
7.59887726402181E-5,6743,21.125,99.875
6.60820618390389E-5,6744,21.125,100.125
7.527797972296419E-5,6745,21.125,100.375
7.041674282330016E-5,6746,21.125,100.625
6.168562080288099E-5,6747,21.125,100.875
8.081612072436648E-5,6748,21.125,101.125
,6749,21.125,101.375
,6750,21.125,101.625
6.020921928173126E-4,6751,21.125,101.875
5.58576005407845E-4,6752,21.125,102.125
,6753,21.125,102.375
,6754,21.125,102.625
,6755,21.125,102.875
,6756,21.125,103.125
,6757,21.125,103.375
9.105522306453199E-5,6758,21.125,103.625
6.210786523297429E-5,6759,21.125,103.875
4.569775004833415E-5,6760,21.125,104.125
3.9325685497530986E-5,6761,21.125,104.375
4.4396283194942485E-5,6762,21.125,104.625
4.045493460274002E-5,6763,21.125,104.875
,6764,21.125,105.125
,6765,21.125,105.375
,6766,21.125,105.625
,6767,21.125,105.875
,6768,21.125,106.125
,6769,21.125,106.375
,6770,21.125,106.625
,6771,21.125,106.875
,6772,21.125,107.125
,6773,21.125,107.375
,6774,21.125,107.625
,6775,21.125,107.875
,6776,21.125,108.125
4.918554672078109E-5,6777,21.375,92.125
8.887106040740988E-5,6778,21.375,92.375
6.288424346272939E-5,6779,21.375,92.625
9.053017104695902E-5,6780,21.375,92.875
9.667113811555782E-5,6781,21.375,93.125
9.2955959057279E-5,6782,21.375,93.375
5.1815046083104676E-5,6783,21.375,93.625
5.06476405704139E-5,6784,21.375,93.875
6.689881679624072E-5,6785,21.375,94.125
7.131010429736935E-5,6786,21.375,94.375
6.658603398612545E-5,6787,21.375,94.625
6.926322667386711E-5,6788,21.375,94.875
7.026619914154597E-5,6789,21.375,95.125
6.713670584827295E-5,6790,21.375,95.375
5.0194635232967045E-5,6791,21.375,95.625
4.572344564900405E-5,6792,21.375,95.875
4.570696820041449E-5,6793,21.375,96.125
3.9698824575379126E-5,6794,21.375,96.375
3.737073654558275E-5,6795,21.375,96.625
4.257123264479858E-5,6796,21.375,96.875
3.236589608904566E-5,6797,21.375,97.125
7.373724939801725E-5,6798,21.375,97.375
4.6855066143107726E-5,6799,21.375,97.625
4.539461209908286E-5,6800,21.375,97.875
4.367528824055573E-5,6801,21.375,98.125
8.84457341740768E-5,6802,21.375,98.375
5.957602044937388E-5,6803,21.375,98.625
6.645854937169625E-5,6804,21.375,98.875
7.631235512058918E-5,6805,21.375,99.125
6.661632638902577E-5,6806,21.375,99.375
6.976846994452314E-5,6807,21.375,99.625
6.972783938287514E-5,6808,21.375,99.875
7.610516742241734E-5,6809,21.375,100.125
7.265283442619438E-5,6810,21.375,100.375
8.702707852827411E-5,6811,21.375,100.625
4.6205028307528206E-5,6812,21.375,100.875
6.111054006681595E-5,6813,21.375,101.125
,6814,21.375,101.375
,6815,21.375,101.625
5.590079808149071E-4,6816,21.375,101.875
5.319248302839696E-4,6817,21.375,102.125
,6818,21.375,102.375
,6819,21.375,102.625
,6820,21.375,102.875
,6821,21.375,103.125
,6822,21.375,103.375
,6823,21.375,103.625
4.694198765017901E-5,6824,21.375,103.875
4.592803973172897E-5,6825,21.375,104.125
4.497932588924644E-5,6826,21.375,104.375
3.561093762982637E-5,6827,21.375,104.625
,6828,21.375,104.875
,6829,21.375,105.125
,6830,21.375,105.375
,6831,21.375,105.625
,6832,21.375,105.875
,6833,21.375,106.125
,6834,21.375,106.375
,6835,21.375,106.625
,6836,21.375,106.875
,6837,21.375,107.125
,6838,21.375,107.375
,6839,21.375,107.625
,6840,21.375,107.875
,6841,21.375,108.125
6.034936880202723E-5,6842,21.625,92.625
7.076254647684534E-5,6843,21.625,92.875
5.08348826952289E-5,6844,21.625,93.125
5.160097662897841E-5,6845,21.625,93.375
6.14672722180805E-5,6846,21.625,93.625
6.575830061774167E-5,6847,21.625,93.875
7.116109882301083E-5,6848,21.625,94.125
7.484061555578865E-5,6849,21.625,94.375
7.701638276599142E-5,6850,21.625,94.625
7.098019012497089E-5,6851,21.625,94.875
6.839371347508349E-5,6852,21.625,95.125
7.147653912478124E-5,6853,21.625,95.375
6.278933402587781E-5,6854,21.625,95.625
4.6839946439357675E-5,6855,21.625,95.875
5.192164889548531E-5,6856,21.625,96.125
5.5034581759962485E-5,6857,21.625,96.375
3.6157755041292055E-5,6858,21.625,96.625
4.7953960982525455E-5,6859,21.625,96.875
4.4457541316394675E-5,6860,21.625,97.125
3.441389047216039E-5,6861,21.625,97.375
4.4438035963252515E-5,6862,21.625,97.625
4.660425565280592E-5,6863,21.625,97.875
4.973457980735393E-5,6864,21.625,98.125
5.4674942923664725E-5,6865,21.625,98.375
5.330289718745124E-5,6866,21.625,98.625
7.227849375953383E-5,6867,21.625,98.875
1.0924586882161712E-4,6868,21.625,99.125
7.242976582867887E-5,6869,21.625,99.375
6.755453611536636E-5,6870,21.625,99.625
6.281798193654085E-5,6871,21.625,99.875
8.468726257204248E-5,6872,21.625,100.125
4.476008648599711E-5,6873,21.625,100.375
4.511921321988994E-5,6874,21.625,100.625
4.9466737524120996E-5,6875,21.625,100.875
4.4151693028602074E-5,6876,21.625,101.125
,6877,21.625,101.875
,6878,21.625,102.125
,6879,21.625,102.375
,6880,21.625,102.625
,6881,21.625,102.875
4.627114979154456E-5,6882,21.625,103.125
4.4290409905007165E-5,6883,21.625,103.375
4.473007450161062E-5,6884,21.625,103.625
4.903504889414365E-5,6885,21.625,103.875
,6886,21.625,104.125
,6887,21.625,104.375
,6888,21.625,104.625
,6889,21.625,104.875
,6890,21.625,105.125
,6891,21.625,105.375
,6892,21.625,105.625
,6893,21.625,105.875
,6894,21.625,106.125
,6895,21.625,106.375
,6896,21.625,106.625
,6897,21.625,106.875
,6898,21.625,107.125
,6899,21.625,107.375
,6900,21.625,107.625
,6901,21.625,107.875
,6902,21.625,108.125
6.58135514617152E-5,6903,21.875,92.625
5.977823491136423E-5,6904,21.875,92.875
4.4331997057724753E-5,6905,21.875,93.125
5.077254758614626E-5,6906,21.875,93.375
7.050464022114063E-5,6907,21.875,93.625
8.811571044795954E-5,6908,21.875,93.875
7.456998540773548E-5,6909,21.875,94.125
7.821984011212444E-5,6910,21.875,94.375
7.614534835136529E-5,6911,21.875,94.625
7.168349605460643E-5,6912,21.875,94.875
7.523601205121155E-5,6913,21.875,95.125
7.812446557592655E-5,6914,21.875,95.375
6.38926620283122E-5,6915,21.875,95.625
4.9506455255159834E-5,6916,21.875,95.875
5.594107371913763E-5,6917,21.875,96.125
5.571764747380036E-5,6918,21.875,96.375
4.179800633934108E-5,6919,21.875,96.625
4.0051289662373636E-5,6920,21.875,96.875
4.3629960583753895E-5,6921,21.875,97.125
3.8381092427718986E-5,6922,21.875,97.375
3.849671916993041E-5,6923,21.875,97.625
4.81245479784728E-5,6924,21.875,97.875
3.86173755471913E-5,6925,21.875,98.125
4.907220256437073E-5,6926,21.875,98.375
6.687209114117393E-5,6927,21.875,98.625
9.937921578114646E-5,6928,21.875,98.875
6.666033220103093E-5,6929,21.875,99.125
6.537886270083004E-5,6930,21.875,99.375
7.578723700144585E-5,6931,21.875,99.625
7.015633606822696E-5,6932,21.875,99.875
5.16590389338346E-5,6933,21.875,100.125
4.7655421700079204E-5,6934,21.875,101.125
,6935,21.875,101.625
,6936,21.875,101.875
,6937,21.875,102.125
8.058887112469389E-5,6938,21.875,102.375
,6939,21.875,102.625
,6940,21.875,102.875
,6941,21.875,103.125
,6942,21.875,103.375
4.000015088346673E-5,6943,21.875,103.625
4.4811304892501656E-5,6944,21.875,103.875
3.36093111013221E-5,6945,21.875,104.125
,6946,21.875,104.375
,6947,21.875,104.625
,6948,21.875,104.875
,6949,21.875,105.125
,6950,21.875,105.375
,6951,21.875,105.625
,6952,21.875,105.875
,6953,21.875,106.125
,6954,21.875,106.375
,6955,21.875,106.625
,6956,21.875,106.875
,6957,21.875,107.125
7.244016784905013E-5,6958,22.125,92.625
9.131304664097892E-5,6959,22.125,92.875
6.506660410551121E-5,6960,22.125,93.125
8.011378431415427E-5,6961,22.125,93.375
8.612934744177776E-5,6962,22.125,93.625
8.54264247441307E-5,6963,22.125,93.875
7.064731071698035E-5,6964,22.125,94.125
9.182308662633503E-5,6965,22.125,94.375
8.450899469169494E-5,6966,22.125,94.625
7.621046027790215E-5,6967,22.125,94.875
8.360458085871666E-5,6968,22.125,95.125
6.907803793399207E-5,6969,22.125,95.375
6.744565219034545E-5,6970,22.125,95.625
5.887640034193925E-5,6971,22.125,95.875
5.998076434262733E-5,6972,22.125,96.125
4.358254941910861E-5,6973,22.125,96.375
5.287210969840843E-5,6974,22.125,96.625
4.266712293336043E-5,6975,22.125,96.875
5.1555935870926406E-5,6976,22.125,97.125
4.418657560985924E-5,6977,22.125,97.375
4.1465233036757714E-5,6978,22.125,97.625
4.8304851877276094E-5,6979,22.125,97.875
4.829260326422797E-5,6980,22.125,98.125
4.066428304003288E-5,6981,22.125,98.375
8.667200315705631E-5,6982,22.125,98.625
5.1043390198667443E-5,6983,22.125,98.875
4.249233065074899E-5,6984,22.125,99.125
3.653202256550772E-5,6985,22.125,99.375
3.844444184773545E-5,6986,22.125,99.625
3.7486880262096856E-5,6987,22.125,99.875
3.7452774666911144E-5,6988,22.125,101.625
5.247255446895632E-5,6989,22.125,101.875
,6990,22.125,102.125
,6991,22.125,102.375
,6992,22.125,102.625
,6993,22.125,102.875
,6994,22.125,103.125
,6995,22.125,103.375
3.726466119485553E-5,6996,22.125,103.625
3.4517801395850256E-5,6997,22.125,103.875
,6998,22.125,104.125
,6999,22.125,104.375
,7000,22.125,104.625
,7001,22.125,104.875
,7002,22.125,105.125
,7003,22.125,105.375
,7004,22.125,105.625
,7005,22.125,105.875
,7006,22.125,106.125
,7007,22.125,106.375
,7008,22.125,106.625
,7009,22.125,106.875
4.830033143608713E-5,7010,22.375,93.125
5.448290203233799E-5,7011,22.375,93.375
8.269757821050303E-5,7012,22.375,93.625
8.598874282061313E-5,7013,22.375,93.875
7.606857639506294E-5,7014,22.375,94.125
1.1847394390687371E-4,7015,22.375,94.375
8.760900270522172E-5,7016,22.375,94.625
7.046461515185093E-5,7017,22.375,94.875
7.801773661212342E-5,7018,22.375,95.125
7.017841585860855E-5,7019,22.375,95.375
6.342138690230842E-5,7020,22.375,95.625
5.98361669871793E-5,7021,22.375,95.875
5.615862312111184E-5,7022,22.375,96.125
5.24866437280349E-5,7023,22.375,96.375
5.632037633021815E-5,7024,22.375,96.625
4.824149643727426E-5,7025,22.375,96.875
5.0949602616985124E-5,7026,22.375,97.125
5.671988594161785E-5,7027,22.375,97.375
4.325530327036282E-5,7028,22.375,97.625
5.0956449824956016E-5,7029,22.375,97.875
6.177224853362237E-5,7030,22.375,98.125
4.4533568525736615E-5,7031,22.375,98.375
5.064669617141145E-5,7032,22.375,98.625
4.319598360654681E-5,7033,22.375,98.875
5.112974818280759E-5,7034,22.375,99.125
4.463663229058556E-5,7035,22.375,99.375
7.132256535940894E-5,7036,22.375,101.625
5.379395588533953E-5,7037,22.375,101.875
,7038,22.375,102.125
,7039,22.375,102.375
,7040,22.375,102.625
,7041,22.375,102.875
,7042,22.375,103.125
,7043,22.375,103.375
4.071445073350333E-5,7044,22.375,103.625
,7045,22.375,103.875
,7046,22.375,104.125
,7047,22.375,104.375
,7048,22.375,104.625
,7049,22.375,104.875
,7050,22.375,105.125
,7051,22.375,105.375
,7052,22.375,105.625
,7053,22.375,105.875
,7054,22.375,106.125
,7055,22.375,106.375
,7056,22.375,106.625
5.0714608511727704E-5,7057,22.625,93.125
6.726185211794579E-5,7058,22.625,93.375
7.083411928295166E-5,7059,22.625,93.625
1.0162615455452798E-4,7060,22.625,93.875
8.334203184231289E-5,7061,22.625,94.125
8.969804196235469E-5,7062,22.625,94.375
7.844281921097227E-5,7063,22.625,94.625
7.66758633195958E-5,7064,22.625,94.875
7.159070705419591E-5,7065,22.625,95.125
7.082439840482508E-5,7066,22.625,95.375
6.600734448102891E-5,7067,22.625,95.625
5.422651541941955E-5,7068,22.625,95.875
5.600178040758287E-5,7069,22.625,96.125
4.7841720161553755E-5,7070,22.625,96.375
4.437017130923449E-5,7071,22.625,96.625
4.94732643732117E-5,7072,22.625,96.875
6.338972526948882E-5,7073,22.625,97.125
6.589482320393029E-5,7074,22.625,97.375
6.391603411842491E-5,7075,22.625,97.625
6.865522366932129E-5,7076,22.625,97.875
5.759273042876154E-5,7077,22.625,98.125
4.544486059696722E-5,7078,22.625,98.375
4.494675884090879E-5,7079,22.625,98.625
4.488088796260409E-5,7080,22.625,98.875
4.9638985315659875E-5,7081,22.625,99.125
5.4303994250135766E-5,7082,22.625,99.375
5.106971954687019E-5,7083,22.625,101.625
5.0931602646379886E-5,7084,22.625,101.875
4.323022273623783E-5,7085,22.625,102.375
4.383834311383951E-5,7086,22.625,102.625
,7087,22.625,102.875
,7088,22.625,103.125
,7089,22.625,103.375
,7090,22.625,103.625
,7091,22.625,103.875
,7092,22.625,104.125
,7093,22.625,104.375
,7094,22.625,104.625
,7095,22.625,104.875
,7096,22.625,105.125
,7097,22.625,105.375
,7098,22.625,105.625
,7099,22.625,105.875
,7100,22.625,106.125
,7101,22.625,106.375
,7102,22.625,106.625
,7103,22.625,106.875
1.229679169625667E-4,7104,22.875,93.125
9.447323109800273E-5,7105,22.875,93.375
7.801201895729977E-5,7106,22.875,93.625
9.171234094104561E-5,7107,22.875,93.875
7.948953633196067E-5,7108,22.875,94.125
8.705535425932167E-5,7109,22.875,94.375
7.732528114786532E-5,7110,22.875,94.625
7.802402165004249E-5,7111,22.875,94.875
7.686327043992712E-5,7112,22.875,95.125
6.898388583021288E-5,7113,22.875,95.375
6.460302210448727E-5,7114,22.875,95.625
5.525989695227415E-5,7115,22.875,95.875
5.399604276718499E-5,7116,22.875,96.125
4.494258395439592E-5,7117,22.875,96.375
4.237949874902321E-5,7118,22.875,96.625
4.535633596218635E-5,7119,22.875,96.875
3.873365927171623E-5,7120,22.875,97.125
7.365308227032341E-5,7121,22.875,97.375
5.780513929020079E-5,7122,22.875,97.625
5.901868913956907E-5,7123,22.875,97.875
6.626297243312485E-5,7124,22.875,98.125
4.643810626515328E-5,7125,22.875,98.375
4.95925374708215E-5,7126,22.875,98.625
4.6310649407340696E-5,7127,22.875,98.875
3.879255022474701E-5,7128,22.875,99.125
4.248722250232449E-5,7129,22.875,99.375
4.1405502581712766E-5,7130,22.875,99.625
4.0331519330902044E-5,7131,22.875,102.375
,7132,22.875,102.625
,7133,22.875,103.375
,7134,22.875,103.625
,7135,22.875,104.125
,7136,22.875,104.375
,7137,22.875,104.625
,7138,22.875,104.875
,7139,22.875,105.125
,7140,22.875,105.375
,7141,22.875,105.625
,7142,22.875,105.875
,7143,22.875,106.125
,7144,22.875,106.375
,7145,22.875,106.625
,7146,22.875,106.875
4.14879339479589E-5,7147,23.125,93.125
4.307562922887237E-5,7148,23.125,93.375
7.05168242348344E-5,7149,23.125,93.625
8.168347375353535E-5,7150,23.125,93.875
8.062687702367143E-5,7151,23.125,94.125
8.573814424484262E-5,7152,23.125,94.375
8.158368665155051E-5,7153,23.125,94.625
1.0019969206841297E-4,7154,23.125,94.875
7.180436817821886E-5,7155,23.125,95.125
5.7904356620871275E-5,7156,23.125,95.375
5.325127432896673E-5,7157,23.125,95.625
6.0251084295687505E-5,7158,23.125,95.875
5.028845004594231E-5,7159,23.125,96.125
5.883042779098969E-5,7160,23.125,96.375
5.481417589384133E-5,7161,23.125,96.625
6.094915049534516E-5,7162,23.125,96.875
3.4723952999549277E-5,7163,23.125,97.125
5.567201477609588E-5,7164,23.125,97.375
7.708634455028316E-5,7165,23.125,97.625
6.405894503064192E-5,7166,23.125,97.875
6.604612450084911E-5,7167,23.125,98.125
5.7015170497142455E-5,7168,23.125,98.375
6.846218451927026E-5,7169,23.125,98.625
4.594413836326145E-5,7170,23.125,98.875
4.5144254906435315E-5,7171,23.125,99.125
3.616650677410819E-5,7172,23.125,99.375
3.5068373683936574E-5,7173,23.125,99.625
,7174,23.125,104.875
,7175,23.125,105.125
,7176,23.125,105.375
,7177,23.125,105.625
,7178,23.125,105.875
3.9027001282952156E-5,7179,23.375,93.375
5.9724452895289996E-5,7180,23.375,93.625
7.413087499426378E-5,7181,23.375,93.875
8.368671112239778E-5,7182,23.375,94.125
8.972636075197247E-5,7183,23.375,94.375
8.458191595737225E-5,7184,23.375,94.625
9.055963263878219E-5,7185,23.375,94.875
7.246423887818213E-5,7186,23.375,95.125
5.811590475925739E-5,7187,23.375,95.375
5.168640291365499E-5,7188,23.375,95.625
4.897930146266691E-5,7189,23.375,95.875
4.686710774920957E-5,7190,23.375,96.125
6.859386716396097E-5,7191,23.375,96.375
5.544130148147462E-5,7192,23.375,96.625
5.363934608923569E-5,7193,23.375,96.875
6.336760203000655E-5,7194,23.375,97.125
8.362634061400453E-5,7195,23.375,97.375
5.615636008299411E-5,7196,23.375,97.625
6.877584437600028E-5,7197,23.375,97.875
5.665920375524332E-5,7198,23.375,98.125
5.101432129987542E-5,7199,23.375,98.375
5.525411354272646E-5,7200,23.375,98.625
5.732435741177108E-5,7201,23.375,98.875
,7202,23.375,105.125
,7203,23.375,105.375
3.528037716230083E-5,7204,23.625,93.375
7.669583002978825E-5,7205,23.625,93.625
8.233497359919805E-5,7206,23.625,93.875
7.990352868460881E-5,7207,23.625,94.125
8.021943837384841E-5,7208,23.625,94.375
6.735090543570594E-5,7209,23.625,94.625
5.639672202110544E-5,7210,23.625,94.875
7.639804277193589E-5,7211,23.625,95.125
5.6465850514539706E-5,7212,23.625,95.375
5.6553710558455484E-5,7213,23.625,95.625
5.716764509037826E-5,7214,23.625,95.875
5.0452205405762824E-5,7215,23.625,96.125
5.507187054251374E-5,7216,23.625,96.375
5.036776377239903E-5,7217,23.625,96.625
5.1811991203832055E-5,7218,23.625,96.875
4.9159153270690635E-5,7219,23.625,97.125
1.360429173560043E-4,7220,23.625,97.375
6.55629107464E-5,7221,23.625,97.625
5.9186584806242513E-5,7222,23.625,97.875
3.953165315910015E-5,7223,23.625,98.125
4.855671843387144E-5,7224,23.625,98.375
5.251337343588762E-5,7225,23.625,98.625
5.075667910731645E-5,7226,23.625,98.875
3.2736976307792253E-5,7227,23.875,93.375
7.363841529168422E-5,7228,23.875,93.625
1.1287780743110308E-4,7229,23.875,93.875
8.043156311960524E-5,7230,23.875,94.125
7.916943811141378E-5,7231,23.875,94.375
6.487686345965762E-5,7232,23.875,94.625
4.8633779344407314E-5,7233,23.875,94.875
5.761674539132426E-5,7234,23.875,95.125
5.919993484889657E-5,7235,23.875,95.375
6.638782758951454E-5,7236,23.875,95.625
5.866867147847609E-5,7237,23.875,95.875
5.0463935854688864E-5,7238,23.875,96.125
4.836263786858659E-5,7239,23.875,96.375
5.614233907935347E-5,7240,23.875,96.625
5.046695016230434E-5,7241,23.875,96.875
5.70633981032377E-5,7242,23.875,97.125
4.304303735220736E-5,7243,23.875,97.375
6.368372729615953E-5,7244,23.875,97.625
4.9080532439379686E-5,7245,23.875,97.875
3.8061059781665295E-5,7246,23.875,98.125
4.436598245523505E-5,7247,23.875,98.375
3.964132205168658E-5,7248,23.875,98.625
4.254006688468516E-5,7249,23.875,98.875
2.5935898146099422E-5,7250,24.125,93.375
8.554626419802344E-5,7251,24.125,93.625
1.3114233945175989E-4,7252,24.125,93.875
7.209346976224081E-5,7253,24.125,94.125
1.0902092562706571E-4,7254,24.125,94.375
8.381013613507626E-5,7255,24.125,94.625
4.689626931562715E-5,7256,24.125,94.875
5.28800277639813E-5,7257,24.125,95.125
5.948766758568712E-5,7258,24.125,95.375
7.676737539427815E-5,7259,24.125,95.625
8.099590911255671E-5,7260,24.125,95.875
6.079252772267414E-5,7261,24.125,96.125
5.6500735034207204E-5,7262,24.125,96.375
6.577937073813375E-5,7263,24.125,96.625
5.991805226116278E-5,7264,24.125,96.875
7.071264661808534E-5,7265,24.125,97.125
5.104692305223642E-5,7266,24.125,97.375
3.729057431341509E-5,7267,24.125,97.625
4.0031927320579866E-5,7268,24.125,97.875
4.3506164062685366E-5,7269,24.125,98.125
3.9740381136980696E-5,7270,24.125,98.375
3.7505699035321104E-5,7271,24.125,98.625
3.6075507453409875E-5,7272,24.125,98.875
2.2947859355517322E-4,7273,24.375,94.375
1.0599983950281207E-4,7274,24.375,94.625
6.936328782288938E-5,7275,24.375,94.875
4.7723735066519714E-5,7276,24.375,95.125
6.210875529103746E-5,7277,24.375,95.375
8.821625933310258E-5,7278,24.375,95.625
1.126684061482969E-4,7279,24.375,95.875
7.415773689890088E-5,7280,24.375,96.125
5.891394409551486E-5,7281,24.375,96.375
5.4433845768791454E-5,7282,24.375,96.625
5.775262327669613E-5,7283,24.375,96.875
4.657697590992758E-5,7284,24.375,97.125
5.0514171704425524E-5,7285,24.375,97.375
3.0930910783308924E-5,7286,24.375,97.625
3.87120933533911E-5,7287,24.375,97.875
1.0066846743387518E-4,7288,24.625,94.375
1.1998457149407744E-4,7289,24.625,94.625
6.133321693843964E-5,7290,24.625,94.875
5.413557295304402E-5,7291,24.625,95.125
4.246940009231203E-5,7292,24.625,95.375
6.848674000796377E-5,7293,24.625,95.625
7.369540691634355E-5,7294,24.625,95.875
7.239225744506029E-5,7295,24.625,96.125
4.898248072149093E-5,7296,24.625,96.375
5.7225883020154604E-5,7297,24.625,96.625
5.0598387126919265E-5,7298,24.625,96.875
4.5390969058163504E-5,7299,24.625,97.125
4.628976930767323E-5,7300,24.625,97.375
3.2058918963591005E-5,7301,24.625,97.625
2.458191968613128E-4,7302,24.875,94.625
1.1078880186874981E-4,7303,24.875,94.875
7.265132353683395E-5,7304,24.875,95.125
4.912604530110307E-5,7305,24.875,95.375
4.044377393432767E-5,7306,24.875,95.625
3.914414250334292E-5,7307,24.875,95.875
2.9861678694507307E-5,7308,24.875,96.125
4.105681695518077E-5,7309,24.875,96.375
3.749567783757964E-5,7310,24.875,96.625
4.342695806978001E-5,7311,24.875,96.875
4.6338299860137164E-5,7312,24.875,97.125
6.635963901913027E-5,7313,24.875,97.375
2.9318988115422197E-5,7314,24.875,97.625
2.153473116590429E-5,7315,24.875,97.875
1.1780767044101113E-4,7316,25.125,94.625
6.32512408649389E-5,7317,25.125,94.875
5.923386591193139E-5,7318,25.125,95.125
4.5565674441414814E-5,7319,25.125,95.375
3.547106164956263E-5,7320,25.125,95.625
3.0319561815675635E-5,7321,25.125,95.875
3.1221554193793664E-5,7322,25.125,96.125
4.191588193950186E-5,7323,25.125,96.375
3.4391568387925894E-5,7324,25.125,96.625
3.0648538608833344E-5,7325,25.125,96.875
5.023607670992288E-5,7326,25.125,97.125
6.740259745311166E-5,7327,25.125,97.375
3.4165708699404374E-5,7328,25.125,97.625
2.259127805503146E-5,7329,25.125,97.875
6.328925650323717E-5,7330,25.375,94.625
4.5075872828000676E-5,7331,25.375,94.875
5.826608134346059E-5,7332,25.375,95.125
4.1956983681443785E-5,7333,25.375,95.375
3.3015888319683886E-5,7334,25.375,95.625
4.15981061214297E-5,7335,25.375,95.875
4.090772569045486E-5,7336,25.375,96.125
4.828161206066703E-5,7337,25.375,96.375
3.4353900446224705E-5,7338,25.375,96.625
3.863037194141921E-5,7339,25.375,96.875
3.5916660583894415E-5,7340,25.375,97.125
4.2372710085898E-5,7341,25.375,97.375
3.51353383814041E-5,7342,25.375,97.625
2.736274225968616E-5,7343,25.375,97.875
2.3932011492180634E-5,7344,25.375,98.125
4.77238961883309E-5,7345,25.625,94.875
3.631222995507037E-5,7346,25.625,95.125
3.246407220607114E-5,7347,25.625,95.375
3.38928522770375E-5,7348,25.625,95.625
3.4668455534751285E-5,7349,25.625,95.875
3.987721345001411E-5,7350,25.625,96.125
9.951358863663952E-5,7351,25.625,96.375
3.787144780119768E-5,7352,25.625,96.625
2.7473452968346987E-5,7353,25.625,96.875
3.396386475374443E-5,7354,25.625,97.125
5.0058783797942485E-5,7355,25.625,97.375
3.5092141119879476E-5,7356,25.625,97.625
3.296685617579734E-5,7357,25.625,97.875
2.0964898335932922E-5,7358,25.625,98.125
1.4552725145914202E-5,7359,25.625,98.375
1.6597795007858418E-5,7360,25.875,95.125
2.9994268841649014E-5,7361,25.875,95.375
4.243557674606884E-5,7362,25.875,95.625
3.436079764384548E-5,7363,25.875,95.875
3.1849025873021823E-5,7364,25.875,96.125
9.20381009637161E-5,7365,25.875,96.375
5.313035112040071E-5,7366,25.875,96.625
2.703456078239458E-5,7367,25.875,96.875
2.2865185808367247E-5,7368,25.875,97.125
3.3960109597891696E-5,7369,25.875,97.375
2.959672575446131E-5,7370,25.875,97.625
3.759123302290763E-5,7371,25.875,97.875
2.3862336633828346E-5,7372,25.875,98.125
1.4406178327167876E-5,7373,25.875,98.375
1.1205189317029693E-5,7374,25.875,98.625
1.9783836881461533E-5,7375,26.125,95.125
2.5004002602435143E-5,7376,26.125,95.375
2.8368148045365545E-5,7377,26.125,95.625
2.537001929053453E-5,7378,26.125,95.875
2.4921413327761673E-5,7379,26.125,96.125
2.1187213679734153E-5,7380,26.125,96.375
2.8298979032065175E-5,7381,26.125,96.625
3.10295194613149E-5,7382,26.125,96.875
2.100142860551101E-5,7383,26.125,97.125
2.3778757677730965E-5,7384,26.125,97.375
2.525152601573771E-5,7385,26.125,97.625
3.4499970000012654E-5,7386,26.125,97.875
2.419310023672818E-5,7387,26.125,98.125
4.114767034615508E-5,7388,26.125,98.375
5.9117131886940845E-5,7389,26.125,98.625
1.574197191624968E-5,7390,26.375,95.125
2.1713227626607508E-5,7391,26.375,95.375
2.220693069845684E-5,7392,26.375,95.625
2.5207912080374583E-5,7393,26.375,95.875
2.6909253020223655E-5,7394,26.375,96.125
2.398831838484163E-5,7395,26.375,96.375
3.3563436444018225E-5,7396,26.375,96.625
3.085103680786999E-5,7397,26.375,96.875
2.113758764223214E-5,7398,26.375,97.125
2.394904954938441E-5,7399,26.375,97.375
6.916633939641914E-5,7400,26.375,97.625
4.972191303115391E-5,7401,26.375,97.875
2.015690986662329E-5,7402,26.375,98.125
1.4642964464770944E-5,7403,26.375,98.375
3.2927698314953665E-5,7404,26.375,98.625
2.2067807712703623E-5,7405,26.625,95.125
1.98207688542517E-5,7406,26.625,95.375
5.434691876268835E-5,7407,26.625,95.625
1.8456740659983134E-4,7408,26.625,95.875
1.472430742885791E-4,7409,26.625,96.125
2.4244196229774915E-5,7410,26.625,96.375
2.128476098563075E-5,7411,26.625,96.625
2.524280052872541E-5,7412,26.625,96.875
1.682673639787432E-5,7413,26.625,97.125
1.3871861427093535E-5,7414,26.625,97.375
4.0441171603863485E-5,7415,26.625,97.625
3.990766560398941E-5,7416,26.625,97.875
3.8638032164640016E-5,7417,26.625,98.125
1.0953299182898496E-5,7418,26.625,98.375
1.1585677908940937E-5,7419,26.625,98.625
9.703337056639211E-6,7420,26.625,98.875
1.9989493557696467E-5,7421,26.875,95.375
1.9322861197236552E-5,7422,26.875,95.625
1.0690820345114838E-4,7423,26.875,95.875
9.882105912255219E-5,7424,26.875,96.125
2.3058155361113435E-5,7425,26.875,96.375
2.0647821770200245E-5,7426,26.875,96.625
2.537184788768962E-5,7427,26.875,96.875
1.905310587112521E-5,7428,26.875,97.125
1.453431655942715E-5,7429,26.875,97.375
1.861054809810638E-5,7430,26.875,97.625
1.865843573248952E-5,7431,26.875,97.875
1.4970792697007741E-5,7432,26.875,98.125
1.4037524968282246E-5,7433,26.875,98.375
1.2678859778440806E-5,7434,26.875,98.625
6.887230159947454E-6,7435,26.875,98.875
2.6635173869937265E-5,7436,27.125,95.875
2.2532546637320052E-5,7437,27.125,96.125
2.503406630435307E-5,7438,27.125,96.375
1.7816025103290306E-5,7439,27.125,96.625
1.6216185552925342E-5,7440,27.125,96.875
1.0377393967549628E-5,7441,27.125,97.125
8.330788659804966E-6,7442,27.125,97.375
1.6293944575530373E-5,7443,27.125,97.625
1.73749852850601E-5,7444,27.125,97.875
1.1182880917693843E-5,7445,27.125,98.125
1.2058781594503205E-5,7446,27.125,98.375
1.8301155338542586E-5,7447,27.125,98.625
-4.042702429263648E-7,7448,27.125,98.875
2.0355673088509893E-5,7449,27.375,96.125
2.1507049849119223E-5,7450,27.375,96.375
1.728987876214947E-5,7451,27.375,96.625
1.1913467048263524E-5,7452,27.375,96.875
,7453,27.375,97.125
,7454,27.375,97.375
1.4357914063144904E-5,7455,27.375,97.625
1.806704534030641E-5,7456,27.375,97.875
9.877372777484064E-6,7457,27.375,98.125
8.315752348948455E-6,7458,27.375,98.375
1.492604408838803E-5,7459,27.375,98.625
-1.3188895309212967E-6,7460,27.625,96.875
,7461,27.625,97.125
,7462,27.625,97.375
,7463,27.625,97.625
,7464,27.625,97.875
,7465,27.625,98.125
,7466,27.625,98.375
,7467,27.625,98.625
,7468,27.875,97.125
,7469,27.875,97.375
,7470,27.875,97.625
,7471,27.875,97.875
,7472,27.875,98.125
5.417758862022409E-6,7473,28.125,97.375
1.7872515627459507E-6,7474,28.125,97.625
,7475,28.125,97.875
7.349717799859883E-6,7476,28.125,98.125
8.046888069657143E-6,7477,28.375,97.375
7.386167785031615E-6,7478,28.375,97.625
8.85686061332566E-6,7479,28.375,97.875
,7480,28.375,98.125
9.458461555111688E-6,7481,28.625,97.625
7.984198386885197E-6,7482,9.125,117.625
1.5062927954091278E-5,7483,9.125,117.875
1.1527380650558183E-5,7484,9.125,118.125
5.154741725654829E-6,7485,9.125,118.375
1.0586738437278921E-5,7486,9.125,122.875
1.6050285488615526E-5,7487,9.125,123.125
1.2290323056178865E-5,7488,9.125,123.375
1.0017555356912722E-5,7489,9.125,123.625
1.161988451034873E-5,7490,9.125,124.625
1.2381234850702764E-5,7491,9.125,124.875
1.036007779143916E-5,7492,9.125,125.125
1.4544694263102208E-5,7493,9.125,125.375
1.3377265432977807E-5,7494,9.125,125.625
,7495,9.125,125.875
6.369213594970996E-6,7496,9.125,126.125
8.283767432530646E-6,7497,9.125,126.375
1.4112709873798842E-5,7498,9.375,117.875
2.4629993053139083E-5,7499,9.375,118.125
-2.0940694947264517E-7,7500,9.375,118.375
8.172997921707038E-6,7501,9.375,118.625
1.5748877558507957E-5,7502,9.375,120.875
1.277755976902435E-5,7503,9.375,122.625
1.3649460339918836E-5,7504,9.375,122.875
1.7242462131057727E-5,7505,9.375,123.125
9.69438312096134E-6,7506,9.375,123.375
8.074330462736461E-6,7507,9.375,123.625
1.0615999127539128E-5,7508,9.375,123.875
9.551395901749329E-6,7509,9.375,124.625
9.757688394535331E-6,7510,9.375,125.375
1.4914357565196136E-5,7511,9.375,125.625
,7512,9.375,125.875
7.0113422831791545E-6,7513,9.375,126.125
4.038219580427837E-6,7514,9.625,118.125
1.002996888381609E-5,7515,9.625,118.375
3.854749283540049E-6,7516,9.625,118.625
6.169578864815038E-6,7517,9.625,118.875
9.615942415678587E-6,7518,9.625,121.125
9.374451503455165E-6,7519,9.625,121.375
2.0596500416612584E-5,7520,9.625,122.375
1.9029280542649834E-5,7521,9.625,122.625
1.788933629227469E-5,7522,9.625,122.875
1.5867682235426687E-5,7523,9.625,123.125
1.3066383458769024E-5,7524,9.625,123.375
1.0498449157347888E-5,7525,9.625,123.625
1.0969735646793957E-5,7526,9.625,123.875
5.244460581171569E-6,7527,9.625,124.125
9.861297793968478E-6,7528,9.625,124.375
9.109454678353753E-6,7529,9.625,124.625
1.899582465667963E-5,7530,9.625,125.375
,7531,9.625,125.625
9.354887182876806E-6,7532,9.625,125.875
5.22379742273376E-6,7533,9.625,126.125
7.977231332581856E-6,7534,9.875,118.375
5.9058122196648665E-6,7535,9.875,118.625
9.832200334704346E-6,7536,9.875,118.875
9.289316992502551E-6,7537,9.875,119.125
1.733070567487219E-5,7538,9.875,122.375
1.666809073644531E-5,7539,9.875,122.625
1.673725433732692E-5,7540,9.875,122.875
1.5301794210395086E-5,7541,9.875,123.125
1.3532606154080622E-5,7542,9.875,123.375
1.061833385489191E-5,7543,9.875,123.625
9.463896894654552E-6,7544,9.875,123.875
9.892147074100389E-6,7545,9.875,124.125
9.935222978929226E-6,7546,9.875,124.375
1.1402417506173814E-5,7547,9.875,124.625
9.431355002540326E-6,7548,9.875,125.125
1.1455000695720126E-5,7549,9.875,125.375
1.0177639073125961E-5,7550,9.875,125.625
1.4015221672059136E-5,7551,9.875,125.875
,7552,9.875,126.125
9.83441566897794E-6,7553,10.125,118.625
1.4110022488193213E-5,7554,10.125,118.875
3.3950757174929078E-6,7555,10.125,119.125
6.896212222514027E-6,7556,10.125,119.375
1.572080257455562E-5,7557,10.125,122.625
1.6249859168792368E-5,7558,10.125,122.875
1.6073510803420402E-5,7559,10.125,123.125
1.2270969239157271E-5,7560,10.125,123.375
1.1082781185882545E-5,7561,10.125,123.625
1.3944698374077293E-5,7562,10.125,123.875
1.6332843262368803E-5,7563,10.125,124.125
1.2672941792117047E-5,7564,10.125,124.375
1.1541979826570674E-5,7565,10.125,124.625
7.167955920782206E-6,7566,10.125,124.875
7.714528273633664E-6,7567,10.125,125.125
2.627566629440274E-6,7568,10.125,125.375
6.235969516979788E-6,7569,10.125,125.625
,7570,10.125,126.125
7.79437066966679E-6,7571,10.375,118.875
1.6063949032416233E-5,7572,10.375,119.125
1.0727756489359308E-5,7573,10.375,119.375
1.1214497742583715E-5,7574,10.375,119.625
9.464847501734518E-6,7575,10.375,119.875
8.763294562296674E-6,7576,10.375,121.875
1.4865444346103383E-5,7577,10.375,122.125
1.185918367502766E-5,7578,10.375,122.375
1.843601684132063E-5,7579,10.375,122.625
2.140305566776793E-5,7580,10.375,122.875
1.0764725696491256E-5,7581,10.375,123.125
9.921019843936424E-6,7582,10.375,123.375
1.4934756281558655E-5,7583,10.375,123.625
1.202105643423278E-5,7584,10.375,123.875
8.626088228688888E-6,7585,10.375,124.125
5.272171150541895E-6,7586,10.375,124.375
1.1259517314420622E-5,7587,10.375,124.625
8.976254321169108E-6,7588,10.375,124.875
,7589,10.375,125.125
1.2997843026678689E-5,7590,10.375,125.375
1.2605647873384082E-5,7591,10.375,125.625
1.0527792960880498E-5,7592,10.625,119.125
1.1546090027324013E-5,7593,10.625,119.375
1.3314741553454947E-5,7594,10.625,119.625
1.1016436195696766E-5,7595,10.625,119.875
1.2507047381572807E-5,7596,10.625,120.125
1.16214160714717E-5,7597,10.625,120.375
,7598,10.625,120.875
,7599,10.625,121.875
1.5842839514681115E-5,7600,10.625,122.125
1.3287509006291905E-5,7601,10.625,122.375
1.9040353462817975E-5,7602,10.625,122.625
1.7439832757763602E-5,7603,10.625,122.875
1.2439706742039248E-5,7604,10.625,123.125
8.49854953262767E-6,7605,10.625,123.375
5.4633339309390215E-6,7606,10.625,123.625
1.3308107466953244E-5,7607,10.625,123.875
5.785750079381686E-6,7608,10.625,124.125
9.460990750764215E-6,7609,10.625,124.375
1.2059250634456671E-5,7610,10.625,124.625
,7611,10.625,124.875
1.3535981502942699E-5,7612,10.625,125.125
1.380761922495108E-5,7613,10.625,125.625
7.75855859265755E-6,7614,10.625,125.875
1.0040242220915541E-5,7615,10.875,119.125
6.810367865982203E-6,7616,10.875,119.375
1.151187002934218E-5,7617,10.875,119.625
1.3997987136458089E-5,7618,10.875,120.625
,7619,10.875,120.875
1.3397532840874978E-5,7620,10.875,121.125
,7621,10.875,121.875
1.167812934433671E-5,7622,10.875,122.125
1.2151378120011064E-5,7623,10.875,122.375
1.1314471526526634E-5,7624,10.875,122.625
1.1906066972493085E-5,7625,10.875,122.875
1.2379276973649898E-5,7626,10.875,123.125
1.0808611595221135E-5,7627,10.875,123.375
4.272093581679062E-6,7628,10.875,123.625
,7629,10.875,123.875
9.031860731310262E-6,7630,10.875,124.125
,7631,10.875,124.375
,7632,10.875,124.625
1.0888211287605203E-5,7633,10.875,124.875
1.0212445798138989E-5,7634,10.875,125.125
7.43613884170123E-6,7635,10.875,125.625
9.71242281098361E-6,7636,10.875,125.875
1.2160091952367824E-5,7637,11.125,119.125
1.3398350468701668E-5,7638,11.125,119.375
1.0026037069198048E-5,7639,11.125,119.625
1.1653689428720927E-5,7640,11.125,119.875
1.2165097225491934E-5,7641,11.125,120.375
1.091296740634681E-5,7642,11.125,120.625
,7643,11.125,120.875
,7644,11.125,121.125
1.2152431644033376E-5,7645,11.125,122.125
7.697211090315972E-6,7646,11.125,122.375
1.2700781038993699E-5,7647,11.125,122.625
1.4778849492197993E-5,7648,11.125,122.875
1.1029588886958688E-5,7649,11.125,123.125
1.0751799297458593E-5,7650,11.125,123.375
,7651,11.125,123.625
,7652,11.125,123.875
1.1281055170485182E-5,7653,11.125,124.125
,7654,11.125,124.375
,7655,11.125,124.625
6.4756149140419815E-6,7656,11.125,124.875
8.996447727134413E-6,7657,11.125,125.125
1.0654157646437684E-5,7658,11.125,125.375
1.1755457421598183E-5,7659,11.125,125.625
7.240683878935867E-6,7660,11.125,125.875
9.117895827825043E-6,7661,11.375,119.375
1.2150870303281257E-5,7662,11.375,119.625
1.0734093324948381E-5,7663,11.375,119.875
1.0554797930197969E-5,7664,11.375,120.125
,7665,11.375,120.625
9.243629939161277E-6,7666,11.375,120.875
8.863964563207458E-6,7667,11.375,121.625
1.0683362552408868E-5,7668,11.375,121.875
1.2745285824295907E-5,7669,11.375,122.125
2.2354270969116665E-5,7670,11.375,122.375
1.3815775106629672E-5,7671,11.375,122.625
1.4027810772140758E-5,7672,11.375,122.875
1.3293511848804502E-5,7673,11.375,123.125
7.915794643775342E-6,7674,11.375,123.375
1.0694195811614573E-5,7675,11.375,123.625
9.877487351652475E-6,7676,11.375,123.875
9.944232493690905E-6,7677,11.375,124.125
8.093687610630593E-6,7678,11.375,124.375
4.866249504956309E-6,7679,11.375,124.625
1.3548937551137592E-5,7680,11.375,124.875
1.595991086631768E-5,7681,11.375,125.125
8.162953205707405E-6,7682,11.375,125.375
7.2433487230381E-6,7683,11.375,125.625
8.609434788855998E-6,7684,11.625,119.625
1.0630365456146465E-5,7685,11.625,119.875
1.0901018365398926E-5,7686,11.625,120.125
1.0087872885398038E-5,7687,11.625,121.625
1.0897810839385537E-5,7688,11.625,121.875
1.103896516578889E-5,7689,11.625,122.125
1.5655170251861293E-5,7690,11.625,122.375
1.0546801029567958E-5,7691,11.625,122.625
8.533142795718368E-6,7692,11.625,122.875
1.0181433671268368E-5,7693,11.625,123.125
1.198626157113125E-5,7694,11.625,123.375
5.089333977799871E-6,7695,11.625,124.125
1.4791243127326514E-6,7696,11.625,124.375
,7697,11.625,124.625
8.717987812370753E-6,7698,11.625,124.875
8.303835542024737E-6,7699,11.625,125.125
1.0280637658681843E-5,7700,11.625,125.375
1.343396960644321E-5,7701,11.625,125.625
1.1529946780013024E-5,7702,11.875,119.875
1.1096271702200198E-5,7703,11.875,120.125
1.2203631575792729E-5,7704,11.875,120.375
9.959463786472952E-6,7705,11.875,121.375
8.037342384393731E-6,7706,11.875,121.625
1.113161531938174E-5,7707,11.875,121.875
1.002167847587394E-5,7708,11.875,122.125
9.578414140339873E-6,7709,11.875,122.375
9.602984989752131E-6,7710,11.875,123.125
9.245942523682154E-6,7711,11.875,123.375
,7712,11.875,123.625
,7713,11.875,123.875
1.1620344361715052E-5,7714,11.875,124.125
1.071891892934218E-5,7715,11.875,124.375
2.661049064625739E-6,7716,11.875,124.625
,7717,11.875,124.875
7.662513972621393E-6,7718,11.875,125.125
,7719,11.875,125.375
,7720,12.125,119.875
1.6474871781307305E-5,7721,12.125,120.125
1.584266872129917E-5,7722,12.125,120.375
1.2608043961477476E-5,7723,12.125,121.125
1.4223391398932556E-5,7724,12.125,121.375
8.783713256031369E-6,7725,12.125,121.625
1.1479072487223948E-5,7726,12.125,121.875
9.722837925531213E-6,7727,12.125,122.125
1.4033135957023815E-5,7728,12.125,122.625
1.2457311798586781E-5,7729,12.125,123.125
6.455414272521201E-6,7730,12.125,123.375
,7731,12.125,123.625
,7732,12.125,123.875
,7733,12.125,124.125
,7734,12.125,124.375
,7735,12.125,124.625
,7736,12.125,124.875
,7737,12.125,125.125
,7738,12.125,125.375
6.02773661739775E-6,7739,12.125,125.625
1.2478630251631776E-5,7740,12.375,119.875
5.596823185290608E-6,7741,12.375,120.125
,7742,12.375,120.375
1.256122865087619E-5,7743,12.375,120.875
1.84856232443777E-5,7744,12.375,121.125
1.610684010131141E-5,7745,12.375,121.375
1.0699064191731758E-5,7746,12.375,121.875
9.971504603311247E-6,7747,12.375,122.125
9.824321753084302E-6,7748,12.375,122.375
1.3111016372078908E-5,7749,12.375,122.625
1.743303090703224E-5,7750,12.375,123.125
1.812402492088589E-5,7751,12.375,123.375
1.1649654517630535E-5,7752,12.375,123.625
1.6003397831809707E-5,7753,12.375,123.875
,7754,12.375,124.125
,7755,12.375,124.375
5.853275258905407E-6,7756,12.375,124.625
1.545884089323942E-5,7757,12.375,124.875
,7758,12.375,125.125
8.472481965782208E-6,7759,12.375,125.375
,7760,12.625,120.375
2.0431960365347774E-5,7761,12.625,120.875
5.804253596460101E-5,7762,12.625,121.125
1.2423668344219104E-5,7763,12.625,121.375
1.1677022135587095E-5,7764,12.625,121.625
8.790431706947909E-6,7765,12.625,121.875
8.577577247071775E-6,7766,12.625,122.125
9.665473580171382E-6,7767,12.625,122.375
1.1025512633445703E-5,7768,12.625,122.625
1.0500252600337799E-5,7769,12.625,123.125
8.348533544783807E-6,7770,12.625,123.375
1.142409648501146E-5,7771,12.625,123.625
,7772,12.625,123.875
,7773,12.625,124.125
4.07960386998086E-6,7774,12.625,124.375
1.0293432581249614E-5,7775,12.625,124.625
4.183305600285318E-6,7776,12.625,124.875
,7777,12.625,125.125
9.697778390619002E-6,7778,12.625,125.375
,7779,12.875,120.625
2.225796227569078E-5,7780,12.875,120.875
2.2784180160313216E-5,7781,12.875,121.125
1.189345176638911E-5,7782,12.875,121.375
1.4837685917955222E-5,7783,12.875,121.625
1.0226470436076204E-5,7784,12.875,122.125
1.1965690630085118E-5,7785,12.875,123.125
1.2017345544032859E-5,7786,12.875,123.375
8.606492158088367E-6,7787,12.875,123.625
1.6022476472914214E-5,7788,12.875,123.875
1.1212476164800383E-5,7789,12.875,124.125
2.09723845259653E-5,7790,12.875,124.375
1.817811062326082E-5,7791,13.125,120.625
2.144814221439325E-5,7792,13.125,120.875
1.3202633677844054E-5,7793,13.125,121.125
1.0664029811338602E-5,7794,13.125,121.375
1.4672737727042465E-5,7795,13.125,121.625
9.180789389987625E-6,7796,13.125,121.875
1.3010369376783069E-5,7797,13.125,122.125
1.0880286108000743E-5,7798,13.125,122.625
1.3085496209083545E-5,7799,13.125,122.875
1.8406481922075278E-5,7800,13.125,123.125
1.0328036636615415E-5,7801,13.125,123.375
1.06673199761645E-5,7802,13.125,123.625
9.19421191955288E-6,7803,13.125,123.875
1.5511249781821892E-5,7804,13.125,124.125
,7805,13.375,120.375
1.5451735635119147E-5,7806,13.375,120.625
1.584642972411545E-5,7807,13.375,120.875
1.864618520758189E-5,7808,13.375,121.125
1.0558696064738867E-5,7809,13.375,121.375
1.1188894101899393E-5,7810,13.375,121.875
1.2157237265457268E-5,7811,13.375,122.125
1.0349613658403594E-5,7812,13.375,122.375
1.5911356405496513E-5,7813,13.375,122.625
1.4247566203830428E-5,7814,13.375,123.125
1.2240491806256521E-5,7815,13.375,123.375
8.85503962014114E-6,7816,13.375,123.625
1.1036638240843006E-5,7817,13.375,123.875
1.3437054864634766E-5,7818,13.375,124.125
1.0696747959692812E-5,7819,13.625,120.125
1.2194231558913342E-5,7820,13.625,120.375
1.4107853989779855E-5,7821,13.625,120.625
1.1900912490173444E-5,7822,13.625,120.875
1.6586355989512442E-5,7823,13.625,121.125
1.9641486509592978E-5,7824,13.625,121.375
1.4871883076341796E-5,7825,13.625,121.875
1.5035153903166615E-5,7826,13.625,122.125
1.5122196127446107E-5,7827,13.625,122.375
9.603303106496924E-6,7828,13.625,122.625
8.176495816425964E-6,7829,13.625,122.875
1.628019321163515E-5,7830,13.625,123.125
1.316749569573274E-5,7831,13.625,123.375
1.4768485804383E-5,7832,13.625,123.625
1.25482131401124E-5,7833,13.625,123.875
1.2250014771052274E-5,7834,13.625,124.125
1.0652165737744256E-5,7835,13.625,124.375
1.5721015513079845E-5,7836,13.875,120.125
1.912172483178497E-5,7837,13.875,120.375
1.687991567564661E-5,7838,13.875,120.625
1.9169105082758944E-5,7839,13.875,120.875
2.207154811349515E-5,7840,13.875,121.125
2.237800572460403E-5,7841,13.875,121.375
1.7725986365512228E-5,7842,13.875,121.625
1.79332374507378E-5,7843,13.875,121.875
9.753804774573999E-6,7844,13.875,122.125
7.4010400531743095E-6,7845,13.875,122.375
1.1191766895820111E-5,7846,13.875,122.625
9.310653046477728E-6,7847,13.875,122.875
1.2337524622312173E-5,7848,13.875,123.125
1.1994296008863075E-5,7849,13.875,123.375
4.394285103388561E-6,7850,13.875,123.625
1.3621149348085528E-5,7851,13.875,123.875
1.2339788640292578E-5,7852,13.875,124.125
1.0348981562498243E-5,7853,13.875,124.375
2.1306395580511733E-5,7854,14.125,120.375
2.6134506491590748E-5,7855,14.125,120.625
2.0377338698481755E-5,7856,14.125,120.875
2.290634669649733E-5,7857,14.125,121.125
2.6058480541674073E-5,7858,14.125,121.375
1.9089137821735564E-5,7859,14.125,121.625
1.4572483147763088E-5,7860,14.125,121.875
1.5957083659246455E-5,7861,14.125,122.125
1.0343281657341983E-5,7862,14.125,122.375
1.3950777688990622E-5,7863,14.125,122.625
1.588174227899841E-5,7864,14.125,122.875
1.1849050880019261E-5,7865,14.125,123.125
1.2564431632883004E-5,7866,14.125,123.375
1.058041773757713E-5,7867,14.125,123.625
1.0684628605490995E-5,7868,14.125,123.875
1.2188907731017584E-5,7869,14.125,124.125
1.0976358824504148E-5,7870,14.125,124.375
1.5150454388403342E-5,7871,14.375,120.375
2.027434457854044E-5,7872,14.375,120.625
2.0956607013770063E-5,7873,14.375,120.875
2.2154353186912644E-5,7874,14.375,121.125
1.5098791607893746E-5,7875,14.375,121.375
1.6888356178711824E-5,7876,14.375,121.625
1.5269103523378095E-5,7877,14.375,121.875
1.3307316775744116E-5,7878,14.375,122.125
1.1121778020297067E-5,7879,14.375,122.375
1.1932343284103316E-5,7880,14.375,122.625
1.0585521054306985E-5,7881,14.375,122.875
8.560017584371604E-6,7882,14.375,123.125
,7883,14.625,120.125
3.479920359632797E-5,7884,14.625,120.375
4.221471740008217E-5,7885,14.625,120.625
3.3033327250099544E-5,7886,14.625,120.875
4.094654135602031E-5,7887,14.625,121.125
1.9639245802202373E-5,7888,14.625,121.375
1.2813115956504714E-5,7889,14.625,121.625
1.4896418911698664E-5,7890,14.625,121.875
1.1797840030071703E-5,7891,14.625,122.125
9.818273915275915E-6,7892,14.625,122.375
8.109846938891669E-6,7893,14.625,122.875
4.8435494260572404E-5,7894,14.875,120.125
3.4631344272963965E-5,7895,14.875,120.375
2.4640713444309843E-5,7896,14.875,120.625
2.5611487208006157E-5,7897,14.875,120.875
1.6612558481272238E-5,7898,14.875,121.125
1.727063949859994E-5,7899,14.875,121.375
1.1680091059555373E-5,7900,14.875,121.625
1.586143302436273E-5,7901,14.875,121.875
1.5826943317994444E-5,7902,14.875,122.125
1.291073496767983E-5,7903,14.875,122.375
2.3241633296832052E-5,7904,15.125,120.125
2.8611889077485584E-5,7905,15.125,120.375
4.316092406266135E-5,7906,15.125,120.625
2.0462403848929915E-5,7907,15.125,120.875
1.8096436312426693E-5,7908,15.125,121.125
1.3819022143398856E-5,7909,15.125,121.375
1.3941734129967021E-5,7910,15.125,121.625
1.4659375342187134E-5,7911,15.125,121.875
1.2854640296943475E-5,7912,15.125,122.125
2.4065328663559287E-5,7913,15.375,119.875
2.9187054180566782E-5,7914,15.375,120.125
2.9162758923464162E-5,7915,15.375,120.375
3.194484749822354E-5,7916,15.375,120.625
1.9472898203922683E-5,7917,15.375,120.875
2.0099774900978618E-5,7918,15.375,121.125
1.7214147360859092E-5,7919,15.375,121.375
2.2604072606609035E-5,7920,15.625,119.875
3.1308419224961893E-5,7921,15.625,120.125
2.3132425008951326E-5,7922,15.625,120.375
2.868226470087972E-5,7923,15.625,120.625
2.168967693311245E-5,7924,15.625,120.875
2.039082735715522E-5,7925,15.625,121.125
8.313931154689097E-6,7926,15.625,121.375
1.0657766230876072E-5,7927,15.625,121.625
2.2283407287014414E-5,7928,15.875,119.625
2.7025177405274668E-5,7929,15.875,119.875
2.658298969196157E-5,7930,15.875,120.125
3.0949226219381055E-5,7931,15.875,120.375
3.5186708965338095E-5,7932,15.875,120.625
2.6313933751023175E-5,7933,15.875,120.875
2.7103514754968344E-5,7934,15.875,121.125
1.7537083220461587E-5,7935,15.875,121.375
1.4736544337086616E-5,7936,15.875,121.625
2.5199607576373406E-5,7937,16.125,119.875
3.4562588891554524E-5,7938,16.125,120.125
3.280248916109655E-5,7939,16.125,120.375
3.0204164060488127E-5,7940,16.125,120.625
2.1115937181356225E-5,7941,16.125,120.875
2.2108235925555356E-5,7942,16.125,121.125
2.067863174619214E-5,7943,16.125,121.375
1.812349285989839E-5,7944,16.125,121.625
1.2112770521119355E-5,7945,16.125,121.875
1.2476845994577003E-5,7946,16.125,122.125
2.22092215593489E-5,7947,16.375,119.875
2.1603348883712698E-5,7948,16.375,120.125
2.2248024073729336E-5,7949,16.375,120.375
1.943260831317117E-5,7950,16.375,120.625
2.0531924213041876E-5,7951,16.375,120.875
2.6373314820743235E-5,7952,16.375,121.125
2.0832120089393656E-5,7953,16.375,121.375
1.9106261903358843E-5,7954,16.375,121.625
1.8231630244738334E-5,7955,16.375,121.875
9.981860040708086E-6,7956,16.375,122.125
2.1821494885182872E-5,7957,16.625,120.375
,7958,16.625,120.625
1.147383608008019E-6,7959,16.625,120.875
1.7773886228603663E-5,7960,16.625,121.125
3.6435711810744285E-5,7961,16.625,121.375
2.7633596574234323E-5,7962,16.625,121.625
1.8498684821818517E-5,7963,16.625,121.875
1.0770425754029161E-5,7964,16.625,122.125
1.4354434181119772E-5,7965,16.625,122.375
1.956113579078491E-5,7966,16.875,120.375
,7967,16.875,120.625
1.3523772630315372E-5,7968,16.875,120.875
1.674521600776921E-5,7969,16.875,121.125
3.0711311485088974E-5,7970,16.875,121.375
2.7990054652447015E-5,7971,16.875,121.625
2.7477101646998295E-5,7972,16.875,121.875
2.4210905657562993E-5,7973,16.875,122.125
1.559822998692766E-5,7974,16.875,122.375
1.74575203080119E-5,7975,17.125,120.375
2.088577801357673E-5,7976,17.125,120.625
2.9457583877956495E-5,7977,17.125,120.875
3.4025654093510116E-5,7978,17.125,121.125
2.5277458972467757E-5,7979,17.125,121.375
3.550772083697463E-5,7980,17.125,121.625
2.4976772647692845E-5,7981,17.125,121.875
1.8881385852472414E-5,7982,17.125,122.125
9.309132239836145E-6,7983,17.125,122.375
1.1836311200665692E-5,7984,17.125,122.625
1.6813966283567964E-5,7985,17.375,120.375
2.2320875905669074E-5,7986,17.375,120.625
,7987,17.375,120.875
2.647200464563481E-5,7988,17.375,121.125
2.56556043339214E-5,7989,17.375,121.375
2.8596996269767935E-5,7990,17.375,121.625
2.2727494460864378E-5,7991,17.375,121.875
1.561244893988553E-5,7992,17.375,122.125
1.5234340306618668E-5,7993,17.375,122.375
2.0536105776574617E-5,7994,17.625,120.375
1.8845735680857037E-5,7995,17.625,120.625
2.2401853783427655E-5,7996,17.625,120.875
2.5828822253781804E-5,7997,17.625,121.125
2.6931002189266204E-5,7998,17.625,121.375
2.9511853902526073E-5,7999,17.625,121.625
2.2342171218650014E-5,8000,17.625,121.875
1.142320241699653E-5,8001,17.625,122.125
1.9404984450490554E-5,8002,17.875,120.375
2.580908285363566E-5,8003,17.875,120.625
1.6366207958043495E-5,8004,17.875,120.875
2.210161660571549E-5,8005,17.875,121.125
2.2738882242128174E-5,8006,17.875,121.375
2.536739083345135E-5,8007,17.875,121.625
2.131462917017649E-5,8008,17.875,121.875
1.876633898091882E-5,8009,17.875,122.125
2.44215951423679E-5,8010,18.125,120.375
2.1406641514559344E-5,8011,18.125,120.625
2.3849561059071986E-5,8012,18.125,120.875
1.9984284348163695E-5,8013,18.125,121.125
3.038709382338579E-5,8014,18.125,121.375
1.9807264836084976E-5,8015,18.125,121.625
2.324538467702387E-5,8016,18.125,121.875
2.076711182492302E-5,8017,18.125,122.125
1.7238104716889213E-5,8018,18.125,122.375
2.0298115351492265E-5,8019,18.375,120.625
2.9126016150916252E-5,8020,18.375,120.875
1.540459774798309E-5,8021,18.375,121.125
2.2518712416670616E-5,8022,18.375,121.375
1.8350989788199286E-5,8023,18.375,121.625
1.801049687222688E-5,8024,18.375,121.875
1.5576285778226974E-5,8025,18.375,122.125
1.5685900886211594E-5,8026,18.375,122.375
1.736330381958008E-5,8027,18.625,120.625
1.765223184858783E-5,8028,18.625,120.875
1.994923351655984E-5,8029,18.625,121.125
1.4779858808269347E-5,8030,18.625,121.375
1.4837634729952833E-5,8031,18.625,122.125
1.633768503706068E-5,8032,18.875,121.125
1.59300002128106E-5,8033,18.875,121.375
1.4473812222119484E-5,8034,18.875,121.875
1.532133290520051E-5,8035,19.125,121.125
1.2649637645681425E-5,8036,19.125,121.375
1.7520829290493035E-5,8037,19.125,121.625
1.417512074181375E-5,8038,19.125,121.875
1.3716901338258769E-5,8039,19.125,122.125
1.1473617493685746E-5,8040,19.375,121.375
1.2457459185847194E-5,8041,19.375,121.625
1.527280232530577E-5,8042,19.375,121.875
1.6338656577746394E-5,8043,19.625,121.875
1.1548616255851818E-5,8044,19.875,122.125
1.2827160375971746E-5,8045,20.375,121.875
1.2646407936320598E-5,8046,20.375,122.125
1.4638982120329391E-5,8047,20.625,121.875
1.2158197689001023E-5,8048,20.875,121.875
1.84592781914384E-5,8049,21.125,121.875
1.2173071809229441E-5,8050,-8.625,113.875
,8051,-8.375,113.875
,8052,-8.125,113.875
,8053,-7.875,113.875
,8054,-7.625,113.875
,8055,-7.125,113.875
,8056,-6.875,113.875
,8057,-3.375,113.875
,8058,-3.125,113.875
,8059,-2.875,113.875
,8060,-2.625,113.875
,8061,-2.375,113.875
,8062,-2.125,113.875
,8063,-1.875,113.875
9.73880063940091E-6,8064,-1.625,113.875
,8065,-1.375,113.875
,8066,-1.125,113.875
,8067,-0.875,113.875
,8068,-0.625,113.875
9.753727824619478E-6,8069,-0.375,113.875
6.4163523831673244E-6,8070,-0.125,113.875
5.266047023733558E-6,8071,0.125,113.875
7.243369234015398E-7,8072,0.375,113.875
7.816477007260246E-6,8073,0.625,113.875
3.0292878818566387E-6,8074,0.875,113.875
2.6836217884799825E-6,8075,1.125,113.875
6.91106249900839E-7,8076,1.375,113.875
,8077,1.625,113.875
,8078,1.875,113.875
,8079,2.125,113.875
1.525789275929159E-5,8080,2.375,113.875
1.70208054539787E-5,8081,2.625,113.875
,8082,2.875,113.875
,8083,3.125,113.875
6.354736510589786E-6,8084,3.375,113.875
8.96145277515288E-6,8085,3.625,113.875
3.923534540805135E-6,8086,3.875,113.875
2.770724367326169E-5,8087,4.125,113.875
2.1253930510300985E-5,8088,4.375,113.875
1.5476154287811936E-5,8089,4.625,113.875
6.592542287573125E-6,8090,8.625,97.625
6.020717973891563E-6,8091,8.625,98.125
5.543226292609806E-6,8092,8.625,98.375
9.806684752297196E-6,8093,8.625,98.625
1.2187410961319486E-5,8094,8.625,98.875
1.0674916465239379E-5,8095,8.625,99.125
9.854758769707644E-6,8096,8.625,99.375
9.933582185242141E-6,8097,8.625,99.625
1.1004644463928041E-5,8098,8.625,99.875
7.801455609140712E-6,8099,8.625,100.125
6.467886260733862E-6,8100,8.625,104.625
5.732281154484015E-6,8101,8.625,104.875
7.682762205447863E-6,8102,8.625,105.125
7.952172270734256E-6,8103,8.625,117.125
2.060841817814291E-5,8104,8.625,117.375
-9.319445744360966E-7,8105,8.625,117.625
4.702873582343285E-6,8106,8.625,117.875
1.0213118996500698E-5,8107,8.625,123.125
1.0046176744914641E-5,8108,8.625,123.375
8.175968283581217E-6,8109,8.625,123.625
1.032547929388135E-5,8110,8.625,123.875
8.617832644944632E-6,8111,8.625,124.375
1.900770888851793E-5,8112,8.625,124.625
2.1631550113017297E-5,8113,8.625,124.875
1.8441712156703853E-5,8114,8.625,125.125
1.2077014941128565E-5,8115,8.625,125.375
,8116,8.625,125.625
,8117,8.625,125.875
,8118,8.625,126.125
8.812520471360053E-6,8119,8.625,126.375
7.0116920701572495E-6,8120,8.875,97.875
7.647460024048129E-6,8121,8.875,98.125
5.205561783304489E-6,8122,8.875,98.375
8.627113094455886E-6,8123,8.875,98.625
8.864719765434415E-6,8124,8.875,98.875
9.961710601819068E-6,8125,8.875,99.125
5.294325736471626E-6,8126,8.875,99.375
1.0356568954798687E-5,8127,8.875,99.625
7.2883572793093814E-6,8128,8.875,99.875
1.0036543948189832E-5,8129,8.875,104.625
9.37167469017424E-6,8130,8.875,104.875
6.278690593406229E-6,8131,8.875,105.125
9.367147448263738E-6,8132,8.875,105.375
1.5271930188379627E-5,8133,8.875,117.375
1.9290024991363644E-5,8134,8.875,117.625
2.4040081847296954E-6,8135,8.875,117.875
3.4183607635070265E-6,8136,8.875,118.125
7.594553208277064E-6,8137,8.875,118.375
9.176862375207904E-6,8138,8.875,123.375
1.9840676031682975E-5,8139,8.875,124.875
1.3662001996605334E-5,8140,8.875,125.125
6.871112306457357E-6,8141,8.875,125.375
-7.415601015947947E-7,8142,8.875,125.625
7.563894996565068E-6,8143,8.875,125.875
4.941944476229195E-6,8144,8.875,126.125
8.275911287208344E-6,8145,8.875,126.375
